
SAPA
1000

SAPA
0.0
12.0
3.0
6.0
36.0
3.0
93.0
3.0
6.0
42.0
372.0
63.0
24.0
39.0
69.0
6.0
25.0
12.0
6.0
39.0
3.0
256.0
3.0
123.0
21.0
0.0
3.0
387.0
48.0
45.0
3.0
39.0
3.0
3.0
9.0
0.0
0.0
0.0
117.0
45.0
6.0
18.0
6.0
9.0
747.0
27.0
3.0
3.0
135.0
0.0
48.0
36.0
0.0
0.0
9.0
6.0
51.0
3.0
0.0
0.0
450.0
0.0
3.0
6.0
3.0
36.0
3.0
12.0
3.0
21.0
3.0
9.0
6.0
6.0
345.0
75.0
12.0
3.0
0.0
6.0
18.0
28.0
213.0
15.0
3.0
3.0
0.0
6.0
39.0
54.0
78.0
3.0
36.0
60.0
0.0
0.0
12.0
90.0
147.0
57.0
3.0
3.0
39.0
33.0
54.0
106.0
3.0
15.0
45.0
12.0
93.0
318.0
3.0
30.0
30.0
3.0
273.0
6.0
3.0
9.0
6.0
12.0
84.0
33.0
3.0
6.0
6.0
3.0
12.0
3.0
108.0
96.0
15.0
210.0
15.0
12.0
54.0
453.0
24.0
0.0
0.0
141.0
21.0
0.0
42.0
3.0
15.0
0.0
3.0
18.0
3.0
6.0
0.0
258.0
3.0
42.0
3.0
42.0
33.0
42.0
9.0
36.0
0.0
48.0
0.0
3.0
6.0
3.0
6.0
0.0
60.0
0.0
24.0
9.0
15.0
102.0
3.0
57.0
3.0
420.0
15.0
57.0
42.0
3.0
6.0
39.0
3.0
0.0
0.0
472.0
54.0
12.0
357.0
24.0
63.0
0.0
30.0
6.0
9.0
18.0
6.0
3.0
45.0
15.0
75.0
42.0
228.0
63.0
261.0
51.0
3.0
2.0
36.0
0.0
3.0
33.0
54.0
6.0
3.0
69.0
18.0
0.0
135.0
3.0
0.0
0.0
0.0
60.0
3.0
0.0
48.0
76.0
9.0
3.0
6.0
630.0
18.0
110.0
18.0
76.0
132.0
42.0
3.0
30.0
459.0
3.0
105.0
18.0
3.0
3.0
24.0
3.0
198.0
39.0
12.0
3.0
3.0
375.0
261.0
63.0
30.0
78.0
3.0
3.0
3.0
3.0
0.0
45.0
115.0
12.0
6.0
3.0
3.0
3.0
6.0
3.0
228.0
0.0
12.0
3.0
51.0
6.0
12.0
21.0
24.0
60.0
112.0
3.0
12.0
15.0
216.0
9.0
39.0
0.0
9.0
3.0
96.0
216.0
108.0
6.0
21.0
9.0
3.0
3.0
9.0
6.0
3.0
3.0
3.0
0.0
3.0
60.0
3.0
0.0
3.0
108.0
15.0
144.0
33.0
51.0
6.0
69.0
18.0
0.0
3.0
30.0
60.0
39.0
15.0
9.0
108.0
3.0
0.0
15.0
36.0
57.0
36.0
9.0
21.0
42.0
39.0
9.0
6.0
18.0
9.0
52.0
3.0
0.0
36.0
15.0
81.0
39.0
9.0
15.0
3.0
3.0
0.0
0.0
6.0
81.0
132.0
33.0
36.0
66.0
63.0
6.0
20.0
3.0
3.0
48.0
0.0
39.0
42.0
3.0
15.0
6.0
3.0
3.0
3.0
12.0
6.0
75.0
273.0
3.0
0.0
0.0
45.0
3.0
3.0
0.0
111.0
177.0
18.0
3.0
15.0
0.0
6.0
3.0
534.0
0.0
105.0
3.0
6.0
15.0
6.0
3.0
519.0
6.0
51.0
3.0
345.0
6.0
0.0
3.0
33.0
48.0
159.0
6.0
0.0
39.0
6.0
18.0
0.0
369.0
42.0
39.0
3.0
27.0
180.0
6.0
3.0
6.0
24.0
3.0
3.0
96.0
6.0
3.0
0.0
3.0
120.0
3.0
33.0
27.0
30.0
108.0
3.0
435.0
15.0
0.0
15.0
33.0
6.0
3.0
12.0
63.0
0.0
18.0
12.0
0.0
90.0
9.0
54.0
3.0
0.0
57.0
12.0
39.0
3.0
3.0
0.0
27.0
12.0
9.0
9.0
27.0
0.0
105.0
33.0
21.0
3.0
108.0
9.0
3.0
117.0
3.0
33.0
114.0
3.0
465.0
81.0
159.0
9.0
66.0
69.0
6.0
57.0
3.0
15.0
264.0
69.0
3.0
6.0
30.0
48.0
42.0
15.0
21.0
6.0
12.0
138.0
24.0
120.0
51.0
30.0
3.0
36.0
21.0
3.0
3.0
6.0
90.0
363.0
24.0
27.0
9.0
69.0
224.0
48.0
21.0
18.0
66.0
69.0
21.0
15.0
66.0
114.0
12.0
3.0
207.0
60.0
48.0
12.0
114.0
69.0
21.0
21.0
21.0
9.0
6.0
36.0
3.0
3.0
12.0
120.0
3.0
3.0
44.0
3.0
24.0
324.0
36.0
6.0
6.0
12.0
3.0
33.0
3.0
42.0
27.0
3.0
51.0
42.0
3.0
9.0
6.0
15.0
3.0
87.0
12.0
24.0
384.0
36.0
24.0
192.0
18.0
12.0
9.0
9.0
107.0
39.0
48.0
21.0
3.0
18.0
6.0
45.0
0.0
9.0
3.0
12.0
24.0
168.0
9.0
93.0
73.0
12.0
3.0
3.0
201.0
9.0
3.0
30.0
15.0
48.0
0.0
6.0
0.0
3.0
70.0
72.0
21.0
45.0
9.0
63.0
126.0
192.0
3.0
15.0
27.0
6.0
12.0
3.0
3.0
18.0
3.0
6.0
0.0
321.0
0.0
3.0
3.0
51.0
189.0
18.0
3.0
3.0
3.0
3.0
48.0
24.0
62.0
75.0
18.0
58.0
3.0
54.0
12.0
3.0
36.0
45.0
0.0
81.0
3.0
18.0
0.0
102.0
78.0
54.0
3.0
98.0
0.0
0.0
36.0
0.0
39.0
3.0
3.0
3.0
18.0
3.0
54.0
3.0
0.0
42.0
3.0
60.0
1.0
3.0
3.0
3.0
12.0
3.0
126.0
6.0
15.0
0.0
0.0
132.0
12.0
92.0
9.0
24.0
9.0
3.0
3.0
6.0
51.0
3.0
18.0
0.0
0.0
12.0
3.0
9.0
0.0
9.0
3.0
3.0
24.0
9.0
6.0
18.0
90.0
3.0
0.0
36.0
0.0
3.0
18.0
15.0
0.0
78.0
99.0
0.0
3.0
18.0
12.0
36.0
0.0
3.0
312.0
447.0
87.0
9.0
36.0
3.0
33.0
27.0
9.0
15.0
0.0
9.0
108.0
24.0
6.0
3.0
24.0
18.0
84.0
12.0
3.0
12.0
342.0
213.0
33.0
6.0
3.0
3.0
24.0
0.0
0.0
3.0
36.0
141.0
3.0
0.0
66.0
306.0
0.0
123.0
111.0
84.0
39.0
105.0
81.0
3.0
3.0
3.0
6.0
0.0
402.0
0.0
3.0
15.0
180.0
12.0
3.0
3.0
0.0
63.0
96.0
18.0
51.0
21.0
6.0
3.0
42.0
43.0
3.0
0.0
0.0
48.0
60.0
39.0
9.0
36.0
18.0
3.0
3.0
3.0
12.0
339.0
57.0
135.0
30.0
3.0
3.0
114.0
3.0
33.0
0.0
12.0
3.0
27.0
3.0
3.0
24.0
15.0
27.0
84.0
162.0
273.0
27.0
63.0
0.0
42.0
483.0
3.0
3.0
0.0
129.0
6.0
3.0
270.0
26.0
12.0
303.0
81.0
18.0
0.0
45.0
0.0
0.0
468.0
63.0
3.0
18.0
423.0
21.0
3.0
172.0
6.0
6.0
12.0
9.0
24.0
0.0
0.0
72.0
12.0
3.0
0.0
9.0
30.0
258.0
3.0
21.0
3.0
45.0
21.0
147.0
9.0
0.0
81.0
18.0
12.0
60.0
0.0
66.0
3.0
6.0
36.0
33.0
12.0
6.0
41.0
12.0
15.0
36.0
9.0
26.0
45.0
15.0
96.0
96.0
0.0
9.0
15.0
339.0
3.0
81.0
3.0
12.0
3.0
3.0
9.0
9.0
339.0
459.0
36.0
3.0
3.0
0.0
147.0
3.0
9.0
42.0
9.0
3.0
261.0
6.0
60.0
0.0
234.0
3.0
12.0
33.0
3.0
6.0
6.0
21.0
6.0
0.0
15.0
84.0
261.0
3.0
126.0
66.0
54.0
33.0
58.0
6.0
15.0
21.0
0.0
9.0
213.0
33.0
84.0
21.0
0.0
72.0
6.0
429.0
12.0
6.0
15.0
54.0
15.0
18.0
0.0
15.0
198.0
6.0
3.0
132.0
0.0
354.0
81.0
18.0
144.0
0.0
0.0
0.0
3.0
0.0
24.0
18.0

PA
0.0
7.0
1.0
3.0
8.0
1.0
14.0
1.0
4.0
10.0
6.0
21.0
10.0
14.0
24.0
3.0
10.0
6.0
6.0
8.0
3.0
28.0
1.0
38.0
6.0
0.0
3.0
29.0
11.0
4.0
3.0
9.0
3.0
1.0
6.0
0.0
0.0
0.0
29.0
17.0
3.0
8.0
4.0
6.0
23.0
8.0
3.0
1.0
19.0
0.0
14.0
17.0
0.0
0.0
5.0
3.0
9.0
3.0
0.0
0.0
35.0
0.0
3.0
3.0
3.0
8.0
2.0
3.0
1.0
11.0
1.0
4.0
4.0
5.0
23.0
16.0
7.0
2.0
0.0
4.0
7.0
12.0
36.0
4.0
1.0
1.0
0.0
2.0
15.0
18.0
3.0
1.0
7.0
13.0
0.0
0.0
8.0
14.0
6.0
20.0
3.0
1.0
12.0
10.0
21.0
21.0
3.0
8.0
15.0
5.0
6.0
12.0
1.0
10.0
11.0
2.0
24.0
5.0
2.0
4.0
5.0
6.0
15.0
8.0
3.0
4.0
5.0
1.0
5.0
2.0
14.0
27.0
8.0
34.0
5.0
4.0
13.0
22.0
6.0
0.0
0.0
17.0
6.0
0.0
11.0
3.0
10.0
0.0
2.0
8.0
1.0
3.0
0.0
22.0
2.0
11.0
3.0
17.0
8.0
15.0
5.0
23.0
0.0
13.0
0.0
2.0
5.0
3.0
3.0
0.0
17.0
0.0
10.0
10.0
10.0
27.0
2.0
18.0
1.0
11.0
5.0
9.0
23.0
2.0
3.0
11.0
3.0
0.0
0.0
22.0
7.0
7.0
11.0
9.0
14.0
0.0
13.0
5.0
7.0
11.0
5.0
2.0
10.0
6.0
20.0
4.0
32.0
16.0
43.0
21.0
3.0
1.0
11.0
0.0
2.0
9.0
16.0
3.0
2.0
17.0
4.0
0.0
30.0
2.0
0.0
0.0
0.0
17.0
2.0
0.0
17.0
19.0
6.0
2.0
6.0
19.0
9.0
17.0
5.0
7.0
30.0
13.0
2.0
12.0
34.0
4.0
17.0
7.0
1.0
2.0
10.0
3.0
42.0
16.0
5.0
1.0
3.0
24.0
6.0
15.0
14.0
18.0
3.0
3.0
2.0
3.0
0.0
17.0
28.0
3.0
6.0
1.0
2.0
2.0
5.0
1.0
19.0
0.0
6.0
2.0
17.0
5.0
8.0
5.0
31.0
19.0
23.0
1.0
6.0
6.0
26.0
10.0
11.0
0.0
4.0
2.0
25.0
8.0
11.0
6.0
9.0
4.0
1.0
2.0
5.0
5.0
1.0
1.0
3.0
0.0
2.0
15.0
1.0
0.0
3.0
22.0
10.0
15.0
14.0
29.0
2.0
15.0
8.0
0.0
1.0
11.0
14.0
19.0
9.0
4.0
17.0
3.0
0.0
8.0
13.0
15.0
11.0
6.0
4.0
4.0
5.0
4.0
2.0
6.0
6.0
21.0
3.0
0.0
14.0
7.0
23.0
12.0
3.0
6.0
1.0
1.0
0.0
0.0
5.0
15.0
36.0
11.0
9.0
12.0
9.0
3.0
7.0
1.0
1.0
14.0
0.0
10.0
19.0
3.0
5.0
4.0
1.0
3.0
1.0
6.0
5.0
15.0
24.0
3.0
0.0
0.0
14.0
1.0
3.0
0.0
30.0
32.0
5.0
2.0
8.0
0.0
4.0
2.0
8.0
0.0
19.0
2.0
3.0
6.0
6.0
2.0
37.0
4.0
13.0
2.0
34.0
3.0
0.0
3.0
7.0
19.0
18.0
4.0
0.0
16.0
6.0
6.0
0.0
19.0
8.0
13.0
1.0
10.0
25.0
6.0
3.0
5.0
8.0
3.0
3.0
29.0
3.0
3.0
0.0
3.0
16.0
1.0
14.0
20.0
9.0
20.0
2.0
38.0
4.0
0.0
6.0
17.0
3.0
2.0
5.0
18.0
0.0
8.0
6.0
0.0
17.0
6.0
12.0
1.0
0.0
15.0
7.0
6.0
2.0
2.0
0.0
12.0
7.0
2.0
3.0
14.0
0.0
13.0
16.0
9.0
2.0
27.0
6.0
2.0
18.0
1.0
17.0
33.0
2.0
27.0
22.0
6.0
7.0
25.0
24.0
5.0
14.0
1.0
11.0
18.0
14.0
1.0
5.0
13.0
21.0
15.0
9.0
13.0
4.0
8.0
23.0
7.0
25.0
15.0
12.0
3.0
15.0
9.0
1.0
3.0
3.0
17.0
35.0
10.0
8.0
6.0
10.0
13.0
16.0
8.0
10.0
8.0
22.0
10.0
9.0
17.0
19.0
5.0
1.0
11.0
16.0
11.0
4.0
21.0
21.0
9.0
7.0
7.0
5.0
3.0
6.0
2.0
3.0
7.0
40.0
3.0
3.0
9.0
1.0
13.0
26.0
13.0
4.0
6.0
9.0
2.0
13.0
1.0
9.0
8.0
3.0
15.0
12.0
3.0
5.0
5.0
6.0
1.0
18.0
5.0
12.0
15.0
13.0
12.0
32.0
8.0
7.0
6.0
8.0
26.0
16.0
13.0
5.0
3.0
9.0
6.0
11.0
0.0
4.0
2.0
7.0
6.0
45.0
5.0
23.0
17.0
4.0
2.0
3.0
45.0
4.0
1.0
10.0
8.0
15.0
0.0
6.0
0.0
3.0
24.0
24.0
12.0
16.0
4.0
26.0
21.0
36.0
3.0
8.0
12.0
5.0
10.0
3.0
3.0
5.0
2.0
5.0
0.0
20.0
0.0
1.0
2.0
22.0
39.0
10.0
2.0
3.0
2.0
2.0
8.0
11.0
10.0
13.0
7.0
18.0
1.0
18.0
7.0
1.0
13.0
19.0
0.0
21.0
1.0
11.0
0.0
30.0
14.0
19.0
3.0
12.0
0.0
0.0
12.0
0.0
9.0
2.0
2.0
3.0
8.0
3.0
16.0
2.0
0.0
9.0
1.0
16.0
1.0
1.0
3.0
1.0
7.0
2.0
19.0
5.0
9.0
0.0
0.0
34.0
4.0
26.0
7.0
8.0
7.0
3.0
2.0
3.0
14.0
1.0
11.0
0.0
0.0
8.0
3.0
5.0
0.0
5.0
3.0
3.0
18.0
8.0
5.0
10.0
25.0
3.0
0.0
18.0
0.0
1.0
5.0
7.0
0.0
19.0
17.0
0.0
2.0
4.0
5.0
14.0
0.0
3.0
12.0
22.0
19.0
6.0
8.0
1.0
15.0
9.0
4.0
7.0
0.0
4.0
25.0
10.0
5.0
3.0
9.0
8.0
17.0
6.0
1.0
4.0
7.0
33.0
15.0
5.0
2.0
2.0
10.0
0.0
0.0
1.0
16.0
13.0
1.0
0.0
9.0
20.0
0.0
20.0
33.0
13.0
18.0
19.0
17.0
2.0
3.0
1.0
5.0
0.0
35.0
0.0
2.0
8.0
20.0
4.0
2.0
3.0
0.0
23.0
20.0
5.0
14.0
11.0
5.0
2.0
7.0
9.0
1.0
0.0
0.0
19.0
15.0
6.0
7.0
17.0
4.0
1.0
1.0
1.0
4.0
7.0
14.0
26.0
7.0
3.0
2.0
17.0
2.0
11.0
0.0
7.0
2.0
9.0
3.0
2.0
6.0
7.0
15.0
23.0
15.0
35.0
14.0
22.0
0.0
11.0
18.0
3.0
3.0
0.0
16.0
5.0
2.0
16.0
9.0
5.0
14.0
27.0
14.0
0.0
13.0
0.0
0.0
56.0
23.0
2.0
5.0
10.0
4.0
2.0
43.0
6.0
4.0
5.0
5.0
10.0
0.0
0.0
14.0
6.0
2.0
0.0
5.0
19.0
10.0
1.0
5.0
2.0
10.0
14.0
14.0
5.0
0.0
23.0
8.0
4.0
13.0
0.0
17.0
2.0
6.0
9.0
18.0
4.0
4.0
15.0
10.0
10.0
19.0
5.0
5.0
3.0
4.0
10.0
33.0
0.0
2.0
9.0
46.0
2.0
33.0
1.0
3.0
1.0
1.0
4.0
4.0
12.0
16.0
11.0
3.0
2.0
0.0
30.0
2.0
6.0
11.0
4.0
1.0
52.0
6.0
16.0
0.0
9.0
2.0
2.0
15.0
2.0
6.0
2.0
7.0
4.0
0.0
8.0
13.0
14.0
2.0
19.0
18.0
10.0
11.0
13.0
3.0
6.0
9.0
0.0
5.0
35.0
19.0
18.0
7.0
0.0
26.0
4.0
36.0
6.0
4.0
6.0
11.0
9.0
8.0
0.0
10.0
19.0
7.0
2.0
33.0
0.0
27.0
36.0
4.0
19.0
0.0
0.0
0.0
3.0
0.0
7.0
11.0

IGD
0.0
0.026576805859804153
0.005375641863793135
0.01094161905348301
0.024658236652612686
0.0020614347886294127
0.06723537296056747
0.002061461564153433
0.019282590597867966
0.024119090288877487
0.02407146617770195
0.057229336351156235
0.019393622875213623
0.12988916039466858
0.054707951843738556
0.011290423572063446
0.028572434559464455
0.0325235091149807
0.03388721123337746
0.030906042084097862
0.030969485640525818
0.046179354190826416
0.0037264947313815355
0.10363896191120148
0.035520561039447784
0.0
0.009926727041602135
0.0344417504966259
0.036487799137830734
0.0244679506868124
0.018204286694526672
0.04562172293663025
0.012590761296451092
1000
0.029827764257788658
0.0
0.0
0.0
0.3065418004989624
1000
0.013288510031998158
0.022707795724272728
0.029669178649783134
0.03331638500094414
0.11801422387361526
0.03909989818930626
0.013558081351220608
0.00337763549759984
0.06201829016208649
0.0
0.06100264936685562
0.07863391935825348
0.0
0.0
0.0389140322804451
0.04362369701266289
0.026069337502121925
0.00982988066971302
0.0
0.0
0.12906579673290253
0.0
0.015349779278039932
0.016269484534859657
0.008436129428446293
0.027766302227973938
0.007199269253760576
0.03047514706850052
0.004947477951645851
0.02722332626581192
0.00800799485296011
0.011353880167007446
0.030953628942370415
0.022390635684132576
0.03074747696518898
0.09040302038192749
0.029526473954319954
0.0033300563227385283
0.0
0.056765660643577576
0.06344545632600784
0.07233960181474686
1000
0.07188156247138977
0.0047254422679543495
0.0027433237992227077
0.0
0.024658244103193283
0.10503990948200226
0.03977033123373985
0.01880686730146408
0.0009355980437248945
0.04863441362977028
0.046858012676239014
0.0
0.0
0.016380682587623596
0.02906658686697483
0.027409628033638
0.06052771210670471
0.006342973094433546
0.003837509313598275
0.04982834309339523
0.020851746201515198
1000
1000
0.013684723526239395
0.03869204223155975
0.06899457424879074
0.04279880225658417
0.0412767194211483
0.10631608963012695
0.0005543589359149337
0.03869205713272095
0.047207482159137726
0.006802804302424192
0.043211422860622406
0.01311388611793518
0.009132929146289825
0.02538766898214817
0.0476197674870491
0.04630358889698982
0.04298938810825348
0.05905294418334961
0.02992290072143078
0.013668949715793133
0.02752843126654625
0.005232935305684805
0.015968400985002518
0.011306321248412132
0.02946304716169834
0.1156097799539566
0.028400521725416183
0.08738677948713303
0.02683069556951523
0.041308511048555374
0.028463946655392647
0.15225282311439514
0.018997175619006157
0.0
0.0
0.05353351682424545
0.026353400200605392
0.0
0.043021105229854584
0.014953531324863434
0.023246847093105316
0.0
0.00822992343455553
0.03360183537006378
0.00031604585819877684
0.023816097527742386
0.0
0.07917596399784088
0.008895998820662498
0.03154034540057182
0.012939640320837498
0.09243274480104446
0.02369094081223011
0.042608827352523804
0.050775378942489624
1.0213927030563354
0.0
0.0358852818608284
0.0
0.0070724086835980415
0.018505599349737167
0.009419290348887444
0.011100157164037228
0.0
1.033964991569519
0.0
0.04146705940365791
0.045429814606904984
0.04170290008187294
0.04546310752630234
0.012083311565220356
0.05887851119041443
0.0005537424003705382
0.017585856840014458
0.02913002297282219
1000
0.09381324052810669
0.010640322230756283
0.015429221093654633
0.033601753413677216
0.026608655229210854
0.0
0.0
0.05140933021903038
0.07935497164726257
0.014208204112946987
0.037788160145282745
0.033506669104099274
0.03215879946947098
0.0
0.05754594877362251
0.04091206565499306
0.0634065568447113
0.055342305451631546
1000
0.006739390082657337
0.06249399483203888
0.07990539819002151
0.06360404193401337
0.023357925936579704
0.05507274344563484
1000
0.10020287334918976
0.05531059578061104
0.004725488368421793
0.00011098927643615752
0.03008149191737175
0.0
0.01638069748878479
0.022735264152288437
0.09278331696987152
0.011734413914382458
0.033151429146528244
0.038660332560539246
0.020503606647253036
0.0
0.16539046168327332
0.007896979339420795
0.0
0.0
0.0
0.03556814789772034
0.010878018103539944
0.0
1000
0.10098292678594589
0.027369827032089233
0.003314201021566987
0.05164754390716553
0.050664376467466354
0.05448600649833679
0.043020375072956085
0.01778971590101719
0.02923477068543434
1000
0.03896161913871765
0.006216088775545359
0.04676346853375435
0.04826989769935608
0.009910864755511284
0.07205592095851898
0.031397655606269836
0.0014271559193730354
0.004281510598957539
0.05301128700375557
0.017522407695651054
0.749531090259552
0.07790740579366684
0.025784121826291084
0.002267601899802685
0.008197846822440624
0.04712652415037155
0.015365825034677982
0.06522077322006226
0.06631563603878021
0.047683168202638626
1000
0.020915910601615906
0.010418303310871124
0.02627567946910858
0.0
0.057308610528707504
0.05450182035565376
0.011036726646125317
0.03612314909696579
0.002489594044163823
0.0072150989435613155
0.002822606824338436
0.03407752141356468
0.003012904431670904
0.038129743188619614
0.0
0.020915890112519264
0.011718160472810268
0.04377063363790512
0.016523417085409164
0.01638067327439785
0.033093035221099854
0.020234016701579094
0.048872210085392
0.056136295199394226
0.0006501442403532565
0.0609399639070034
0.03260280564427376
1000
0.03984962776303291
0.02403961308300495
0.0
0.016063101589679718
0.009450986050069332
0.0673937201499939
0.11410924792289734
0.03225395083427429
0.019171588122844696
0.03978566825389862
0.008594704791903496
0.005280512385070324
0.010434144176542759
0.01676126942038536
0.02586309239268303
0.0015064486069604754
0.0003010662039741874
0.006105097942054272
0.0
0.0032666067127138376
0.04127674922347069
0.003028781386092305
0.0
0.006564978510141373
0.058846790343523026
0.021677039563655853
0.04454341530799866
1000
0.03350667655467987
0.023088358342647552
1000
0.06809018552303314
0.0
0.00586722232401371
0.06078139692544937
0.04474957287311554
1000
0.02725885808467865
0.008515434339642525
0.04907863587141037
0.019233331084251404
0.0
0.02383365109562874
0.029859475791454315
0.0310170017182827
0.041863519698381424
0.03548887372016907
0.009165564551949501
0.055056869983673096
0.019187435507774353
0.017062561586499214
0.010418305173516273
0.027940720319747925
0.02338963747024536
1000
0.017871268093585968
0.0
0.03607524186372757
0.019203215837478638
0.07153892517089844
0.042259953916072845
0.012162602506577969
0.07954106479883194
0.0006966363289393485
0.006057288032025099
0.0
0.0
0.034014128148555756
0.03461670130491257
0.10766682028770447
0.029494740068912506
0.06128883361816406
0.051647529006004333
0.11228133738040924
0.01905856654047966
0.04663654789328575
0.004965066909790039
0.0048048002645373344
0.04459099844098091
0.0
0.07955653965473175
0.055107805877923965
0.010402459651231766
0.0532807782292366
0.024150818586349487
0.0019187412690371275
0.01772855408489704
0.004249777179211378
0.012273639440536499
0.010783035308122635
0.024229684844613075
0.03253937140107155
0.012352927587926388
0.0
0.0
0.03236495703458786
0.0015223072841763496
0.02445211075246334
0.0
0.07573430985212326
0.19667893648147583
0.01703082211315632
0.013557826168835163
0.03198421373963356
0.0
0.012083332054316998
0.008023835718631744
0.022898076102137566
0.0
0.04146591201424599
0.002790896687656641
0.013684049248695374
0.011528324335813522
0.04295768961310387
0.004566938150674105
0.09393543004989624
0.03263452276587486
0.05632515251636505
0.003488608868792653
0.10378815233707428
0.028099188581109047
0.0
0.014382649213075638
0.01896301656961441
0.06978880614042282
0.04010334983468056
0.03227967396378517
0.0
0.047350190579891205
0.017712699249386787
0.021962476894259453
0.0
0.040261540561914444
0.039453208446502686
1000
0.005819681100547314
0.023738548159599304
0.04059493914246559
0.03507404401898384
0.006247838493436575
0.03417196124792099
0.023928815498948097
0.011655193753540516
0.010973329655826092
0.07158029079437256
0.009673039428889751
0.018727585673332214
0.0
0.018267346546053886
0.10533051192760468
0.002235888736322522
0.0827319398522377
0.024499474093317986
0.05540573224425316
0.04351266846060753
1000
0.0419745035469532
0.01661856658756733
0.0
0.021264631301164627
0.08014305680990219
0.01290791854262352
0.007516407873481512
0.03456910699605942
0.04871376231312752
0.0
1000
0.01994750089943409
0.0
1.005577564239502
0.015381671488285065
0.04532019421458244
0.002188312355428934
0.0
0.04681103304028511
0.021153617650270462
0.044194545596838
0.016395891085267067
0.0152865219861269
0.0
0.06296619027853012
0.046397965401411057
0.007373679894953966
0.020297043025493622
0.035916998982429504
0.0
0.02568897418677807
0.03141351789236069
0.03439471498131752
0.007595698349177837
0.04533630236983299
0.12739375233650208
0.012574899941682816
1000
0.005454933270812035
0.05990920215845108
0.049233194440603256
0.013859359547495842
0.04038878530263901
1.2423993349075317
0.021074119955301285
0.0669974759221077
0.10230749100446701
1000
0.022675806656479836
0.040325362235307693
0.000759876798838377
0.039659284055233
0.034648388624191284
0.04321141541004181
0.000634294468909502
0.012305335141718388
0.034125104546546936
0.07210347056388855
0.04974464327096939
0.03347497805953026
0.048285119235515594
0.02347411774098873
0.028289593756198883
1000
0.023246971890330315
0.07966756075620651
0.044686123728752136
1000
0.012812749482691288
0.03892989829182625
0.03665913641452789
0.011766180396080017
0.032597195357084274
0.011893033050000668
0.10574464499950409
0.04156223312020302
0.021851498633623123
0.023897087201476097
0.020820772275328636
0.02827374078333378
0.045969609171152115
0.059401802718639374
0.022247914224863052
0.052994176745414734
0.0312548503279686
0.04370298236608505
0.03234909847378731
0.03420417383313179
0.047508757561445236
0.0642383024096489
0.015270664356648922
0.0006644900422543287
0.026639070361852646
0.09940075129270554
0.03501313924789429
0.018156664445996284
1000
1000
0.03440975397825241
0.045700881630182266
0.02557799220085144
0.03244424983859062
0.01366906613111496
0.019710751250386238
0.009038720279932022
0.01925089955329895
0.022152794525027275
0.1946072280406952
0.023024944588541985
0.004915802739560604
0.04506107419729233
0.0011575758690014482
0.09897737950086594
0.06550627946853638
0.07411748170852661
0.005803809966892004
0.023976389318704605
0.046763475984334946
0.01904401369392872
0.0417366623878479
0.0032349047251045704
0.038691092282533646
0.04008728265762329
0.014985231682658195
0.04712808504700661
0.03851762041449547
0.006231964100152254
0.0338851660490036
0.010291465558111668
0.07647763192653656
0.00635880883783102
0.08480522036552429
0.016015982255339622
0.01942530833184719
0.03054136224091053
0.06304045021533966
0.0436871238052845
0.1076187714934349
0.08282318711280823
0.021978339180350304
0.016333092004060745
0.03529854863882065
0.09132345020771027
0.03429955244064331
0.027955209836363792
0.04536803066730499
0.008356849662959576
0.03575835004448891
0.030921896919608116
0.10821087658405304
0.0
0.007912814617156982
0.0033776196651160717
0.020995141938328743
0.01964731514453888
0.0545494370162487
0.03647201135754585
0.6601447463035583
0.05017857998609543
0.026909980922937393
0.004836508072912693
0.00791283417493105
0.09397362172603607
0.017395546659827232
0.01450752280652523
0.02589505724608898
0.026656316593289375
1000
0.0
0.02741563320159912
0.0
0.013240852393209934
0.05064469203352928
0.06901134550571442
0.022913919761776924
0.04260881990194321
0.015460949391126633
0.06361986696720123
0.0599704273045063
0.09502183645963669
0.019694887101650238
0.02781389281153679
0.034537140280008316
0.01820429600775242
1000
0.011385614052414894
0.027005119249224663
0.02109033800661564
0.003044659970328212
0.03551936522126198
0.0
0.03942093253135681
0.0
0.008087272755801678
0.003789906157180667
0.03502896428108215
0.13855959475040436
0.05120353400707245
0.01909085363149643
0.014826670289039612
0.0071992394514381886
0.009118016809225082
1000
0.027433285489678383
0.035345710813999176
0.05372484773397446
0.0219307541847229
0.077834352850914
0.0018235996831208467
1000
0.02332499250769615
0.004931660834699869
0.09415461868047714
0.05933837965130806
0.0
0.08233959972858429
0.005280518438667059
0.020836252719163895
0.0
0.08134090155363083
0.026434291154146194
0.057783305644989014
0.01975831761956215
0.03322116658091545
0.0
0.0
0.03813701868057251
0.0
0.026132989674806595
0.008991126902401447
0.005803809501230717
0.005073462147265673
0.026259273290634155
0.017395002767443657
0.03732831031084061
0.01308197621256113
0.0
0.02536967396736145
0.00025350128998979926
0.03851761296391487
0.00034689248423092067
0.005280527286231518
0.006501523312181234
0.0068503739312291145
0.043322399258613586
0.010685797780752182
0.07878962904214859
0.02843230962753296
0.038993336260318756
0.0
0.0
0.06850390881299973
0.017918867990374565
0.10970601439476013
0.016253825277090073
0.038247983902692795
0.027195433154702187
0.01942531391978264
0.007024833001196384
0.019821714609861374
0.04931649565696716
0.00102857849560678
0.061114393174648285
0.0
0.0
0.05215497314929962
0.010450019501149654
0.028987284749746323
0.0
0.02822614274919033
0.015112059190869331
0.028400588780641556
0.06141569837927818
0.025435272604227066
0.025514526292681694
0.045701008290052414
1000
0.02989118918776512
0.0
0.05126507952809334
0.0
0.0036313431337475777
0.013399504125118256
0.023532377555966377
0.0
0.05726104974746704
0.035742536187171936
0.0
0.010687844827771187
0.017823707312345505
0.040705930441617966
0.05584961548447609
0.0
0.03433120250701904
0.053502779453992844
0.03521927073597908
0.0598457008600235
0.01485837996006012
0.024705825373530388
0.0011417410569265485
0.0378357395529747
0.037835750728845596
1000
0.037788160145282745
0.0
0.019885163754224777
0.11700692027807236
0.032412510365247726
0.03030349686741829
0.009086291305720806
0.035869430750608444
0.07881128042936325
0.11996407806873322
0.02051941491663456
0.003044604789465666
0.012796931900084019
0.032010093331336975
0.08660782128572464
0.0954948365688324
0.04140365868806839
0.007085995748639107
0.016190407797694206
0.03655131161212921
0.0
0.0
0.0006638228078372777
0.03509242460131645
0.02131233550608158
0.0022200357634574175
0.0
0.025403544306755066
0.019441165030002594
0.0
0.05816495046019554
1000
0.03940563276410103
0.040658362209796906
0.06530076265335083
0.02264435775578022
0.005184552166610956
0.020836278796195984
0.00012681668158620596
0.03250765800476074
0.0
0.07403816282749176
0.0
0.0025213030166924
0.011163593269884586
0.0889439582824707
0.01209916453808546
0.010450011119246483
0.023643381893634796
0.0
0.03818457946181297
0.05846378207206726
0.02583170123398304
0.05746690556406975
0.03057304583489895
0.01887029968202114
0.007643269374966621
0.022739509120583534
0.09048512578010559
0.006089251954108477
0.0
0.0
0.03395071253180504
0.048682212829589844
0.022786913439631462
0.0675932914018631
0.06365158408880234
0.023357931524515152
0.001680887769907713
0.003044620156288147
0.007976280525326729
0.019583892077207565
0.04018263891339302
0.04487641900777817
1000
0.048824917525053024
0.03651957958936691
0.005217069759964943
1.867438793182373
0.007754277437925339
0.04465443268418312
0.0
0.04084865003824234
0.009704708121716976
0.03678915649652481
0.009419296868145466
0.007500536274164915
0.02762356586754322
0.025641411542892456
0.1051088199019432
0.10767845064401627
0.0317465178668499
0.09440414607524872
0.050949785858392715
0.09760165959596634
0.0
0.03804189711809158
0.03233322128653526
0.019060583785176277
0.030810914933681488
0.0
0.04352855309844017
0.0508999265730381
0.007262674160301685
0.022311346605420113
0.04828402400016785
0.02316734939813614
0.026418406516313553
0.07265859842300415
0.0231042318046093
0.0
0.025958556681871414
0.0
0.0
0.07771707326173782
0.0733245313167572
0.012796915136277676
0.02129647508263588
0.03257106989622116
0.011956124566495419
0.006105032749474049
1000
0.0316033773124218
0.03028762899339199
0.023024946451187134
0.05232936143875122
0.04909449815750122
0.0
0.0
0.049776341766119
0.05239284411072731
0.012559047900140285
0.0
0.03115169331431389
0.041606757789850235
0.014842511154711246
0.0026006042025983334
0.017157718539237976
0.003986841067671776
0.02058292180299759
0.017506571486592293
0.061589837074279785
0.03577413409948349
0.0
0.09848680347204208
0.0247687678784132
0.0161745548248291
0.04308450594544411
0.0
0.03431491181254387
0.0037740631960332394
0.02678314782679081
0.0405949167907238
1000
0.030240057036280632
0.01787118799984455
0.07793855667114258
0.03623414784669876
0.030588921159505844
0.07078739255666733
0.010989154689013958
0.030222952365875244
0.012082884088158607
0.012448057532310486
0.0210889782756567
1000
0.0
0.019615616649389267
0.031112171709537506
1000
0.008166125975549221
0.07992130517959595
0.000775072374381125
0.012194322422146797
0.0004594155470840633
0.005897582042962313
0.020091328769922256
0.026196438819169998
0.04213307797908783
0.03272968530654907
0.03282480686903
0.0203133225440979
0.013462909497320652
0.0
1000
0.010798894800245762
0.027449140325188637
1000
0.011480742134153843
0.0036789036821573973
0.7677426338195801
0.017268691211938858
0.08015769720077515
0.0
0.013193359598517418
0.010132829658687115
0.011480764485895634
1000
0.003758195089176297
0.024927819147706032
0.020313333719968796
0.04298938065767288
0.008848441764712334
0.0
0.02816273830831051
0.03950076177716255
0.022850485518574715
0.01378005463629961
0.05543738603591919
0.04912621155381203
0.04706064611673355
0.05088638886809349
0.0592949353158474
0.013558070175349712
0.029891202226281166
0.018917851150035858
0.0
0.02303977869451046
0.08837327361106873
0.05840248987078667
0.043112143874168396
0.031175630167126656
0.0
0.07205601781606674
0.019013013690710068
0.07052146643400192
0.024705804884433746
0.024103252217173576
0.01257491484284401
0.022850515320897102
0.047286756336688995
0.025403551757335663
0.0
0.03548885136842728
0.044882893562316895
0.04581201821565628
0.016222115606069565
0.06415904313325882
0.0
0.018331166356801987
1000
0.013811765238642693
0.05913201719522476
0.0
0.0
0.0
0.022279657423496246
0.0
0.03506067767739296
0.05881509184837341

AGNA
0.0
0.8513985872268677
0.15782317519187927
0.1841190606355667
0.6176673769950867
0.5131561160087585
2.820319890975952
0.9391756653785706
0.6611320972442627
1.7654120922088623
0.46681055426597595
5.213344573974609
3.0657687187194824
1.0342893600463867
5.748615264892578
1.8259294033050537
5.152444362640381
1.1659821271896362
0.7175913453102112
3.163870334625244
0.5298634171485901
2.2091691493988037
0.5147172808647156
6.445392608642578
0.38522452116012573
0.0
0.31505611538887024
0.6292030811309814
1.9680551290512085
4.06055212020874
0.37735050916671753
3.0006768703460693
0.9660682678222656
0.024915311485528946
3.216313362121582
0.0
0.0
0.0
5.365239143371582
5.061047554016113
0.35837697982788086
0.7779973745346069
4.570111274719238
0.5317962169647217
10.653250694274902
5.511709690093994
0.3811189532279968
0.09718148410320282
1.558936595916748
0.0
1.056685209274292
1.8044599294662476
0.0
0.0
4.856344699859619
0.7215543389320374
0.6367993950843811
0.1909724622964859
0.0
0.0
5.297455787658691
0.0
0.30383992195129395
0.21192441880702972
0.2422110140323639
0.8152972459793091
0.23417428135871887
0.5416512489318848
0.21038274466991425
0.5436762571334839
0.2529038190841675
0.4330666661262512
4.24323844909668
5.878647327423096
0.6795873641967773
1.3892616033554077
2.291344404220581
0.3614994287490845
0.0
2.8002474308013916
0.7213394641876221
2.812901258468628
5.511397361755371
0.5374136567115784
0.12690886855125427
0.22662535309791565
0.0
0.3657818138599396
4.8446455001831055
1.9411611557006836
0.6344544887542725
0.02645731344819069
3.7665164470672607
0.9802226424217224
0.0
0.0
0.8600720167160034
0.2610948383808136
4.7549147605896
3.6331703662872314
0.3162526786327362
0.20978911221027374
1.741247296333313
1.1704564094543457
5.166234970092773
5.325976371765137
0.3099413216114044
0.9389600157737732
1.2886656522750854
0.5575700402259827
0.5191457271575928
1.2293308973312378
0.025021683424711227
0.5741099715232849
3.6355786323547363
0.7808362245559692
1.1630922555923462
0.6253655552864075
0.10217317938804626
1.1363790035247803
0.5860323905944824
0.3061402440071106
4.982673168182373
4.547787189483643
0.6051734685897827
0.17691361904144287
1.4067788124084473
0.18569158017635345
4.664756774902344
0.23310624063014984
0.9208080172538757
4.612002849578857
3.637637138366699
5.722603797912598
1.2479511499404907
0.5103444457054138
1.9910985231399536
3.669450521469116
0.7715386748313904
0.0
0.0
5.012445449829102
0.44822072982788086
0.0
4.95338773727417
0.48993486166000366
0.6191943883895874
0.0
0.24702401459217072
0.43855470418930054
0.025052927434444427
0.6408987045288086
0.0
2.718467950820923
1.2330578565597534
4.8694000244140625
0.4415055811405182
0.6276111006736755
0.4531203806400299
5.232619285583496
0.4166675806045532
3.39800763130188
0.0
1.0746219158172607
0.0
0.19631746411323547
0.5782099962234497
0.6163246631622314
0.23807121813297272
0.0
2.6142399311065674
0.0
0.8589034080505371
0.790428638458252
4.241271495819092
2.9260411262512207
0.22032617032527924
1.2679508924484253
0.05206559970974922
3.6461477279663086
0.608479380607605
5.56986665725708
2.8552956581115723
0.3586040139198303
0.22603259980678558
4.054052352905273
0.5664416551589966
0.0
0.0
9.285368919372559
4.024492263793945
0.9418526291847229
0.6800419092178345
3.6890904903411865
0.9945374131202698
0.0
0.9590185880661011
0.7267940640449524
2.973874568939209
0.9842981100082397
0.828304648399353
0.15356644988059998
3.852609157562256
0.735681414604187
1.9654453992843628
14.199906349182129
0.8564252853393555
3.6721620559692383
1.4542133808135986
2.1199655532836914
0.14463432133197784
0.004527839366346598
0.6129757165908813
0.0
0.322414755821228
0.34025779366493225
2.8973007202148438
0.40740689635276794
0.49612244963645935
2.6996474266052246
0.6258576512336731
0.0
6.810215473175049
0.15104611217975616
0.0
0.0
0.0
0.9110812544822693
0.427644282579422
0.0
6.517124652862549
5.672995567321777
7.440566062927246
0.10739041864871979
0.5686677694320679
5.662097454071045
0.9565609693527222
0.4462922215461731
0.6666378378868103
4.569155216217041
7.155671119689941
3.0715179443359375
0.38279521465301514
1.9006552696228027
8.461502075195312
0.21208778023719788
3.573990821838379
0.2833976447582245
0.05963118001818657
0.23571617901325226
5.418430328369141
0.28248345851898193
5.229863166809082
2.2541279792785645
0.6792777180671692
0.07786844670772552
1.3349049091339111
9.588406562805176
0.20062653720378876
1.7172760963439941
1.396458387374878
4.904224395751953
0.6984540224075317
0.5509623885154724
0.17017100751399994
0.6156502366065979
0.0
0.7561345100402832
0.811694860458374
0.29431572556495667
0.4474063515663147
0.053427886217832565
0.16919082403182983
0.14841902256011963
0.9002665281295776
0.14195974171161652
6.525810241699219
0.0
0.7400091886520386
0.26322317123413086
3.5621490478515625
0.32358336448669434
0.37352100014686584
5.847745418548584
0.40669262409210205
4.186207294464111
5.920709133148193
0.015601055696606636
0.8561879396438599
4.802680492401123
5.77604866027832
0.8742879629135132
0.7498016357421875
0.0
0.4903465211391449
0.5111406445503235
2.194484233856201
7.837796688079834
2.7456705570220947
0.6553763747215271
0.4564187824726105
0.6284694671630859
0.07043579965829849
0.38766300678253174
0.3302496075630188
0.448501855134964
0.04801702871918678
0.011648880317807198
3.3921899795532227
0.0
0.41973522305488586
5.65003776550293
0.060960736125707626
0.0
0.3539906144142151
0.9114750623703003
0.35624879598617554
1.166634202003479
6.045378684997559
5.065987586975098
5.279106616973877
5.218817710876465
0.6109387874603271
0.0
0.27018803358078003
0.8995158076286316
0.9537184238433838
4.010732173919678
0.5746658444404602
0.3343811333179474
6.563201427459717
0.5626099705696106
0.0
0.613046407699585
0.7512297034263611
6.800961017608643
3.9648513793945312
0.8221518993377686
0.30430495738983154
1.5070313215255737
0.6785700917243958
0.36479493975639343
0.20758673548698425
3.5123729705810547
1.317163109779358
6.094985485076904
0.5555234551429749
0.0
5.377018451690674
0.5187397003173828
3.8624517917633057
2.0246498584747314
0.16851893067359924
1.7303210496902466
0.019959302619099617
0.17804624140262604
0.0
0.0
0.8350165486335754
1.4289456605911255
2.319679021835327
0.7367200255393982
5.495487213134766
2.0539495944976807
4.552401542663574
0.7683596014976501
2.038964033126831
0.1591825783252716
0.10137756913900375
2.8226468563079834
0.0
7.393078804016113
5.146710395812988
0.18419626355171204
6.81754207611084
0.5992697477340698
0.04371790215373039
0.9551474452018738
0.08200476318597794
0.7298413515090942
0.5833626389503479
2.3641152381896973
1.0138779878616333
0.5218669176101685
0.0
0.0
1.3529164791107178
0.04383232444524765
0.3852197229862213
0.0
5.874100208282471
5.166397571563721
6.9502644538879395
0.3309601843357086
0.5939205884933472
0.0
0.3889748156070709
0.13918794691562653
1.78907310962677
0.0
2.6212422847747803
0.06973534822463989
0.976787805557251
0.7535156607627869
0.684707760810852
0.15125058591365814
3.3575541973114014
2.320185422897339
2.9000768661499023
0.3061591386795044
4.478961944580078
0.3254716396331787
0.0
0.6802800297737122
4.066675662994385
0.7866302728652954
0.5446085929870605
0.6374611258506775
0.0
0.9185972809791565
0.44924476742744446
3.7793116569519043
0.0
0.6775028109550476
0.8073107004165649
4.154825210571289
0.10467631369829178
2.527224063873291
1.0438038110733032
0.4463886022567749
0.18326452374458313
2.3107991218566895
1.0852993726730347
0.23938921093940735
0.23723505437374115
1.0832529067993164
0.6003449559211731
1.4938864707946777
0.0
0.9238680005073547
5.192425727844238
0.22590018808841705
1.2471760511398315
0.7274174094200134
4.966749668121338
2.409311532974243
1.8995380401611328
3.752692461013794
0.3472878932952881
0.0
0.41260212659835815
0.6977013349533081
0.5752422213554382
0.15269385278224945
1.3997361660003662
1.6311781406402588
0.0
3.6667940616607666
0.43157851696014404
0.0
7.212213039398193
0.37324127554893494
3.40459942817688
0.06757193058729172
0.0
1.8060686588287354
6.027034759521484
4.202120780944824
0.5428933501243591
1.481210708618164
0.0
1.0174776315689087
4.640594482421875
0.16243156790733337
8.471107482910156
1.0534422397613525
0.0
0.883926510810852
2.9511921405792236
0.7792457342147827
0.14697323739528656
3.0146501064300537
1.191800832748413
0.19137680530548096
5.715628147125244
0.2049465924501419
2.3364462852478027
6.009385108947754
0.2266884446144104
3.171760320663452
5.327821254730225
0.2803080677986145
0.6623636484146118
7.005749225616455
3.7490453720092773
0.7464682459831238
0.7159905433654785
0.015383055433630943
4.403775691986084
3.3244943618774414
0.9386699795722961
0.021529046818614006
1.0703301429748535
0.786545991897583
1.7243163585662842
4.488750457763672
1.3566555976867676
0.8690318465232849
0.6193172335624695
0.7812992930412292
5.842410564422607
0.9915691018104553
4.660916328430176
3.705960750579834
6.412379741668701
0.2400246560573578
5.256917953491211
0.8409398198127747
0.23703250288963318
0.656773030757904
0.6454658508300781
5.353690147399902
0.7813318967819214
0.9192298054695129
5.249603748321533
2.701179027557373
0.43983182311058044
0.5142282843589783
5.819514274597168
0.5914608240127563
0.7680994272232056
0.23098427057266235
1.6599111557006836
4.775496482849121
0.5240813493728638
4.3036370277404785
2.5343146324157715
0.47289618849754333
0.023340150713920593
0.5052552223205566
5.849975109100342
0.9283989667892456
0.8135149478912354
1.0318084955215454
5.818057060241699
4.607386589050293
3.920574426651001
0.520763099193573
0.4708477854728699
0.2773938775062561
2.9396893978118896
0.09011247009038925
0.6934712529182434
0.540690004825592
3.6210575103759766
0.6753707528114319
0.2830907702445984
0.5611107349395752
0.03052176721394062
1.3143678903579712
3.204298496246338
2.0130529403686523
0.21620263159275055
0.47091007232666016
2.078364372253418
0.26273229718208313
4.047632217407227
0.11793668568134308
3.3915305137634277
1.5204533338546753
0.2185046225786209
3.4942994117736816
1.2044203281402588
0.42610570788383484
0.5484251976013184
0.4111138582229614
2.3612091541290283
0.12558981776237488
2.287971258163452
4.392242431640625
1.3416465520858765
2.2412667274475098
1.2136204242706299
0.8354611992835999
7.056103229522705
0.6744033694267273
0.6293787956237793
1.1110759973526
0.7184919714927673
5.957265377044678
0.5912685394287109
0.3713285028934479
0.7558743953704834
0.2872116267681122
2.4297149181365967
3.5275626182556152
5.073675155639648
0.0
0.37811553478240967
0.2457929253578186
0.6392185688018799
3.6770360469818115
4.973141193389893
0.8327791094779968
6.012709617614746
0.8071375489234924
0.5749173760414124
0.113626629114151
0.4966629445552826
6.548199653625488
0.5431268811225891
0.23382090032100677
4.004275798797607
1.0736500024795532
4.754832744598389
0.0
1.1757360696792603
0.0
0.5646595358848572
7.135993480682373
2.641887664794922
0.6884598731994629
5.752231597900391
0.3687730133533478
0.7450834512710571
5.190953731536865
6.317758560180664
1.0421431064605713
7.277587890625
3.2129364013671875
0.5522942543029785
0.6904975771903992
0.32215580344200134
0.43720170855522156
0.42609351873397827
0.16484138369560242
0.6252713799476624
0.0
0.5129886269569397
0.0
0.14766590297222137
0.084846131503582
0.3624221980571747
4.6900858879089355
0.8688313364982605
2.3999762535095215
1.8267360925674438
0.35855481028556824
0.33385998010635376
6.218556880950928
4.474151134490967
2.7910282611846924
6.956780433654785
0.34958183765411377
0.9970830082893372
0.05895141512155533
4.793917179107666
0.2976529598236084
0.11039096117019653
3.3847720623016357
1.4625396728515625
0.0
1.4591306447982788
0.2590422034263611
0.8062973022460938
0.0
4.751319885253906
0.9422475099563599
4.377037048339844
1.4603458642959595
1.162097454071045
0.0
0.0
1.9061661958694458
0.0
0.41379281878471375
0.19194090366363525
0.23715844750404358
0.15180426836013794
0.6292984485626221
0.4119325280189514
0.77027428150177
0.2614382803440094
0.0
0.6557556986808777
0.007066681515425444
2.291173219680786
0.009168997406959534
0.1401742398738861
0.13482177257537842
0.3175009787082672
0.543420672416687
0.289016991853714
4.308900356292725
1.9806724786758423
2.8049216270446777
0.0
0.0
2.2846317291259766
4.536259174346924
5.081326007843018
0.3522723317146301
0.966738760471344
0.5666903257369995
0.569890022277832
0.2107885479927063
0.4235478341579437
0.9625250697135925
0.022927187383174896
1.0593290328979492
0.0
0.0
1.105294942855835
0.5231034755706787
0.8626088500022888
0.0
0.3264181613922119
0.5105615258216858
0.28504252433776855
1.8351099491119385
2.541227340698242
3.3817801475524902
4.176733493804932
5.265357971191406
0.7508390545845032
0.0
4.9326491355896
0.0
0.09836026281118393
5.543317794799805
0.27742528915405273
0.0
1.0413811206817627
1.4571987390518188
0.0
0.5631739497184753
0.49555787444114685
7.066281318664551
5.021175384521484
0.0
0.29019758105278015
1.0888923406600952
0.7001911997795105
4.721569538116455
0.4855028986930847
1.059124231338501
0.032095879316329956
0.5504063963890076
0.8318685293197632
0.25308504700660706
3.6312875747680664
0.0
0.4620802104473114
5.337028503417969
0.7378015518188477
0.30295905470848083
0.388797789812088
0.6355202198028564
3.152888774871826
5.117703437805176
0.476680725812912
0.08758281171321869
0.43850013613700867
0.5088937282562256
6.514362812042236
2.111046075820923
0.7316023111343384
0.1050829142332077
1.4500563144683838
5.302854061126709
0.0
0.0
0.040460169315338135
0.5509280562400818
1.4947904348373413
0.051675714552402496
0.0
0.8368624448776245
2.09371018409729
0.0
6.135512828826904
6.604203224182129
1.2098309993743896
0.477931946516037
2.3964121341705322
0.40750688314437866
0.5347487926483154
0.27230653166770935
0.003871283959597349
1.8102920055389404
0.0
5.104404926300049
0.0
0.13151271641254425
0.31519949436187744
1.3391247987747192
0.4162002205848694
0.6062803864479065
0.3626357614994049
0.0
0.7086437344551086
3.190946102142334
1.435633897781372
0.7780922651290894
0.7932769060134888
0.6867952942848206
0.28265315294265747
0.7873787879943848
3.36826753616333
0.284457802772522
0.0
0.0
0.780398428440094
1.496008276939392
0.4773699939250946
5.500111103057861
1.0112218856811523
0.8893404603004456
0.05854959785938263
0.08335269242525101
0.2863478660583496
0.567709743976593
0.7380530834197998
5.28720235824585
3.6432323455810547
0.6627464890480042
0.7300960421562195
0.7814908623695374
6.977546215057373
0.15624989569187164
4.662411212921143
0.0
0.6965272426605225
0.2944260835647583
3.287496328353882
0.3183848261833191
0.3081933856010437
0.5546530485153198
0.7752890586853027
1.272390604019165
3.338192939758301
1.4343026876449585
6.463335037231445
1.7681022882461548
3.7954792976379395
0.0
0.6679822206497192
2.314444065093994
0.6069516539573669
0.7121083736419678
0.0
6.730699062347412
1.6917208433151245
0.1321895271539688
1.255713701248169
4.201210021972656
0.5468743443489075
0.24309416115283966
1.3177448511123657
1.7382817268371582
0.0
1.0444622039794922
0.0
0.0
5.298048496246338
4.4467267990112305
0.17531801760196686
0.5016711354255676
2.0772204399108887
0.2513743042945862
0.153964564204216
7.433315753936768
0.5348504185676575
1.2090362310409546
0.7506572008132935
3.601038932800293
1.8478094339370728
0.0
0.0
0.7389440536499023
3.4135234355926514
0.44374197721481323
0.0
0.5662859678268433
1.1602389812469482
0.9218745231628418
0.06363708525896072
0.5505544543266296
0.075657419860363
0.5155105590820312
0.48130398988723755
3.85290265083313
0.5424277782440186
0.0
6.258326053619385
2.938434362411499
0.7011595964431763
1.2426073551177979
0.0
4.950040340423584
0.0872601717710495
0.5143489241600037
4.288942813873291
4.5064377784729
0.9977708458900452
0.3108759820461273
4.5246100425720215
0.4953325092792511
0.969089925289154
5.077166557312012
1.2433040142059326
1.7031795978546143
0.11847596615552902
0.6770572662353516
0.4592081904411316
5.072564125061035
0.0
0.7305163145065308
5.3583455085754395
2.630324125289917
0.32616308331489563
6.392080783843994
0.023737847805023193
0.252159059047699
0.011699226684868336
0.31410539150238037
1.1697252988815308
0.5014545321464539
0.7174938321113586
0.6125412583351135
2.2417125701904297
0.48125171661376953
0.31731978058815
0.0
7.759036540985107
0.3609038293361664
0.5840883851051331
5.542540550231934
0.30165308713912964
0.8702738881111145
6.378312587738037
0.24107082188129425
1.0088486671447754
0.0
0.47061681747436523
8.959512710571289
0.4546031951904297
4.835372447967529
0.09060683101415634
0.7283285856246948
0.4702214300632477
2.1439976692199707
0.45356035232543945
0.0
0.9544638991355896
2.5646135807037354
1.5602731704711914
0.0919094905257225
3.492600917816162
4.707739353179932
4.733794212341309
1.1520109176635742
4.195314407348633
0.7599721550941467
0.4649697542190552
0.42505785822868347
0.0
0.3916730284690857
5.100927829742432
1.139925479888916
4.327277183532715
0.6617231369018555
0.0
4.8749237060546875
0.4021521508693695
3.5622870922088623
0.5924999117851257
1.028876543045044
0.24754048883914948
3.9749581813812256
0.6468397378921509
0.49967366456985474
0.0
1.5942797660827637
1.037385106086731
2.8755249977111816
0.29965123534202576
5.483434200286865
0.0
0.24308188259601593
5.484212875366211
0.7239586114883423
5.450601100921631
0.0
0.0
0.0
1.221694827079773
0.0
5.302596092224121
4.304333686828613

DeepFool
0.0
0.03139195218682289
0.005786877125501633
0.012918856926262379
0.0327790305018425
0.002087577013298869
0.07038740068674088
0.00214274856261909
0.024190928786993027
0.02773376926779747
0.02902577817440033
0.06463975459337234
0.02234046719968319
0.0990574061870575
0.06738852709531784
0.013228071853518486
0.04120898246765137
0.03388515114784241
0.04498862847685814
0.03852510079741478
0.03546212986111641
0.05470941960811615
0.004034798592329025
0.12189530581235886
0.041793107986450195
0.0
0.011018040589988232
0.04411884769797325
0.040855783969163895
0.04869250953197479
0.020702172070741653
0.05077376961708069
0.016328491270542145
0.0010675156954675913
0.035182878375053406
0.0
0.0
0.0
0.10220914334058762
0.054020389914512634
0.016300475224852562
0.028869956731796265
0.03288712725043297
0.03638417646288872
0.10253841429948807
0.04935199022293091
0.016133680939674377
0.00364270550198853
0.06708789616823196
0.0
0.0680382177233696
0.0777735635638237
0.0
0.0
0.05019379407167435
1000
0.0334264375269413
0.011119578033685684
0.0
0.0
0.11901390552520752
0.0
0.01730610802769661
0.01965929940342903
0.009067232720553875
0.03214024007320404
0.007386407349258661
0.036291513592004776
0.005027297884225845
0.0339670293033123
0.008654113858938217
0.01338441763073206
0.03626834228634834
0.02593868598341942
0.03520556539297104
0.10132946074008942
0.034452952444553375
0.0034850575029850006
0.0
0.06868702918291092
0.07171563804149628
0.07955406606197357
0.14224225282669067
0.0809224396944046
0.00530430069193244
0.0029115902725607157
0.0
0.029937997460365295
0.06485690176486969
0.045051295310258865
0.02510222978889942
0.0010032489662989974
0.055664561688899994
0.058196987956762314
0.0
0.0
0.021848106756806374
0.03224680945277214
0.09105567634105682
0.07055322825908661
0.00712787639349699
0.00385245936922729
0.0571364127099514
0.023834094405174255
0.09979566931724548
0.11284081637859344
0.01803923211991787
0.03353273868560791
0.07994251698255539
0.05306019261479378
0.041684381663799286
0.10920978337526321
0.0005483910208567977
0.046337973326444626
0.05353224650025368
0.007204096764326096
0.04955008625984192
0.015199115499854088
0.009533526375889778
0.03129574656486511
0.05514360964298248
0.03095666505396366
0.057443540543317795
0.06564731895923615
0.035684358328580856
0.01422931533306837
0.032916728407144547
0.005523714702576399
0.01886656880378723
0.012945729307830334
0.03645168989896774
0.12021021544933319
0.035977430641651154
0.07757953554391861
0.03170984610915184
0.04672279208898544
0.032519880682229996
0.13573944568634033
0.022863110527396202
0.0
0.0
0.04367482662200928
0.03361872211098671
0.0
0.052232787013053894
0.02060108818113804
0.02816496230661869
0.0
0.008611388504505157
0.041959624737501144
0.0003308019367977977
0.02739369496703148
0.0
0.09447244554758072
0.009583408944308758
0.03608397766947746
0.015142451040446758
0.09829123318195343
0.029326705262064934
0.04900568351149559
0.054293129593133926
0.12267359346151352
0.0
0.04694034159183502
0.0
0.007518536876887083
0.021521450951695442
0.010980620980262756
0.012896837666630745
0.0
0.09412983804941177
0.0
0.047746870666742325
0.051957666873931885
0.03891177475452423
0.05148371681571007
0.016130877658724785
0.0802496150135994
0.0005609724321402609
0.01991913840174675
0.03616439178586006
0.049142077565193176
0.10721161961555481
0.011507551185786724
0.01825864426791668
0.041116636246442795
0.030150342732667923
0.0
0.0
0.07895521074533463
0.06129699945449829
0.016010073944926262
0.03809444233775139
0.03798181563615799
0.04188615828752518
0.0
0.06481855362653732
0.048566777259111404
0.06332706660032272
0.05994299054145813
0.0204359982162714
0.007500792387872934
1000
0.07497309893369675
0.07052311301231384
0.032451558858156204
0.03200565278530121
0.06338302046060562
0.11513185501098633
0.06684811413288116
0.0051919156685471535
0.0001102834939956665
0.03455149009823799
0.0
0.018365899100899696
0.0349995382130146
0.08803322166204453
0.01257297396659851
0.03496004641056061
0.0493326298892498
0.02349306270480156
0.0
0.06330139189958572
0.008470592088997364
0.0
0.0
0.0
0.04956759512424469
0.011995756067335606
0.0
0.04745921120047569
0.18068528175354004
0.03249187022447586
0.00357959046959877
0.055756907910108566
0.05680663511157036
0.06602243334054947
0.04233317822217941
0.01967921108007431
0.031784381717443466
0.08481808751821518
0.043245624750852585
0.006513042841106653
0.05599081516265869
0.05420054495334625
0.010477878153324127
0.0787968635559082
0.042725902050733566
0.001497255521826446
0.00453911954537034
0.05940385162830353
0.01981782540678978
0.16085004806518555
0.0757167860865593
0.03087124414741993
0.0023462148383259773
0.009304423816502094
0.05803508311510086
0.01744721457362175
0.0819501280784607
0.07946073263883591
0.0560552217066288
0.017687009647488594
0.024445416405797005
0.011886868625879288
0.032345470041036606
0.0
0.07081237435340881
0.09006940573453903
0.012557410635054111
0.04402340203523636
0.003316460642963648
0.008192191831767559
0.00411666464060545
0.04318348690867424
0.0029654984828084707
0.06208282336592674
0.0
0.02566133625805378
0.012477576732635498
0.054874345660209656
0.018654895946383476
0.020350996404886246
0.0409993939101696
0.023568812757730484
0.05891214683651924
0.06907354295253754
0.0006787797901779413
0.06588417291641235
0.03629733994603157
0.09554620087146759
0.04910821095108986
0.027010977268218994
0.0
0.018691962584853172
0.010776735842227936
0.08152005076408386
0.08944482356309891
0.03981484845280647
0.016271159052848816
0.04645349085330963
0.009907742030918598
0.005340206436812878
0.011849784292280674
0.02253064513206482
0.03674280270934105
0.001575032132677734
0.0003137084422633052
0.006773251108825207
0.0
0.003421913366764784
0.04714881256222725
0.0032247842755168676
0.0
0.0070270667783916
0.07153267413377762
0.026773560792207718
0.052832528948783875
0.06577753275632858
0.03800589218735695
0.03252466022968292
0.06511010229587555
0.06589815020561218
0.0
0.006095639429986477
0.06581991910934448
0.05201265960931778
0.05791360139846802
0.031639985740184784
0.009765724651515484
0.06123168393969536
0.022540831938385963
0.0
0.028162261471152306
0.03446466475725174
0.04140607640147209
0.04868301376700401
0.04511389136314392
0.010259723290801048
0.049970176070928574
0.022579923272132874
0.017411094158887863
0.010621421039104462
0.03176487609744072
0.028281887993216515
0.051446449011564255
0.020789410918951035
0.0
0.044962190091609955
0.02257581613957882
0.07254558801651001
0.04889768734574318
0.012504718266427517
0.08957647532224655
0.0007196737569756806
0.006556525360792875
0.0
0.0
0.04202840104699135
0.04188345745205879
0.10632810741662979
0.03339584544301033
0.06691766530275345
0.05689471215009689
0.1104072630405426
1000
0.06484289467334747
0.002277187304571271
0.00520813325420022
0.05159135162830353
0.0
0.08451429009437561
0.0641372948884964
0.011240074411034584
0.06170717999339104
0.028509147465229034
1000
0.02246742695569992
0.003619868541136384
0.01473109982907772
0.013466124422848225
0.029127195477485657
0.036169618368148804
0.013955238275229931
0.0
0.0
0.03737824782729149
0.0016427221707999706
0.028053000569343567
0.0
0.07886451482772827
0.14961357414722443
0.0189664289355278
0.014324849471449852
0.039720743894577026
0.0
0.01473492756485939
0.006639362778514624
0.025745892897248268
0.0
0.05225110054016113
0.0029231358785182238
0.01603732258081436
0.014249191619455814
0.04803473874926567
0.004157549235969782
0.09174798429012299
0.03675598278641701
0.06900778412818909
0.003730163909494877
0.11597608774900436
0.036937035620212555
0.0
0.015729935839772224
0.022462673485279083
0.07396535575389862
0.04425082355737686
0.03924625366926193
0.0
0.051898181438446045
0.019819635897874832
0.023713957518339157
0.0
0.04741418734192848
0.04452401027083397
0.05229491367936134
0.005234301555901766
0.027392258867621422
0.05221495404839516
1000
0.007016701158136129
0.040118489414453506
0.027507811784744263
0.013497437350451946
0.009963534772396088
0.08398391306400299
0.010651708580553532
0.021341020241379738
0.0
0.02170541323721409
0.11330115050077438
0.0022772359661757946
0.08419894427061081
0.0322955958545208
0.060704465955495834
0.05466414988040924
0.006549483630806208
0.048190075904130936
0.019479898735880852
0.0
0.024827297776937485
0.08704135566949844
0.01434229500591755
0.012188267894089222
0.038950949907302856
0.05988818034529686
0.0
0.024457886815071106
0.022484609857201576
0.0
0.05412154272198677
0.018308492377400398
0.05749938264489174
0.002258158987388015
0.0
0.05848263204097748
0.024796178564429283
0.05380939692258835
0.018805505707859993
0.01682676374912262
0.0
0.06660839915275574
0.05194210261106491
0.007937065325677395
0.02468709461390972
0.041040629148483276
0.0
0.030282247811555862
0.035948168486356735
0.03964471444487572
0.007914074696600437
0.050112295895814896
0.11205815523862839
0.012806130573153496
0.07873567193746567
0.0059594702906906605
0.06488596647977829
0.07131359726190567
0.013898071832954884
0.055474016815423965
0.11719642579555511
0.02433246746659279
0.07473087310791016
0.10142694413661957
0.10031713545322418
0.026046784594655037
0.04637676849961281
0.0007902036304585636
0.04644579812884331
0.037482649087905884
0.06092306226491928
0.0006668975111097097
0.013455700129270554
0.04270995780825615
0.07699628919363022
0.05827715992927551
0.03463152050971985
0.05585487559437752
0.026313478127121925
0.03220825269818306
0.11349842697381973
0.02968367375433445
0.11230035126209259
0.05299127474427223
0.06819911301136017
0.014751623384654522
0.04462931305170059
0.042616553604602814
0.012630035169422626
0.03720148652791977
0.013169432990252972
0.1052667573094368
0.05030587315559387
0.02867788076400757
0.02770272083580494
0.02311941608786583
0.03359691798686981
0.04954736679792404
0.07151441276073456
0.029702799394726753
0.06140216812491417
0.03505893051624298
0.052140623331069946
0.03567896783351898
0.04006397724151611
0.053622420877218246
0.08182381093502045
0.017515957355499268
0.0006878586718812585
0.030617324635386467
0.10996441543102264
0.04355194792151451
0.022383159026503563
0.10617775470018387
0.07890256494283676
0.04151344671845436
0.05230562016367912
0.03007059171795845
0.028972357511520386
0.015208011493086815
0.022574499249458313
0.00821232795715332
0.021801000460982323
0.025605039671063423
0.1218261793255806
0.025686824694275856
0.004973755683749914
0.056569136679172516
0.0011686108773574233
0.09794438630342484
0.0762781947851181
0.08240438252687454
0.006485330406576395
0.02448694221675396
0.05428881198167801
0.023513928055763245
0.05045422539114952
0.0034744006115943193
0.04658334329724312
0.050458963960409164
0.015526487492024899
0.055748652666807175
0.046766169369220734
0.006852797232568264
0.027849946171045303
0.01175731047987938
0.07684872299432755
0.006841740570962429
0.09054408967494965
0.01825360395014286
0.02321820892393589
0.03870647773146629
0.07054931670427322
0.04290233924984932
0.09856466948986053
0.08797536790370941
0.026443801820278168
0.018808608874678612
0.041335657238960266
0.09496958553791046
0.049228888005018234
0.03608700633049011
0.04788660258054733
0.010262599214911461
0.049784548580646515
0.03756013140082359
0.11404697597026825
0.0
0.008754689246416092
0.0037041292525827885
0.02358619123697281
0.021425070241093636
0.07998961955308914
0.0426456592977047
0.13449691236019135
0.058130089193582535
0.032246582210063934
0.0054484703578054905
0.01021338626742363
0.08920794725418091
0.021296057850122452
0.016619546338915825
0.0329933725297451
0.03234505280852318
0.03844123333692551
0.0
0.03157747909426689
0.0
0.020797066390514374
0.055868834257125854
0.07322883605957031
0.033419542014598846
0.04942827671766281
0.01822933740913868
0.07448073476552963
0.06887894123792648
0.09217039495706558
0.022552449256181717
0.03219364210963249
0.04123808816075325
0.022139064967632294
0.019180672243237495
0.013602823950350285
0.02956208772957325
0.022491486743092537
0.0033550069201737642
0.04357427358627319
0.0
0.04589908570051193
0.0
0.009729820303618908
0.0035990511532872915
0.04429474472999573
0.11807087063789368
0.05539067089557648
0.02197120524942875
0.016659541055560112
0.007183752488344908
0.009841197170317173
0.034172266721725464
0.032170090824365616
0.044038061052560806
0.058293018490076065
0.027136923745274544
0.07367333769798279
0.0018460714491084218
0.083414226770401
0.02572254277765751
0.005157048813998699
0.09072219580411911
0.06433860212564468
0.0
0.0871610939502716
0.0059181624092161655
0.02262003719806671
0.0
0.09126924723386765
0.0316988043487072
0.06729085743427277
0.02255045808851719
0.03816451132297516
0.0
0.0
0.04352422431111336
0.0
0.030342180281877518
1000
0.006273297592997551
0.005387752316892147
0.030116872861981392
0.021718772128224373
0.04189420863986015
0.015419239178299904
0.0
0.030139850452542305
0.00025001095491461456
0.04783111438155174
0.00034730532206594944
0.00548363383859396
0.0067252530716359615
0.007834802381694317
0.038863833993673325
0.011850662529468536
0.09100757539272308
0.033235255628824234
0.044188421219587326
0.0
0.0
0.08086628466844559
0.0202498659491539
0.1136230081319809
0.019203968346118927
0.044209953397512436
0.030443983152508736
0.02056845650076866
0.007501198910176754
0.022213676944375038
0.05997578054666519
0.001105084316805005
0.03827068582177162
0.0
0.0
0.062259409576654434
0.011874068528413773
0.03449978679418564
0.0
0.032605983316898346
0.017589593306183815
0.0325133316218853
0.07616350799798965
0.030543681234121323
0.030484838411211967
0.05109415203332901
0.08226919174194336
0.033417873084545135
0.0
0.0578116811811924
0.0
0.0029869982972741127
0.015564661473035812
0.030480310320854187
0.0
0.0699988380074501
0.04516490548849106
0.0
0.011760635301470757
0.02017253451049328
0.04794078320264816
0.0671476200222969
0.0
0.032984498888254166
0.05970589071512222
0.041501566767692566
0.06692879647016525
0.01693352311849594
0.027914825826883316
0.001155633362941444
0.04629620537161827
0.04229041934013367
0.012503301724791527
0.046847179532051086
0.0
0.023397956043481827
0.10430523753166199
0.0417710579931736
0.037277061492204666
0.010057812556624413
0.04715113714337349
0.08873798698186874
0.10420853644609451
0.024742478504776955
0.0031739312689751387
0.014317846857011318
0.039400164037942886
0.09203983843326569
0.09129619598388672
0.03708096221089363
0.007744413334876299
0.01776421256363392
0.03871205076575279
0.0
0.0
0.0006603917572647333
0.039454586803913116
0.024429094046354294
0.0022928211838006973
0.0
0.029661118984222412
0.02403978630900383
0.0
0.07413185387849808
0.10216058790683746
0.046500831842422485
0.04932321980595589
0.07258893549442291
0.02618493139743805
0.0055521330796182156
0.025306254625320435
0.0001212122369906865
0.04188847169280052
0.0
0.08689238876104355
0.0
0.002637589583173394
0.013473743572831154
0.09260663390159607
0.014852597378194332
0.0114824790507555
0.02337881363928318
0.0
0.04439117759466171
0.06790859997272491
0.031062230467796326
0.06897205114364624
0.03456275910139084
0.022185001522302628
0.008908857591450214
0.028046483173966408
0.08678586035966873
0.006595343351364136
0.0
0.0
0.03959733620285988
0.0653950572013855
0.025497684255242348
0.08104698359966278
0.0761270746588707
0.024666160345077515
0.0017503928393125534
0.002875804202631116
0.007717989385128021
0.024593671783804893
0.046278368681669235
0.047167472541332245
0.07655931264162064
0.05512591451406479
0.03650472313165665
0.005463604815304279
0.04266868904232979
0.009034655056893826
0.05258753150701523
0.0
0.04387452453374863
0.0100119449198246
0.04201064258813858
0.010462376289069653
0.008216289803385735
0.03094475530087948
0.03195817768573761
0.11022627353668213
0.10596621781587601
0.03663215413689613
0.1089717373251915
0.06503850221633911
0.10758199542760849
0.0
0.04750915989279747
0.04739821329712868
0.022910011932253838
0.03558356687426567
0.0
0.051640551537275314
0.05494918301701546
0.008007305674254894
0.02665560133755207
0.06662565469741821
0.030142448842525482
0.030519427731633186
0.07967609912157059
0.02944019064307213
0.0
0.03215710446238518
0.0
0.0
0.08190865814685822
0.07531513273715973
0.016222527250647545
0.02482045628130436
0.04381389915943146
0.01512163132429123
0.006837381515651941
0.16186921298503876
0.03680553659796715
0.03767655789852142
0.02753390371799469
0.05588990077376366
0.056743718683719635
0.0
0.0
0.05410349741578102
0.061973657459020615
0.014506934210658073
0.0
1000
0.06350743025541306
0.018410054966807365
0.002882507396861911
0.019569624215364456
0.0032490838784724474
0.02655143104493618
0.023967813700437546
0.07717226445674896
0.04235817492008209
0.0
0.10790032148361206
0.03170986846089363
0.017864659428596497
0.05018290504813194
0.0
0.040064968168735504
0.0033979543950408697
0.02697930857539177
0.04873422160744667
0.049224913120269775
0.03750668466091156
0.02183254435658455
0.07941322028636932
0.039376091212034225
0.03613333776593208
0.08013321459293365
0.01275847852230072
0.035016756504774094
0.012421589344739914
0.013786262832581997
0.025766171514987946
0.08813444525003433
0.0
0.025945201516151428
0.03618727996945381
0.08823499083518982
0.007942814379930496
0.08811655640602112
0.0008085673907771707
0.013950119726359844
0.00046400053543038666
0.0061811418272554874
0.022659452632069588
0.02352982759475708
0.049586452543735504
0.03534255921840668
0.03893658518791199
0.022813988849520683
0.013720512390136719
0.0
0.1294528841972351
0.01204486284404993
0.03311765566468239
0.07111279666423798
0.013002519495785236
0.003833683207631111
0.22755330801010132
0.023415978997945786
0.0869426280260086
0.0
0.015845859423279762
0.012106033973395824
0.012918469496071339
0.0852922573685646
0.004062301944941282
0.02947211265563965
0.026612868532538414
0.05363330617547035
0.01046330388635397
0.0
0.03159882873296738
0.04605509713292122
0.026974186301231384
0.003967630211263895
0.06651522219181061
0.0576166994869709
0.06112132966518402
0.05707444250583649
0.07204221189022064
0.014976835809648037
0.034343939274549484
0.020454920828342438
0.0
0.027605557814240456
0.08897538483142853
0.06932080537080765
0.05632814019918442
0.040659502148628235
0.0
0.0845843106508255
0.02352077327668667
0.07825303077697754
0.02851538173854351
0.027762675657868385
0.013613310642540455
0.026153111830353737
0.060642119497060776
0.03066379390656948
0.0
0.04140431433916092
0.058592043817043304
0.05423348397016525
0.019048398360610008
0.0714423730969429
0.0
0.020295433700084686
0.0847010686993599
0.014896703884005547
0.07249964773654938
0.0
0.0
0.0
0.026187386363744736
0.0
0.037889789789915085
0.0690598115324974

PAL2
0.0
1.723402500152588
0.17557787895202637
0.8170773386955261
1.366853952407837
0.07622995972633362
2.976067066192627
0.17537641525268555
0.7904495000839233
1.7072327136993408
1.2652429342269897
2.163802146911621
1.549080491065979
2.702147960662842
2.6137490272521973
0.7403183579444885
1.4749324321746826
1.4662190675735474
1.4399793148040771
1.7623010873794556
1.3028674125671387
4.160689830780029
0.24952656030654907
3.6844534873962402
1.4147279262542725
0.0
0.6701434254646301
2.7006356716156006
2.0743370056152344
1.7222076654434204
1.377109169960022
1.5545388460159302
0.9279187321662903
0.04973268136382103
1.2223694324493408
0.0
0.0
0.0
2.7365527153015137
2.3802425861358643
1.205249547958374
2.038423776626587
1.4438358545303345
1.418588399887085
2.9747848510742188
1.5912644863128662
0.5956363677978516
0.2877953052520752
2.5230331420898438
0.0
2.569232702255249
2.184112310409546
0.0
0.0
1.093375325202942
0.9215896725654602
2.429898500442505
0.5877020955085754
0.0
0.0
3.481916904449463
0.0
1.4580800533294678
0.7191641330718994
0.5905748009681702
1.8708325624465942
0.5967935919761658
0.9783749580383301
0.5798764228820801
1.9104121923446655
0.25933602452278137
1.131250262260437
0.9215765595436096
1.046870470046997
2.719897747039795
1.91834557056427
1.0747736692428589
0.31716078519821167
0.0
1.202657699584961
1.239227294921875
2.4363746643066406
3.232513666152954
1.5335631370544434
0.04829315096139908
0.3020924925804138
0.0
0.9619572758674622
2.894500255584717
1.8464301824569702
1.5651435852050781
0.12259196490049362
2.0169835090637207
1.7482062578201294
0.0
0.0
1.489205241203308
1.7656646966934204
4.836067199707031
3.048569440841675
0.7017560601234436
0.252788782119751
2.2159626483917236
1.5490649938583374
2.8690059185028076
3.302238941192627
0.6725689172744751
2.0888566970825195
2.421905040740967
1.9891835451126099
1.778084397315979
2.3817474842071533
0.02612447552382946
1.7585545778274536
1.9358161687850952
0.646267831325531
2.313223123550415
1.2764796018600464
1.034359335899353
1.3582876920700073
0.9721340537071228
1.4368832111358643
2.2446019649505615
2.129814624786377
0.5963826179504395
0.7416639924049377
0.9505115747451782
0.10124406963586807
1.2849493026733398
0.6025339961051941
1.527671217918396
3.2375800609588623
1.4201021194458008
3.8315792083740234
1.646457552909851
1.210244059562683
2.157064437866211
2.2229421138763428
1.2153342962265015
0.0
0.0
2.2686421871185303
1.7118990421295166
0.0
2.3432819843292236
1.0945900678634644
1.8087279796600342
0.0
0.6047536730766296
1.571403980255127
0.007924347184598446
0.8982797265052795
0.0
2.273035764694214
0.8577492237091064
1.7062913179397583
0.9527766108512878
2.389822483062744
0.9677159786224365
2.233382225036621
1.3968002796173096
2.767888307571411
0.0
1.8493938446044922
0.0
0.26665014028549194
1.1371054649353027
0.6298854351043701
0.6524223685264587
0.0
2.1638193130493164
0.0
1.650343656539917
1.9261187314987183
1.5919427871704102
3.512275457382202
0.6142566204071045
2.473121166229248
0.013049340806901455
1.554603934288025
1.5687860250473022
2.0656590461730957
2.215794563293457
0.4926406741142273
1.049606204032898
1.7526922225952148
1.3931972980499268
0.0
0.0
3.1144349575042725
2.107034921646118
1.3874561786651611
2.210057258605957
1.2264068126678467
1.8782697916030884
0.0
1.9361543655395508
1.345654010772705
1.9618300199508667
1.602242112159729
1.3024535179138184
0.1690661460161209
1.9483604431152344
1.6218678951263428
2.5980045795440674
1.0437885522842407
3.163982629776001
2.1491332054138184
2.9312493801116943
2.81463885307312
0.47958698868751526
0.00600481079891324
2.2801320552825928
0.0
0.6500365734100342
1.6341551542282104
2.6892740726470947
0.8176456689834595
0.8454861044883728
2.671431541442871
1.0819776058197021
0.0
3.181009531021118
0.5132864117622375
0.0
0.0
0.0
2.6192519664764404
0.6721249222755432
0.0
2.956956624984741
2.5145325660705566
1.513203740119934
0.23364117741584778
1.2701752185821533
1.7291319370269775
2.1403868198394775
2.1028013229370117
1.2017565965652466
1.727007269859314
3.8825998306274414
1.9931186437606812
0.6001654863357544
2.2490360736846924
2.6837756633758545
1.2492256164550781
2.2645602226257324
1.749579906463623
0.030919866636395454
0.3404810130596161
1.4192744493484497
1.4754124879837036
3.8201587200164795
2.1235837936401367
1.0163170099258423
0.15031947195529938
0.8521282076835632
3.599547863006592
1.2796119451522827
2.175497055053711
2.533926010131836
2.613065719604492
0.8933781981468201
0.7622653841972351
0.4034326672554016
0.6163060069084167
0.0
2.7696824073791504
2.7855231761932373
0.7822715640068054
1.0943557024002075
0.05880403146147728
0.7627516984939575
0.024923715740442276
1.1274839639663696
0.22027717530727386
2.6237823963165283
0.0
1.6086785793304443
0.5110021233558655
2.3121323585510254
0.91219162940979
1.3056193590164185
1.7499668598175049
2.2394888401031494
2.338937759399414
3.0166175365448
0.02323097176849842
1.5181916952133179
1.129711389541626
3.631715774536133
1.2410105466842651
1.385715365409851
0.0
1.337159514427185
0.5619398355484009
3.24169659614563
2.096733570098877
1.844590663909912
1.532683253288269
2.1434249877929688
0.7704939246177673
0.09603628516197205
0.6491228342056274
0.9985001683235168
0.8151957392692566
0.07446717470884323
0.011078551411628723
0.49828052520751953
0.0
0.08546896278858185
2.153503894805908
0.07839789986610413
0.0
0.49705061316490173
2.9942896366119385
1.0510058403015137
2.41739559173584
2.2030718326568604
2.4280829429626465
0.826570987701416
2.239863395690918
2.3167173862457275
0.0
0.4794313609600067
2.1207714080810547
2.2688028812408447
2.271517038345337
1.7895790338516235
0.7155086994171143
2.3901805877685547
1.1229760646820068
0.0
1.569138526916504
2.4552955627441406
1.969925880432129
2.009016990661621
1.9370965957641602
1.0812875032424927
1.858817458152771
1.0364526510238647
0.8661180734634399
0.4259859025478363
1.1474918127059937
1.1790505647659302
2.6141200065612793
0.8431859612464905
0.0
2.258829116821289
0.9715852737426758
2.618056535720825
1.9170061349868774
1.0378552675247192
2.001289129257202
0.028361018747091293
0.34329327940940857
0.0
0.0
1.3839932680130005
2.7999727725982666
3.448882579803467
1.6779110431671143
2.108187675476074
1.5876282453536987
1.7602136135101318
1.2970356941223145
1.7757892608642578
0.08603343367576599
0.22781990468502045
2.1752872467041016
0.0
2.4991061687469482
2.702446222305298
0.5205296874046326
1.4724372625350952
1.1561387777328491
0.1168164610862732
0.9146713614463806
0.2631271779537201
1.4932293891906738
1.0863940715789795
2.191359519958496
4.007894039154053
0.8993350267410278
0.0
0.0
2.7770779132843018
0.038243770599365234
0.7002607583999634
0.0
3.1227335929870605
3.5785131454467773
1.0897237062454224
0.8254858255386353
1.8491133451461792
0.0
0.9961801767349243
0.34190231561660767
1.8935893774032593
0.0
3.2269930839538574
0.14451639354228973
0.9565750956535339
1.1249061822891235
1.2022567987442017
0.25256216526031494
3.8911118507385254
1.0620548725128174
1.9767332077026367
0.43655040860176086
3.3950107097625732
0.9959929585456848
0.0
1.1741859912872314
1.851431131362915
2.7202606201171875
2.811910390853882
1.1888056993484497
0.0
2.0464611053466797
1.5505952835083008
0.83802729845047
0.0
2.808779239654541
1.570698857307434
2.1523561477661133
0.14822140336036682
1.5501452684402466
2.3964626789093018
0.9964486360549927
0.3940233886241913
1.5696263313293457
1.431208610534668
0.6729840040206909
0.5699103474617004
3.0676581859588623
0.9150401949882507
0.6206827163696289
0.0
0.8163511157035828
2.506685495376587
0.09375892579555511
2.421447515487671
1.8643923997879028
2.147650957107544
2.812643051147461
0.35059860348701477
3.8447697162628174
1.1247625350952148
0.0
1.5711455345153809
2.4812793731689453
1.2436671257019043
0.44060420989990234
1.2609010934829712
2.4387569427490234
0.0
1.7827787399291992
1.3029229640960693
0.0
2.1886820793151855
1.4821425676345825
2.3693745136260986
0.18399092555046082
0.0
2.112734317779541
1.626389980316162
1.4759705066680908
0.5283368229866028
0.44877907633781433
0.0
2.3455350399017334
1.8840124607086182
0.7273525595664978
1.262979507446289
1.9549236297607422
0.0
2.254627227783203
1.005986213684082
1.9660744667053223
0.4067799150943756
2.659905433654785
0.9941699504852295
0.46097514033317566
2.986353635787964
0.24554403126239777
1.790961742401123
3.001446485519409
0.7281777858734131
2.5819671154022217
2.7021350860595703
1.8230218887329102
1.3144252300262451
3.2827107906341553
2.70854115486145
1.0285918712615967
2.4254045486450195
0.027254104614257812
1.6920725107192993
2.460813045501709
2.062959909439087
0.03992149233818054
0.988939642906189
2.37483286857605
2.6825075149536133
2.207383155822754
1.590613842010498
1.8922961950302124
0.642676055431366
1.73480224609375
2.7856504917144775
1.7555042505264282
2.8326895236968994
1.9975849390029907
2.0906004905700684
0.8436076641082764
2.243417501449585
1.9041495323181152
0.8587597608566284
0.82774817943573
1.1253066062927246
3.09101939201355
2.627321720123291
2.250272274017334
1.4737906455993652
0.8951641917228699
1.9092901945114136
2.073274850845337
2.206662178039551
2.0018558502197266
1.6242341995239258
1.9375079870224
2.022876501083374
1.761415958404541
1.747245192527771
2.413957357406616
2.700016975402832
1.0186537504196167
0.034488219767808914
1.5175457000732422
2.732846260070801
1.8964660167694092
1.0529972314834595
2.7870137691497803
2.523023843765259
1.9295892715454102
1.5524342060089111
1.589608073234558
1.067987322807312
0.8277771472930908
1.0754354000091553
0.21244852244853973
0.6513514518737793
1.187682867050171
2.858912944793701
0.9762827157974243
0.6086178421974182
2.427229642868042
0.04751977697014809
1.7615418434143066
2.572338342666626
2.6029021739959717
0.8338671326637268
1.0482755899429321
1.5128453969955444
0.6618559956550598
1.591694712638855
0.09764713048934937
1.5438274145126343
1.9495095014572144
0.6651740670204163
2.976930618286133
2.4046993255615234
0.30426523089408875
1.261858582496643
0.7781869173049927
1.6151255369186401
0.17193926870822906
2.964343547821045
0.9989182353019714
1.1336098909378052
1.4450316429138184
2.2454817295074463
1.7269972562789917
2.591935396194458
1.1628985404968262
1.217345952987671
1.1286699771881104
1.743874430656433
2.827714681625366
2.646214723587036
1.8719033002853394
1.2310796976089478
0.517002522945404
1.7474620342254639
1.20140540599823
2.2392425537109375
0.0
0.9066041707992554
0.3576643168926239
1.5508168935775757
1.2809168100357056
2.4532620906829834
0.9944771528244019
3.1766507625579834
2.153449296951294
1.7705411911010742
0.6267786622047424
0.7407352924346924
4.889398574829102
1.3876618146896362
0.4091082513332367
1.5199750661849976
1.5631829500198364
1.6836005449295044
0.0
1.7355685234069824
0.0
0.6654548048973083
3.0431153774261475
2.4623501300811768
1.8511792421340942
2.548213481903076
1.162894606590271
2.9615323543548584
2.7365026473999023
3.697091817855835
1.0673855543136597
1.6051169633865356
1.9158471822738647
0.829927384853363
1.3604710102081299
0.9495506286621094
0.9820582866668701
1.2666420936584473
0.23176617920398712
1.5833240747451782
0.0
1.8904533386230469
0.0
0.5011934638023376
0.3275158703327179
2.654670476913452
3.673555374145508
1.4942072629928589
0.9452607035636902
1.0178190469741821
0.24581168591976166
0.4887787401676178
1.5579341650009155
1.953141689300537
2.158129930496216
1.5567378997802734
1.256400465965271
2.633007049560547
0.1075841411948204
2.6132607460021973
1.3448081016540527
0.34191232919692993
2.691997766494751
2.904738426208496
0.0
3.4499871730804443
0.06863278150558472
1.5570875406265259
0.0
2.9715027809143066
2.132833957672119
2.3749001026153564
1.3484041690826416
2.067734479904175
0.0
0.0
2.3464725017547607
0.0
1.4852139949798584
0.49719730019569397
0.48725441098213196
0.4945983290672302
2.040717840194702
0.6324306726455688
2.5177907943725586
0.7085649967193604
0.0
1.6116441488265991
0.004814356565475464
2.3911001682281494
0.007579982280731201
0.3024880886077881
0.5283589363098145
0.4394935071468353
1.8413116931915283
0.6682004332542419
3.041757106781006
1.0976760387420654
1.5946784019470215
0.0
0.0
3.1120054721832275
1.1518830060958862
3.2705929279327393
1.25956392288208
1.3991824388504028
1.1966007947921753
0.9203957915306091
0.44500067830085754
0.9625996351242065
2.150430679321289
0.02177971601486206
2.1014251708984375
0.0
0.0
1.6520206928253174
0.6304216384887695
1.1463384628295898
0.0
1.401994228363037
0.6626226902008057
1.0141955614089966
2.035327434539795
1.5889379978179932
0.8853410482406616
1.537236213684082
3.1249444484710693
0.956623911857605
0.0
2.5459349155426025
0.0
0.10357775539159775
1.2583872079849243
1.2877038717269897
0.0
2.7553858757019043
1.5234131813049316
0.0
0.6283228993415833
1.2745959758758545
1.6639609336853027
2.6158366203308105
0.0
1.2129138708114624
2.197547435760498
2.978633403778076
2.957841396331787
1.0888679027557373
1.3446110486984253
0.014133721590042114
1.9081076383590698
1.4390854835510254
0.6271826028823853
1.2859623432159424
0.0
0.945040762424469
2.947401762008667
1.580906629562378
1.0618191957473755
0.83475661277771
1.2621638774871826
1.9384466409683228
2.851332426071167
1.3363779783248901
0.2400660514831543
0.8729966282844543
1.6186976432800293
3.35845685005188
1.954451084136963
1.254086971282959
0.41287630796432495
0.26786133646965027
1.6213476657867432
0.0
0.0
0.013816534541547298
1.856349229812622
0.7579144239425659
0.1452845335006714
0.0
1.6988767385482788
2.1978344917297363
0.0
2.2497875690460205
3.563471555709839
2.5774025917053223
2.3241000175476074
3.0560338497161865
2.036982297897339
0.40818819403648376
0.468274861574173
0.004296928644180298
1.384731650352478
0.0
2.8588039875030518
0.0
0.1672053337097168
1.1147714853286743
2.035466432571411
1.0836288928985596
0.5324064493179321
1.0230543613433838
0.0
3.0084290504455566
2.379253625869751
0.8041976094245911
2.2943806648254395
1.5459164381027222
1.5266135931015015
0.5253328084945679
1.1732282638549805
1.5663456916809082
0.2189365029335022
0.0
0.0
1.8953907489776611
2.0177829265594482
1.5281625986099243
1.823682188987732
2.1942615509033203
1.3132600784301758
0.03894410654902458
0.14898212254047394
0.38089919090270996
1.119123101234436
1.1275010108947754
1.6132663488388062
2.807854652404785
1.2880604267120361
1.209167242050171
0.5995631814002991
2.2533388137817383
0.4421463906764984
2.12345027923584
0.0
1.9309337139129639
0.647981584072113
1.8681280612945557
0.9432796835899353
0.44239532947540283
1.8372690677642822
1.582139015197754
2.2699356079101562
3.4354801177978516
1.8325015306472778
3.4027111530303955
1.7879540920257568
3.123601198196411
0.0
1.9762669801712036
2.0602214336395264
1.1551092863082886
1.3424900770187378
0.0
2.8207502365112305
1.9657936096191406
0.4405142366886139
1.9432820081710815
2.2109053134918213
1.0249526500701904
1.0006792545318604
2.927628517150879
1.9922056198120117
0.0
2.069391965866089
0.0
0.0
2.8462681770324707
2.7388527393341064
0.5576770901679993
0.7917870283126831
1.8186784982681274
1.1587833166122437
0.127738818526268
3.7081730365753174
1.5487359762191772
1.3076316118240356
1.1209269762039185
1.350773811340332
1.9125902652740479
0.0
0.0
2.6064045429229736
1.7287684679031372
0.623336911201477
0.0
0.8397026062011719
2.1602823734283447
1.668962001800537
0.11759550869464874
0.9803426265716553
0.15687930583953857
1.547663688659668
2.0176780223846436
2.642916440963745
1.5302417278289795
0.0
2.9403114318847656
1.748604655265808
1.247568964958191
1.4701063632965088
0.0
2.0498781204223633
0.32512056827545166
1.3249136209487915
2.072540283203125
2.0298595428466797
1.2045379877090454
1.0031882524490356
2.4641740322113037
2.1997876167297363
1.2643589973449707
2.7143185138702393
0.9180647730827332
1.979384422302246
1.1495296955108643
1.2811740636825562
1.2079341411590576
3.0157408714294434
0.0
1.139413833618164
1.559031367301941
3.254108190536499
0.4832231402397156
3.6856045722961426
0.020521104335784912
0.8478298783302307
0.006734758615493774
0.6013399958610535
1.3597450256347656
1.2450581789016724
1.6817315816879272
1.8574479818344116
1.9927079677581787
0.7803950309753418
0.7244802713394165
0.0
4.017406940460205
0.3608326315879822
1.2603487968444824
2.4351232051849365
1.0305556058883667
0.016271302476525307
3.7915782928466797
0.9900638461112976
2.779700517654419
0.0
1.9970297813415527
0.8515681028366089
0.8293691873550415
2.7083306312561035
0.16374002397060394
1.631258487701416
0.9181822538375854
2.0353055000305176
1.1313090324401855
0.0
1.520486831665039
2.1694068908691406
1.6460877656936646
0.5156235098838806
2.5882697105407715
2.4300520420074463
2.011019229888916
1.7882617712020874
2.1722803115844727
0.6985635757446289
1.6132704019546509
1.1932618618011475
0.0
1.072026014328003
3.558749198913574
2.3648335933685303
2.8497939109802246
1.5802384614944458
0.0
2.739625930786133
0.512814998626709
2.8588573932647705
1.0058679580688477
0.9332818984985352
1.0440094470977783
1.6974482536315918
1.6955887079238892
1.3439619541168213
0.0
1.5170139074325562
3.51210618019104
1.3772691488265991
0.5993949770927429
2.7065916061401367
0.0
1.171260118484497
3.4000730514526367
0.8956050276756287
2.5561578273773193
0.0
0.0
0.0
0.75970059633255
0.0
1.8447185754776
1.7275424003601074
