
BA
0.0
1000
1000
1000
1000
1000
1000
1000
1000
1000
1000
1000
1000
1000
1000
1000
1000
1000
1000
1000
1000

BA
0.0
0.02725708857178688
0.005401077214628458
0.011101636104285717
0.025151308625936508
0.0020947556477040052
0.07363869249820709
0.02861020714044571
0.022142918780446053
0.05496392771601677
0.027732806280255318
0.04735666885972023
0.017734620720148087
0.060006700456142426
0.04539596661925316
0.011527149006724358
0.04499524086713791
0.05606354773044586
0.030539292842149734
0.039720844477415085
0.028636522591114044
0.0847313404083252
0.0037616619374603033
0.20929017663002014
0.02055182121694088
0.0
0.009600249119102955
0.03452637419104576
0.07640817761421204
0.025601152330636978
0.01743076555430889
0.036837730556726456
0.012571840547025204
0.0010448271641507745
0.050268180668354034
0.0
0.0
0.0
0.0682387501001358
0.06308086961507797
0.015039917081594467
0.0381486676633358
0.03493370860815048
0.031794629991054535
0.20153707265853882
0.0392087921500206
0.012995731085538864
0.003411549376323819
0.06163888797163963
0.0
0.05092790350317955
0.05589006841182709
0.0
0.0
0.03653523698449135
0.04210240766406059
0.02794850431382656
0.009779933840036392
0.0
0.0
0.09842146933078766
0.0
0.016276763752102852
0.013698938302695751
0.008337670937180519
0.031141526997089386
0.01571769453585148
0.03127073124051094
0.008552039042115211
0.03119082748889923
0.008000957779586315
0.011028154753148556
0.05429963022470474
0.023956120014190674
0.02742253616452217
0.08240389078855515
0.032844606786966324
0.0033707923721522093
0.0
0.047838129103183746
0.07731151580810547
0.05581147223711014
0.12374309450387955
0.0450601689517498
0.004759659990668297
0.002735243644565344
0.0
0.022895850241184235
0.04418474808335304
0.03827410563826561
0.01983063481748104
0.0009679585346020758
0.0666196346282959
0.048683635890483856
0.0
0.0
0.016664965078234673
0.03263062238693237
0.031290438026189804
0.049296192824840546
0.005977798253297806
0.003754852106794715
0.048920415341854095
0.05436573550105095
0.08366794139146805
0.06394598633050919
0.012523000128567219
0.03434128686785698
0.04885958880186081
0.034375935792922974
0.033784132450819016
0.06140649691224098
0.0005722558707930148
0.03969351202249527
0.038447871804237366
0.0068068732507526875
0.05260387063026428
0.03201992064714432
0.008697880432009697
0.03963129222393036
0.045966241508722305
0.02962951548397541
0.06360626965761185
0.07516901195049286
0.06365801393985748
0.011909806169569492
0.03322463110089302
0.003589064348489046
0.01981233060359955
0.011181940324604511
0.030517317354679108
0.13590291142463684
0.028706800192594528
0.08064290136098862
0.03430863842368126
0.040428418666124344
0.03311365470290184
0.08186952769756317
0.026967842131853104
0.0
0.0
0.031129546463489532
0.028801489621400833
0.0
0.044429074972867966
0.02875586599111557
0.024140367284417152
0.0
0.02127615548670292
0.029561305418610573
0.0003971276164520532
0.04130027815699577
0.0
0.07145504653453827
0.00902139488607645
0.031227773055434227
0.013044829480350018
0.06023365259170532
0.020008666440844536
0.042187243700027466
0.04353512078523636
0.08696973323822021
0.0
0.04196533188223839
0.0
0.007046585902571678
0.01958041824400425
0.04330570995807648
0.010916491970419884
0.0
0.060491252690553665
0.0
0.0643782839179039
0.05621657148003578
0.05140742287039757
0.05317923426628113
0.010899636894464493
0.0704951360821724
0.00058361777337268
0.058269526809453964
0.038612015545368195
0.03561946377158165
0.09254790842533112
0.021976592019200325
0.014921044930815697
0.05415768176317215
0.0355830080807209
0.0
0.0
0.05411221832036972
0.043369125574827194
0.01296649407595396
0.029876960441470146
0.054369714111089706
0.03248671069741249
0.0
0.06825106590986252
0.05125213414430618
0.06437966972589493
0.06312314420938492
0.016383543610572815
0.00681038573384285
0.08700842410326004
0.04887641221284866
0.056117456406354904
0.02765548601746559
0.04313318058848381
0.06085563451051712
0.07978907972574234
0.06486993283033371
0.004730891901999712
0.00013213623606134206
0.034204352647066116
0.0
0.015606124885380268
0.021089304238557816
0.06360751390457153
0.02192273922264576
0.03670433163642883
0.04007747396826744
0.02379530854523182
0.0
0.04728330671787262
0.008982871659100056
0.0
0.0
0.0
0.038794368505477905
0.010312678292393684
0.0
0.0458453930914402
0.13299009203910828
0.028711700811982155
0.0033586863428354263
0.05456821247935295
0.03217121213674545
0.04808776453137398
0.03593063727021217
0.017874645069241524
0.02933492325246334
0.11043408513069153
0.04311973601579666
0.006088659632951021
0.03287464380264282
0.08700039237737656
0.009433542378246784
0.05836619809269905
0.024079950526356697
0.025186043232679367
0.004334732890129089
0.03459317609667778
0.014883600175380707
0.11115224659442902
0.035474181175231934
0.032251644879579544
0.0023070669267326593
0.017996948212385178
0.07303823530673981
0.015970321372151375
0.0650220513343811
0.06735871732234955
0.06997709721326828
0.020967500284314156
0.026440661400556564
0.010419699363410473
0.03313891217112541
0.0
0.05193202197551727
0.04624949395656586
0.01116999052464962
0.03254854306578636
0.0025565349496901035
0.007206981536000967
0.0028667983133345842
0.04323386773467064
0.009342503733932972
0.03992770239710808
0.0
0.0361095629632473
0.011519163846969604
0.06681125611066818
0.01633884757757187
0.01735668070614338
0.029319919645786285
0.02071519009768963
0.10410581529140472
0.12203321605920792
0.0006985320942476392
0.04227596893906593
0.031194936484098434
0.09167979657649994
0.04895612597465515
0.049019474536180496
0.0
0.015503755770623684
0.009773090481758118
0.06419570744037628
0.09254544228315353
0.03246498107910156
0.016333607956767082
0.03273441269993782
0.008549257181584835
0.004852199926972389
0.033457089215517044
0.018660472705960274
0.03428558632731438
0.0015835961094126105
0.026503102853894234
0.00614024605602026
0.0
0.0032983203418552876
0.060510341078042984
0.003148444462567568
0.0
0.006513929460197687
0.03892804682254791
0.035907696932554245
0.04155081510543823
0.05887782573699951
0.03708766773343086
0.023102814331650734
0.04731738939881325
0.03525396063923836
0.0
0.005869164131581783
0.04533304646611214
0.053914640098810196
0.05952777341008186
0.02912854216992855
0.008637028746306896
0.08399783074855804
0.017330946400761604
0.0
0.02167498506605625
0.04112030938267708
0.03042411245405674
0.05993874743580818
0.05441930890083313
0.018429698422551155
0.053942229598760605
0.01866086758673191
0.03253654018044472
0.009613590314984322
0.026914875954389572
0.020966317504644394
0.08061203360557556
0.030015481635928154
0.0
0.053669508546590805
0.019562790170311928
0.05027373135089874
0.08449094742536545
0.01058849599212408
0.06670601665973663
0.0007365160272456706
0.006109785288572311
0.0
0.0
0.03687877207994461
0.046486787497997284
0.05486639589071274
0.02979223243892193
0.07339222729206085
0.04562780633568764
0.05830259248614311
0.042306479066610336
0.047894809395074844
0.007200122345238924
0.004870097152888775
0.08336474001407623
0.0
0.05684886500239372
0.07376041263341904
0.0104177575558424
0.1035635843873024
0.051502540707588196
0.001959809334948659
0.05314173176884651
0.0038511380553245544
0.012372915633022785
0.010501720011234283
0.03085116483271122
0.06037468463182449
0.020303381606936455
0.0
0.0
0.06203890219330788
0.001572860055603087
0.029159698635339737
0.0
0.07968354970216751
0.11304628849029541
0.01692260429263115
0.017420794814825058
0.031016256660223007
0.0
0.011987405829131603
0.0062238071113824844
0.03802090883255005
0.0
0.06784910708665848
0.0028099357150495052
0.05486941337585449
0.0293692909181118
0.038688529282808304
0.00395008223131299
0.08650732785463333
0.028319505974650383
0.04997125640511513
0.003484340850263834
0.05728578567504883
0.0216986071318388
0.0
0.014425109140574932
0.01911015249788761
0.04950778931379318
0.026538360863924026
0.02721201628446579
0.0
0.04218767210841179
0.016552157700061798
0.04158778488636017
0.0
0.042984023690223694
0.0336470864713192
0.044427987188100815
0.005014491733163595
0.02517678402364254
0.057615481317043304
0.02355276234447956
0.006295243743807077
0.04271022975444794
0.026993706822395325
0.011617069132626057
0.008311247453093529
0.06300117075443268
0.021634526550769806
0.0189445111900568
0.0
0.017873957753181458
0.07771372050046921
0.0022751959040760994
0.07368956506252289
0.026228096336126328
0.04540790989995003
0.045127157121896744
0.005489278119057417
0.03298811987042427
0.019608309492468834
0.0
0.023653671145439148
0.05031147226691246
0.01292559877038002
0.007259765639901161
0.031956031918525696
0.03480453044176102
0.0
0.03577679768204689
0.02169058285653591
0.0
0.05616190284490585
0.014421402476727962
0.06019126623868942
0.0022336775436997414
0.0
0.08176440745592117
0.025748856365680695
0.07664064317941666
0.017483536154031754
0.04579668119549751
0.0
0.0535324290394783
0.04479949548840523
0.007347044534981251
0.018588026985526085
0.03570882976055145
0.0
0.026570195332169533
0.024930965155363083
0.03096037358045578
0.00740288058295846
0.04401446133852005
0.044844385236501694
0.010881862603127956
0.05637994036078453
0.005454641301184893
0.04711051657795906
0.06334564089775085
0.012225023470818996
0.04347950592637062
0.18030396103858948
0.01967727765440941
0.04316997900605202
0.06737355887889862
0.04520156979560852
0.04967924579977989
0.034083619713783264
0.0007981281960383058
0.06517390161752701
0.030404983088374138
0.03661862015724182
0.0006781482952646911
0.012200133875012398
0.03736541420221329
0.08173364400863647
0.04691559448838234
0.034783028066158295
0.045164499431848526
0.02188718691468239
0.027939047664403915
0.09829774498939514
0.025870297104120255
0.08011222630739212
0.0686945766210556
0.04430093988776207
0.01220018696039915
0.0371403805911541
0.034070368856191635
0.012589916586875916
0.028223557397723198
0.028752757236361504
0.08772169798612595
0.04159761965274811
0.021686920896172523
0.07108897715806961
0.02157609350979328
0.03022000938653946
0.026232197880744934
0.06480121612548828
0.02565614879131317
0.034054629504680634
0.02115093171596527
0.06086680665612221
0.04572470486164093
0.043274443596601486
0.0451231524348259
0.04928459972143173
0.017385058104991913
0.0006947082583792508
0.028878219425678253
0.07768037915229797
0.036626171320676804
0.019277678802609444
0.053523678332567215
0.07674159854650497
0.03595137223601341
0.031015148386359215
0.02420123480260372
0.03214211389422417
0.01348783541470766
0.018929529935121536
0.008622833527624607
0.031711041927337646
0.019320154562592506
0.11936396360397339
0.023680366575717926
0.0046738432720303535
0.048483747988939285
0.0012142224004492164
0.043402958661317825
0.05445817857980728
0.053253550082445145
0.005835861433297396
0.017876995727419853
0.04445536062121391
0.014780380763113499
0.05516112223267555
0.0032488314900547266
0.03849594295024872
0.048389140516519547
0.012951062992215157
0.06505044549703598
0.05045134574174881
0.006212464068084955
0.022911423817276955
0.014420464634895325
0.050180185586214066
0.00648930249735713
0.07063062489032745
0.01666152849793434
0.020718060433864594
0.03435849770903587
0.05481136217713356
0.030692314729094505
0.049006734043359756
0.035083476454019547
0.02050027623772621
0.04500584676861763
0.03885718435049057
0.12034603208303452
0.024791942909359932
0.025711366906762123
0.04903239756822586
0.008041665889322758
0.028648599982261658
0.027432898059487343
0.05273047089576721
0.0
0.007878419943153858
0.003401882713660598
0.025298701599240303
0.019629042595624924
0.06561820954084396
0.05119040980935097
0.11703446507453918
0.05138959735631943
0.024342922493815422
0.004440220072865486
0.007603065110743046
0.1090194433927536
0.018547039479017258
0.013403180055320263
0.02644936926662922
0.03106694482266903
0.07233233004808426
0.0
0.04520793631672859
0.0
0.012236867100000381
0.04171988368034363
0.07347195595502853
0.025881335139274597
0.09260223060846329
0.01723579131066799
0.051531821489334106
0.08828510344028473
0.08356824517250061
0.041350871324539185
0.03856044262647629
0.0543612465262413
0.017304379492998123
0.01597362756729126
0.010865192860364914
0.0358368456363678
0.021882757544517517
0.01087198592722416
0.03164764121174812
0.0
0.03788445144891739
0.0
0.007885687053203583
0.00352421123534441
0.023697948083281517
0.06259161978960037
0.06343714892864227
0.021322274580597878
0.013882535509765148
0.00637003593146801
0.008958984166383743
0.06747765094041824
0.021205857396125793
0.038358014076948166
0.042188860476017
0.021271510049700737
0.06085779517889023
0.0017543983412906528
0.10447613149881363
0.02167048491537571
0.021865269169211388
0.051308393478393555
0.03255597874522209
0.0
0.06251963973045349
0.005259523168206215
0.017819251865148544
0.0
0.09129340201616287
0.05368680879473686
0.08826275169849396
0.022988615557551384
0.07079426199197769
0.0
0.0
0.05903112515807152
0.0
0.02776872180402279
0.008587433956563473
0.005860426928848028
0.005048402119427919
0.025009552016854286
0.016248054802417755
0.029535969719290733
0.013920938596129417
0.0
0.04436493664979935
0.0002816631458699703
0.04255927726626396
0.0003779727267101407
0.005239178892225027
0.006174580659717321
0.006704552564769983
0.034229885786771774
0.01092237327247858
0.06935526430606842
0.036695268005132675
0.04097854346036911
0.0
0.0
0.07436367124319077
0.019261302426457405
0.05786030367016792
0.026797136291861534
0.04053860157728195
0.03064500354230404
0.04827428236603737
0.007388461381196976
0.061596501618623734
0.04437582567334175
0.0010716028045862913
0.033825770020484924
0.0
0.0
0.06827890127897263
0.010488873347640038
0.029344134032726288
0.0
0.0238591730594635
0.015485608018934727
0.022852640599012375
0.04469500109553337
0.02615297958254814
0.026970719918608665
0.05232885107398033
0.07488981634378433
0.05730370059609413
0.0
0.06309142708778381
0.0
0.003549885470420122
0.013384130783379078
0.020078830420970917
0.0
0.057065121829509735
0.08639249950647354
0.0
0.009815498255193233
0.01863470859825611
0.040904127061367035
0.07853589206933975
0.0
0.02511182241141796
0.046010617166757584
0.03617794066667557
0.07353188097476959
0.024865441024303436
0.0459107831120491
0.0011542367283254862
0.03597990423440933
0.04334881156682968
0.015699604526162148
0.04529378190636635
0.0
0.025208065286278725
0.09695662558078766
0.03309989348053932
0.024669984355568886
0.013314764946699142
0.041466496884822845
0.059761643409729004
0.20751480758190155
0.026320461183786392
0.003075616667047143
0.012274768203496933
0.02957535721361637
0.08565644919872284
0.07771353423595428
0.03626349940896034
0.0071436516009271145
0.03179300203919411
0.03473414108157158
0.0
0.0
0.03502432629466057
0.03697860985994339
0.02243480645120144
0.0022454573772847652
0.0
0.027630886062979698
0.040607333183288574
0.0
0.04564698413014412
0.06570366770029068
0.04370561242103577
0.029848095029592514
0.06596294790506363
0.0192987322807312
0.005250262562185526
0.017635883763432503
0.0001546485727885738
0.03998188301920891
0.0
0.09407169371843338
0.0
0.002563492627814412
0.010321540758013725
0.057599104940891266
0.0124181704595685
0.03642628714442253
0.023757746443152428
0.0
0.04239032417535782
0.11575144529342651
0.03821210190653801
0.04805172607302666
0.045643240213394165
0.01896877959370613
0.007664801552891731
0.0229534599930048
0.03499108552932739
0.006256133317947388
0.0
0.0
0.03786642104387283
0.050075463950634
0.0456564724445343
0.04838674142956734
0.054375603795051575
0.020821327343583107
0.001707857707515359
0.00418725935742259
0.006933415308594704
0.01936056651175022
0.07285813987255096
0.04250924289226532
0.05796373263001442
0.041240476071834564
0.02976428158581257
0.05041629076004028
0.08823934942483902
0.007573030889034271
0.03726067394018173
0.0
0.030755195766687393
0.009525441564619541
0.029033945873379707
0.009213855490088463
0.007554454263299704
0.0423041507601738
0.034360162913799286
0.05697089433670044
0.09288261830806732
0.03019016422331333
0.06683389097452164
0.05614464730024338
0.06542346626520157
0.0
0.0416799820959568
0.03973973169922829
0.041470229625701904
0.026565268635749817
0.0
0.0669977217912674
0.042890436947345734
0.007332023698836565
0.029413685202598572
0.04635237902402878
0.04630972072482109
0.03611098602414131
0.05105448514223099
0.02250921167433262
0.0
0.02514948509633541
0.0
0.0
0.05558519437909126
0.07200825959444046
0.010368761606514454
0.022221222519874573
0.04713525250554085
0.012247973121702671
0.0060677556321024895
0.09182226657867432
0.03510255366563797
0.03426774591207504
0.034428492188453674
0.05842040851712227
0.045413095504045486
0.0
0.0
0.04474335163831711
0.05802161246538162
0.017547523602843285
0.0
0.0310450978577137
0.04293414577841759
0.020783189684152603
0.002649283269420266
0.015903400257229805
0.0031757508404552937
0.022545088082551956
0.018443092703819275
0.05700453743338585
0.034610114991664886
0.0
0.06768018007278442
0.027718011289834976
0.015820162370800972
0.04578448459506035
0.0
0.04314570873975754
0.00325527205131948
0.02524244412779808
0.05373309180140495
0.05224796384572983
0.030668677762150764
0.01769142970442772
0.06357411295175552
0.025754837319254875
0.04940713196992874
0.05768463388085365
0.019399898126721382
0.03426876664161682
0.011064180172979832
0.027286013588309288
0.02801918238401413
0.08000954240560532
0.0
0.04262525215744972
0.04108978807926178
0.058527760207653046
0.010842874646186829
0.0638296902179718
0.0008286081138066947
0.011416357010602951
0.0005052225315012038
0.005990099161863327
0.022242819890379906
0.030772095546126366
0.05300532281398773
0.04448172077536583
0.05665920674800873
0.03552995249629021
0.019031889736652374
0.0
0.0845305323600769
0.010268156416714191
0.04274865239858627
0.04212544113397598
0.011307528242468834
0.0038415072485804558
0.11406442523002625
0.01768099144101143
0.061328817158937454
0.0
0.012938950210809708
0.009871265850961208
0.01150863990187645
0.04593423008918762
0.003784829517826438
0.034442272037267685
0.018768714740872383
0.0442458912730217
0.008179865777492523
0.0
0.043376624584198
0.06106347218155861
0.04914785921573639
0.003708545584231615
0.055846571922302246
0.08524172008037567
0.0935969427227974
0.04315701872110367
0.06398693472146988
0.012853858061134815
0.028070254251360893
0.0288859810680151
0.0
0.020530574023723602
0.08888193964958191
0.04975453391671181
0.1292538195848465
0.02674703672528267
0.0
0.10522951185703278
0.02388991229236126
0.07871244102716446
0.02370425872504711
0.028340479359030724
0.01188285555690527
0.02437424287199974
0.048809491097927094
0.02924741990864277
0.0
0.03855182230472565
0.04292239248752594
0.035845812410116196
0.018199019134044647
0.09814253449440002
0.0
0.0453590527176857
0.07217657566070557
0.03601678088307381
0.0587291494011879
0.0
0.0
0.0
0.027172351256012917
0.0
0.028939535841345787
0.0653330609202385
