
FGSM
0.0
0.0015000104904174805
0.00020000338554382324
0.0004000067710876465
0.001600027084350586
0.00010001659393310547
0.04100000858306885
0.00010001659393310547
0.0010000020265579224
0.0012000203132629395
0.003600001335144043
0.08799999952316284
0.0009000003337860107
0.00950002670288086
0.10100001096725464
0.0004500150680541992
0.001400001347064972
0.013300001621246338
0.00700002908706665
0.0022500157356262207
0.0015000104904174805
0.03700000047683716
0.0001500248908996582
0.10400000214576721
0.002400010824203491
0.0
0.00034999847412109375
0.008000016212463379
0.015000000596046448
0.0015000104904174805
0.000800013542175293
0.024000003933906555
0.000550001859664917
5.0008296966552734e-05
0.0034000277519226074
0.0
0.0
0.0
0.11599999666213989
0.11800003051757812
0.0006500035524368286
0.0010000020265579224
0.0027000010013580322
0.001900017261505127
1000
0.009000003337860107
0.0007500052452087402
0.0001500248908996582
0.014000000432133675
0.0
0.012000024318695068
0.022000014781951904
0.0
0.0
0.012000024318695068
0.006650000810623169
0.0017000138759613037
0.0004000067710876465
0.0
0.0
0.07500000298023224
0.0
0.0009000003337860107
0.0007500052452087402
0.000350000336766243
0.014250010251998901
0.000250011682510376
0.001400001347064972
0.000250011682510376
0.0018000006675720215
0.00030000507831573486
0.000500023365020752
0.01000000536441803
0.0010000020265579224
0.0013000071048736572
0.023000001907348633
0.0022500157356262207
0.0001500248908996582
0.0
0.07700002193450928
0.01000000536441803
0.027000010013580322
0.10300000011920929
0.009000003337860107
0.00020000338554382324
0.00010001659393310547
0.0
0.0012000203132629395
0.07200002670288086
0.007600009441375732
0.0010000020265579224
5.0008296966552734e-05
0.06100000441074371
0.012350022792816162
0.0
0.0
0.0006500035524368286
0.003800004720687866
0.0022500157356262207
0.12800002098083496
0.000250011682510376
0.0001500248908996582
0.018000006675720215
0.0010000020265579224
0.04800000786781311
0.13199999928474426
0.0009000003337860107
0.011000007390975952
0.02000001072883606
0.004500001668930054
0.0020000040531158447
0.17100000381469727
5.0008296966552734e-05
0.0054000020027160645
0.04400002956390381
0.000250011682510376
0.015000000596046448
0.000550001859664917
0.000350000336766243
0.001400001347064972
0.004999995231628418
0.0028500035405158997
0.027000010013580322
0.06300002336502075
0.003600001335144043
0.0006000101566314697
0.02000001072883606
0.00020000338554382324
0.000800013542175293
0.0004500150680541992
0.015000000596046448
0.09000003337860107
0.07200002670288086
0.08900000154972076
0.0017000138759613037
0.008550003170967102
0.001400001347064972
0.03600001335144043
0.000800013542175293
0.0
0.0
0.09200000762939453
0.0015000104904174805
0.0
0.08399999886751175
0.000800013542175293
0.0012000203132629395
0.0
0.00030000507831573486
0.007600009441375732
5.0008296966552734e-05
0.0012000203132629395
0.0
0.015000000596046448
0.00034999847412109375
0.001900017261505127
0.0006000101566314697
0.010450005531311035
0.0025500059127807617
0.10400000214576721
0.006650000810623169
0.05500000715255737
0.0
0.014000000432133675
0.0
0.000250011682510376
0.0007500052452087402
0.0004000067710876465
0.000550001859664917
0.0
0.022000014781951904
0.0
0.012000024318695068
0.012350022792816162
0.062000006437301636
0.015000000596046448
0.000700000673532486
0.011000007390975952
5.0008296966552734e-05
0.0006000101566314697
0.015000000596046448
0.07000000029802322
0.08500000834465027
0.0004500150680541992
0.001100003719329834
0.026000022888183594
0.002400010824203491
0.0
0.0
0.13199999928474426
0.10700000077486038
0.0009000003337860107
0.02000001072883606
0.0020000040531158447
0.0022500157356262207
0.0
0.013300001621246338
0.009999990463256836
0.01614999957382679
0.00950002670288086
0.021000027656555176
0.000250011682510376
0.06000000238418579
0.00950002670288086
0.04699999839067459
0.0021000057458877563
0.0054000020027160645
0.04500001668930054
0.011400014162063599
0.1080000102519989
0.00020000338554382324
5.0008296966552734e-05
0.1470000147819519
0.0
0.0006500035524368286
0.0012000203132629395
0.012000024318695068
0.0004500150680541992
0.009000003337860107
0.02000001072883606
0.0009500086307525635
0.0
0.12300002574920654
0.000250011682510376
0.0
0.0
0.0
0.01000000536441803
0.0004000067710876465
0.0
0.12000000476837158
0.0690000057220459
0.0017000138759613037
0.00010001659393310547
0.007600009441375732
0.13199999928474426
0.012000024318695068
0.0028500035405158997
0.000800013542175293
0.001900017261505127
0.11500000953674316
0.0022500157356262207
0.000250011682510376
0.030000001192092896
0.14100003242492676
0.0004000067710876465
0.04900002479553223
0.0027000010013580322
5.0008296966552734e-05
0.0001500248908996582
0.10300000011920929
0.0007500052452087402
0.09600001573562622
0.08799999952316284
0.010450005531311035
0.00010001659393310547
0.000350000336766243
0.013000011444091797
0.000550001859664917
0.026000022888183594
0.015000000596046448
0.07600000500679016
0.0009500086307525635
0.0009000003337860107
0.0004000067710876465
0.008000016212463379
0.0
0.009000003337860107
0.009000003337860107
0.000550001859664917
0.008000016212463379
0.00010001659393310547
0.000250011682510376
0.0001500248908996582
0.001900017261505127
0.00010001659393310547
0.0028500035405158997
0.0
0.0009000003337860107
0.000500023365020752
0.00950002670288086
0.000550001859664917
0.0010000020265579224
0.002400010824203491
0.0009000003337860107
0.039000004529953
0.10000002384185791
5.0008296966552734e-05
0.009000003337860107
0.06400001049041748
0.09799999743700027
0.012000024318695068
0.001100003719329834
0.0
0.0008500218391418457
0.0004000067710876465
0.018000006675720215
0.14900000393390656
0.030000001192092896
0.0008500218391418457
0.0027000010013580322
0.00030000507831573486
0.00030000507831573486
0.0004000067710876465
0.001100003719329834
0.001900017261505127
5.0008296966552734e-05
5.0008296966552734e-05
0.000250011682510376
0.0
0.0001500248908996582
0.11000001430511475
0.0001500248908996582
0.0
0.000250011682510376
0.00950002670288086
0.0010000020265579224
0.014000000432133675
0.12800002098083496
0.11000001430511475
0.0028500035405158997
0.11900001764297485
0.008550003170967102
0.0
0.00020000338554382324
0.014000000432133675
0.012000024318695068
0.06300002336502075
0.008000016212463379
0.00030000507831573486
0.09700000286102295
0.0009000003337860107
0.0
0.006650000810623169
0.0020000040531158447
0.002400010824203491
0.24300003051757812
0.01000000536441803
0.0004000067710876465
0.026000022888183594
0.0007500052452087402
0.0010000020265579224
0.000550001859664917
0.0022500157356262207
0.001100003719329834
0.11599999666213989
0.0007500052452087402
0.0
0.10600000619888306
0.0007500052452087402
0.07500000298023224
0.021000027656555176
0.000550001859664917
0.009000003337860107
5.0008296966552734e-05
0.00020000338554382324
0.0
0.0
0.011000007390975952
0.02000001072883606
0.04500001668930054
0.041999999433755875
0.08399999886751175
0.04500001668930054
0.10100001096725464
0.000800013542175293
0.0025500059127807617
0.0001500248908996582
0.00020000338554382324
0.05500000715255737
0.0
0.15200001001358032
0.10199999809265137
0.0004000067710876465
0.3240000009536743
0.001100003719329834
0.00010001659393310547
0.000800013542175293
0.00020000338554382324
0.000500023365020752
0.0004500150680541992
0.0012000203132629395
0.012000024318695068
0.000500023365020752
0.0
0.0
0.0018000006675720215
5.0008296966552734e-05
0.0012000203132629395
0.0
0.08399999886751175
0.08900000154972076
0.0007500052452087402
0.000500023365020752
0.008000016212463379
0.0
0.0004500150680541992
0.00030000507831573486
0.001100003719329834
0.0
0.02800000086426735
0.00010001659393310547
0.000500023365020752
0.000500023365020752
0.009000003337860107
0.0001500248908996582
0.08100000023841858
0.02800000086426735
0.04300001263618469
0.0001500248908996582
0.10300000011920929
0.0022500157356262207
0.0
0.000500023365020752
0.0008500218391418457
0.07600000500679016
0.008000016212463379
0.0018000006675720215
0.0
0.012000024318695068
0.0007500052452087402
0.001100003719329834
0.0
0.013000011444091797
0.006000012159347534
0.08700001239776611
0.00020000338554382324
0.0013000071048736572
0.0034000277519226074
0.00700002908706665
0.00020000338554382324
0.0020000040531158447
0.0012000203132629395
0.000500023365020752
0.0006500035524368286
0.012000024318695068
0.000350000336766243
0.0010000020265579224
0.0
0.000700000673532486
0.08700001239776611
0.00010001659393310547
0.013000011444091797
0.0017000138759613037
0.08700001239776611
0.028999999165534973
0.00030000507831573486
0.04699999839067459
0.0007500052452087402
0.0
0.0010000020265579224
0.01000000536441803
0.000550001859664917
0.0004000067710876465
0.00950002670288086
0.004500001668930054
0.0
0.000800013542175293
0.0010000020265579224
0.0
0.156000018119812
0.0006000101566314697
0.04400002956390381
0.00010001659393310547
0.0
0.018000006675720215
0.0009000003337860107
0.008000016212463379
0.0006500035524368286
0.000550001859664917
0.0
0.01600000262260437
0.00950002670288086
0.000250011682510376
0.0012000203132629395
0.00950002670288086
0.0
0.0012000203132629395
0.001600027084350586
0.012000024318695068
0.000250011682510376
0.17599999904632568
0.03299999237060547
0.0006500035524368286
0.1380000114440918
0.00020000338554382324
0.02000001072883606
0.10400000214576721
0.0004500150680541992
0.010450005531311035
0.08399999886751175
0.0010000020265579224
0.008100003004074097
0.12200000882148743
0.0990000069141388
0.0012000203132629395
0.0028500035405158997
5.0008296966552734e-05
0.07600000500679016
0.0350000262260437
0.015000000596046448
5.0008296966552734e-05
0.0004500150680541992
0.002400010824203491
0.013999998569488525
0.07300001382827759
0.0021000057458877563
0.015000000596046448
0.001399993896484375
0.001600027084350586
0.08900000154972076
0.001100003719329834
0.0910000205039978
0.06000000238418579
0.1120000034570694
0.0006500035524368286
0.06499999761581421
0.008000016212463379
0.000500023365020752
0.00950002670288086
0.0004500150680541992
0.04300001263618469
0.002400010824203491
0.001600027084350586
0.001400001347064972
0.0008500218391418457
0.0017000138759613037
0.062000006437301636
0.07999999821186066
0.001400001347064972
0.007200002670288086
0.0015000104904174805
0.014000000432133675
0.07400000095367432
0.014000000432133675
0.01600000262260437
0.03800000250339508
0.0006500035524368286
5.0008296966552734e-05
0.0010000020265579224
0.050000011920928955
0.011000007390975952
0.000800013542175293
0.1850000023841858
0.12000000476837158
0.08300000429153442
0.06000000238418579
0.002400010824203491
0.001900017261505127
0.000700000673532486
0.0010000020265579224
0.00030000507831573486
0.0009000003337860107
0.009000003337860107
0.0990000069141388
0.0009500086307525635
0.00020000338554382324
0.008000016212463379
5.0008296966552734e-05
0.02000001072883606
0.0560000017285347
0.015000000596046448
0.00020000338554382324
0.001100003719329834
0.003000020980834961
0.0012000203132629395
0.07300001382827759
0.0001500248908996582
0.07300001382827759
0.003000020980834961
0.0006000101566314697
0.15399999916553497
0.0040000081062316895
0.000250011682510376
0.006650000810623169
0.00034999847412109375
0.11599999666213989
0.000250011682510376
0.023000001907348633
0.0006000101566314697
0.0007500052452087402
0.021000027656555176
0.01600000262260437
0.01600000262260437
0.12400001287460327
0.011400014162063599
0.003600001335144043
0.0020000040531158447
0.002400010824203491
0.12300002574920654
0.008550003170967102
0.001900017261505127
0.010450005531311035
0.00030000507831573486
0.026000022888183594
0.04900002479553223
0.16100001335144043
0.0
0.00030000507831573486
0.0001500248908996582
0.0012000203132629395
0.0008500218391418457
0.09200000762939453
0.009000003337860107
0.08900000154972076
0.011000007390975952
0.0015000104904174805
0.00020000338554382324
0.0004000067710876465
0.13500000536441803
0.0009500086307525635
0.0006500035524368286
0.001600027084350586
0.0017000138759613037
0.07700002193450928
0.0
0.001600027084350586
0.0
0.0021000057458877563
0.11800003051757812
0.017000019550323486
0.001100003719329834
0.04100000858306885
0.0006000101566314697
0.010450005531311035
0.008550003170967102
0.1120000034570694
0.0010000020265579224
0.0012000203132629395
0.0021000057458877563
0.0010000020265579224
0.0012000203132629395
0.0004500150680541992
0.0015000104904174805
0.001100003719329834
0.00010001659393310547
0.001900017261505127
0.0
0.007600009441375732
0.0
0.000350000336766243
0.0001500248908996582
0.0054000020027160645
0.07200002670288086
0.009000003337860107
0.0009500086307525635
0.000700000673532486
0.000250011682510376
0.00030000507831573486
0.10700000077486038
0.003000020980834961
0.0032000020146369934
0.13099999725818634
0.001100003719329834
0.011000007390975952
0.00010001659393310547
0.0560000017285347
0.001100003719329834
0.00020000338554382324
0.057999998331069946
0.01600000262260437
0.0
0.01600000262260437
0.00020000338554382324
0.012350022792816162
0.0
0.07200002670288086
0.0015000104904174805
0.003000020980834961
0.0008500218391418457
0.11100000143051147
0.0
0.0
0.0022500157356262207
0.0
0.0018000006675720215
0.0004500150680541992
0.00020000338554382324
0.00020000338554382324
0.0025500059127807617
0.0010000020265579224
0.011000007390975952
0.000550001859664917
0.0
0.0013000071048736572
5.0008296966552734e-05
0.0040000081062316895
5.0008296966552734e-05
0.00020000338554382324
0.00020000338554382324
0.000250011682510376
0.008550003170967102
0.0004000067710876465
0.06300002336502075
0.00950002670288086
0.004250004887580872
0.0
0.0
0.03100001811981201
0.0006500035524368286
0.16100001335144043
0.0012000203132629395
0.01000000536441803
0.00950002670288086
0.0013000071048736572
0.000250011682510376
0.0008500218391418457
0.011400014162063599
5.0008296966552734e-05
0.01600000262260437
0.0
0.0
0.013000011444091797
0.0004000067710876465
0.0017000138759613037
0.0
0.0013000071048736572
0.000700000673532486
0.0013000071048736572
0.014250010251998901
0.0013000071048736572
0.07300001382827759
0.06300002336502075
0.08300000429153442
0.011400014162063599
0.0
0.06700003147125244
0.0
0.0001500248908996582
0.000500023365020752
0.0013000071048736572
0.0
0.009000003337860107
0.014000000432133675
0.0
0.0006000101566314697
0.0007500052452087402
0.14900000393390656
0.06400001049041748
0.0
0.003800004720687866
0.01600000262260437
0.009000003337860107
0.06300002336502075
0.0006000101566314697
0.001400001347064972
5.0008296966552734e-05
0.008000016212463379
0.007600009441375732
0.0004500150680541992
0.057999998331069946
0.0
0.001100003719329834
0.07000000029802322
0.006650000810623169
0.00700002908706665
0.00030000507831573486
0.009000003337860107
0.057999998331069946
0.06499999761581421
0.0013000071048736572
0.00010001659393310547
0.0004500150680541992
0.00700002908706665
0.10899999737739563
0.03600001335144043
0.00950002670288086
0.000250011682510376
0.0006000101566314697
0.07600000500679016
0.0
0.0
5.0008296966552734e-05
0.00950002670288086
0.0015000104904174805
0.00010001659393310547
0.0
0.0010000020265579224
0.0012000203132629395
0.0
0.08399999886751175
0.12800002098083496
0.0028500035405158997
0.007600009441375732
0.041999999433755875
0.0009000003337860107
0.00020000338554382324
0.0008500218391418457
5.0008296966552734e-05
0.014000000432133675
0.0
0.078000009059906
0.0
0.00010001659393310547
0.000500023365020752
0.011000007390975952
0.0004500150680541992
0.00034999847412109375
0.001100003719329834
0.0
0.010450005531311035
0.05900001525878906
0.0012000203132629395
0.010450005531311035
0.001600027084350586
0.0010000020265579224
0.00030000507831573486
0.001100003719329834
0.03600001335144043
0.00020000338554382324
0.0
0.0
0.0020000040531158447
0.024000003933906555
0.0013000071048736572
0.006000012159347534
0.017000019550323486
0.0017000138759613037
5.0008296966552734e-05
0.0001500248908996582
0.0006500035524368286
0.0007500052452087402
0.003800004720687866
0.06000000238418579
0.02000001072883606
0.004500001668930054
0.012000024318695068
0.0001500248908996582
0.11400002241134644
0.00030000507831573486
0.12600000202655792
0.0
0.010450005531311035
0.000350000336766243
0.1080000102519989
0.000350000336766243
0.00030000507831573486
0.0013000071048736572
0.006650000810623169
0.01000000536441803
0.07700002193450928
0.0018000006675720215
0.050999999046325684
0.032999999821186066
0.0820000171661377
0.0
0.008550003170967102
0.0820000171661377
0.0009000003337860107
0.003800004720687866
0.0
0.054000020027160645
0.017100006341934204
0.000250011682510376
0.001100003719329834
0.014000000432133675
0.0015000104904174805
0.008000016212463379
0.17299999296665192
0.01900000125169754
0.0
0.001100003719329834
0.0
0.0
0.06599999964237213
0.07000000029802322
0.000700000673532486
0.001100003719329834
0.034000009298324585
0.000550001859664917
0.000250011682510376
0.11699999868869781
0.004500001668930054
0.008550003170967102
0.00950002670288086
0.07500000298023224
0.04300001263618469
0.0
0.0
0.010450005531311035
0.05900001525878906
0.000500023365020752
0.0
0.002499997615814209
0.013000011444091797
0.0007500052452087402
0.00010001659393310547
0.0009000003337860107
0.0001500248908996582
0.0012000203132629395
0.001100003719329834
0.021000027656555176
0.00475001335144043
0.0
0.1080000102519989
0.0018000006675720215
0.000550001859664917
0.0051000118255615234
0.0
0.04800000786781311
0.0001500248908996582
0.008550003170967102
0.09000003337860107
0.08799999952316284
0.006650000810623169
0.000800013542175293
0.07000000029802322
0.0028500035405158997
0.010450005531311035
0.12099999934434891
0.0004000067710876465
0.0015000104904174805
0.000550001859664917
0.0004500150680541992
0.008000016212463379
0.08300000429153442
0.0
0.05700001120567322
0.10300000011920929
0.07000000029802322
0.00030000507831573486
0.14499999582767487
5.0008296966552734e-05
0.0006500035524368286
5.0008296966552734e-05
0.000250011682510376
0.000700000673532486
0.0027000010013580322
0.010450005531311035
0.14100003242492676
0.0025500059127807617
0.0007500052452087402
0.000500023365020752
0.0
0.1809999942779541
0.000500023365020752
0.00950002670288086
0.08900000154972076
0.0004500150680541992
0.0001500248908996582
0.11800003051757812
0.0007500052452087402
0.021000027656555176
0.0
0.000550001859664917
0.0004000067710876465
0.0004500150680541992
0.057999998331069946
0.0001500248908996582
0.014000000432133675
0.0010000020265579224
0.0350000262260437
0.0004500150680541992
0.0
0.010450005531311035
0.01600000262260437
0.0012000203132629395
0.000500023365020752
0.03600001335144043
0.08100000023841858
0.054000020027160645
0.011000007390975952
0.07100000977516174
0.000500023365020752
0.0018000006675720215
0.0010000020265579224
0.0
0.001100003719329834
0.04900002479553223
0.009000003337860107
0.0034000277519226074
0.008000016212463379
0.0
0.07200002670288086
0.001900017261505127
0.04400002956390381
0.0018000006675720215
0.010450005531311035
0.000550001859664917
0.001100003719329834
0.01000000536441803
0.001400001347064972
0.0
0.001900017261505127
0.0027000010013580322
0.024000003933906555
0.000800013542175293
0.06499999761581421
0.0
0.0008500218391418457
0.09200000762939453
0.000800013542175293
0.09200000762939453
0.0
0.0
0.0
0.0010000020265579224
0.0
0.0028500035405158997
0.05500000715255737

PGD
0.0
0.0008740425109863281
0.00015564262866973877
0.0003201514482498169
0.0007799267768859863
6.0945749282836914e-05
0.002003312110900879
5.836784839630127e-05
0.0006028413772583008
0.0007387399673461914
0.0009418725967407227
0.0016865730285644531
0.000629723072052002
0.0042743682861328125
0.001686006784439087
0.00038939714431762695
0.07500001788139343
0.0009590387344360352
0.0011796057224273682
0.0009352713823318481
0.0009218454360961914
0.0019589662551879883
0.00013017654418945312
0.002751469612121582
0.0010511428117752075
0.0
0.0002789497375488281
0.001247406005859375
0.0011913329362869263
0.0009819269180297852
0.0005421638488769531
0.0015787184238433838
0.00038452446460723877
0.06875002384185791
0.0009561777114868164
0.0
0.0
0.0
0.005275443196296692
0.048828125
0.0005035400390625
0.0006929636001586914
0.0008603334426879883
0.001080632209777832
0.0029468536376953125
0.001400187611579895
0.00043001770973205566
0.00010100007057189941
0.0019892752170562744
0.0
0.0019025802612304688
0.0021234750747680664
0.0
0.0
0.0014548301696777344
0.0014514029026031494
0.0007736235857009888
0.00032730400562286377
0.0
0.0
0.0037714242935180664
0.0
0.0005859434604644775
0.0005101263523101807
0.0002626478672027588
0.0010517239570617676
0.00021314620971679688
0.0010382682085037231
0.00015535950660705566
0.000847160816192627
0.0002663731575012207
0.0003876686096191406
0.0011275410652160645
0.0006617605686187744
0.0009247064590454102
0.0025703459978103638
0.000995934009552002
9.78708267211914e-05
0.0
0.0019695162773132324
0.001926332712173462
0.0021755248308181763
0.003795444965362549
0.0021726638078689575
0.00016251206398010254
0.03750002384185791
0.0
0.0007993727922439575
0.0027248412370681763
0.0012113600969314575
0.0007255673408508301
3.147125244140625e-05
0.001491457223892212
0.0013604164123535156
0.0
0.0
0.0005318671464920044
0.0013993382453918457
0.00106830894947052
0.0020496398210525513
0.00020828843116760254
0.00011959671974182129
0.0014826059341430664
0.0006205588579177856
0.0030764639377593994
0.004109576344490051
0.0004566311836242676
0.0011355429887771606
0.0019769668579101562
0.0013753175735473633
0.0011003613471984863
0.0028976500034332275
1.659989356994629e-05
0.0012125074863433838
0.0014754533767700195
0.00022116303443908691
0.0014333724975585938
0.0004240274429321289
0.00029440224170684814
0.0007427334785461426
0.0015844404697418213
0.00161018967628479
0.001270011067390442
0.0019409209489822388
0.0009023696184158325
0.0004105567932128906
0.0009215474128723145
0.0001576542854309082
0.0005413293838500977
0.0003644973039627075
0.0010668784379959106
0.003939345479011536
0.0008754730224609375
0.0029088258743286133
0.0008783340454101562
0.0013632774353027344
0.0008983612060546875
0.0037033110857009888
0.0005902349948883057
0.0
0.0
0.00165596604347229
0.0009733438491821289
0.0
0.0013824701309204102
0.0005158483982086182
0.000728994607925415
0.0
0.00023806095123291016
0.001103222370147705
9.447336196899414e-06
0.0006901025772094727
0.0
0.002301126718521118
0.0002924203872680664
0.0009670257568359375
0.00046434998512268066
0.002762317657470703
0.0007636100053787231
0.00140419602394104
0.0015658438205718994
0.0035164952278137207
0.0
0.0011169463396072388
0.0
0.00020200014114379883
0.0005621910095214844
0.00031128525733947754
0.000446319580078125
0.0
0.0026467442512512207
0.0
0.001263439655303955
0.0014454126358032227
0.0012611448764801025
0.0016010403633117676
0.00044918060302734375
0.0018768310546875
1.8030405044555664e-05
0.0005046874284744263
0.0009673237800598145
0.037500008940696716
0.002814680337905884
0.00031298398971557617
0.0005396008491516113
0.00112152099609375
0.0009020864963531494
0.0
0.0
0.0017123222351074219
0.002342894673347473
0.0005024075508117676
0.0011838972568511963
0.001019120216369629
0.00094643235206604
0.0
0.0018176138401031494
0.0011727213859558105
0.001893162727355957
0.0016954541206359863
0.018750011920928955
0.00021830201148986816
0.002110600471496582
0.0026945173740386963
0.002030491828918457
0.0007621794939041138
0.0016087591648101807
0.0020433664321899414
0.003106236457824707
0.0017372369766235352
0.0001424849033355713
4.0084123611450195e-06
0.001247406005859375
0.0
0.0005106925964355469
0.0007979273796081543
0.002655893564224243
0.00038452446460723877
0.0012499690055847168
0.0013830214738845825
0.0006420165300369263
0.0
0.003185465931892395
0.0002340376377105713
0.0
0.0
0.0
0.001179337501525879
0.00034105777740478516
0.0
0.0013060569763183594
0.0032879114151000977
0.000782206654548645
9.670853614807129e-05
0.0015801489353179932
0.0018785595893859863
0.0016811490058898926
0.0013149380683898926
0.0006240010261535645
0.0010356903076171875
0.1054467260837555
0.001236557960510254
0.00018396973609924316
0.001469433307647705
0.0015014708042144775
0.00031585991382598877
0.0022527724504470825
0.001064300537109375
4.1484832763671875e-05
0.0001233220100402832
0.02812504768371582
0.0005307197570800781
0.006148934364318848
0.002369791269302368
0.0007475912570953369
6.981194019317627e-05
0.0002503395080566406
0.0016845762729644775
0.00046634674072265625
0.0018988847732543945
0.0018010139465332031
0.0013578534126281738
0.0004566311836242676
0.0006531774997711182
0.00031557679176330566
0.0010016560554504395
0.0
0.0019623786211013794
0.0020776987075805664
0.00041371583938598633
0.00116729736328125
8.32676887512207e-05
0.00023233890533447266
9.47117805480957e-05
0.0009984970092773438
8.097290992736816e-05
0.0012205243110656738
0.0
0.0006331503391265869
0.00033846497535705566
0.0013217926025390625
0.0004935264587402344
0.0006434470415115356
0.001148417592048645
0.0006560385227203369
0.001384735107421875
0.0016021728515625
2.6345252990722656e-05
0.0019861459732055664
0.0009873509407043457
0.0026790648698806763
0.0011610090732574463
0.0006872415542602539
0.0
0.0005676299333572388
0.0003141462802886963
0.001990988850593567
0.0030681639909744263
0.0010603070259094238
0.000657200813293457
0.001098349690437317
0.0002572089433670044
0.00015908479690551758
0.0003261566162109375
0.0005135536193847656
0.0009710341691970825
4.32133674621582e-05
8.58306884765625e-06
0.00018711388111114502
0.0
0.00011616945266723633
0.0011973381042480469
9.956955909729004e-05
0.0
0.00018912553787231445
0.0018450766801834106
0.0006514787673950195
0.0013575553894042969
0.06909799575805664
0.04042297601699829
0.000725865364074707
0.07478028535842896
0.001904606819152832
0.0
0.00016164779663085938
0.001785874366760254
0.001445680856704712
0.056250035762786865
0.0009304285049438477
0.00024950504302978516
0.0021889805793762207
0.0006042718887329102
0.0
0.0008986592292785645
0.000886082649230957
0.0010685920715332031
0.001327231526374817
0.0011258125305175781
0.0003204345703125
0.0019254684448242188
0.0005553364753723145
0.00047035515308380127
0.0003650784492492676
0.0009003877639770508
0.0007430315017700195
0.10000002384185791
0.0005702078342437744
0.0
0.0013764500617980957
0.0005948096513748169
0.001835063099861145
0.0013295412063598633
0.00041687488555908203
0.0025245696306228638
1.9744038581848145e-05
0.0001690983772277832
0.0
0.0
0.001263439655303955
0.0011850595474243164
0.00330507755279541
0.0009533166885375977
0.0018467903137207031
0.0014797449111938477
0.0026415884494781494
0.0005862265825271606
0.0014725923538208008
0.00012934207916259766
0.00018139183521270752
0.0013635754585266113
0.0
0.002293407917022705
0.00165596604347229
0.00033360719680786133
0.0016493797302246094
0.0006809234619140625
7.553398609161377e-05
0.0005470514297485352
0.0001198798418045044
0.0003822445869445801
0.00031557679176330566
0.0007618963718414307
0.0012042075395584106
0.0003994107246398926
0.0
0.0
0.0010042190551757812
4.4345855712890625e-05
0.0007787942886352539
0.0
0.002170085906982422
0.005970671772956848
0.0005510449409484863
0.00038826465606689453
0.0010617375373840332
0.0
0.0003619194030761719
0.0003012716770172119
0.0007390081882476807
0.0
0.0013529807329177856
8.183717727661133e-05
0.0004311800003051758
0.0003822445869445801
0.0013306736946105957
0.00013875961303710938
0.002719402313232422
0.0010694563388824463
0.0017824172973632812
0.00012761354446411133
0.0030390024185180664
0.0008543133735656738
0.0
0.0003848075866699219
0.0006391555070877075
0.0022144317626953125
0.0011884719133377075
0.0009910613298416138
0.0
0.0014016181230545044
0.0005828142166137695
0.0006794929504394531
0.0
0.0012428313493728638
0.0013638734817504883
0.00134354829788208
0.0001539289951324463
0.000847160816192627
0.0012534260749816895
0.001282036304473877
0.0001805424690246582
0.0010600090026855469
0.0007664710283279419
0.00036793947219848633
0.0003141462802886963
0.0021984130144119263
0.0002849698066711426
0.0006025433540344238
0.0
0.0005936622619628906
0.003021538257598877
6.237626075744629e-05
0.00238037109375
0.0007710456848144531
0.001773551106452942
0.0014273673295974731
0.00018997490406036377
0.002128317952156067
0.0005075335502624512
0.0
0.0006843805313110352
0.002637028694152832
0.00044232606887817383
0.00026407837867736816
0.0012208223342895508
0.0016116201877593994
0.0
0.07500001788139343
0.0005899667739868164
0.0
0.0015749931335449219
0.00044918060302734375
0.0015850067138671875
6.35385513305664e-05
0.0
0.0014516860246658325
0.0006583333015441895
0.0016056299209594727
0.0005058348178863525
0.0004557669162750244
0.0
0.0017761290073394775
0.00140419602394104
0.00021517276763916016
0.0006477385759353638
0.0010929107666015625
0.0
0.0008036643266677856
0.0009441375732421875
0.0009982138872146606
0.00022116303443908691
0.0013023614883422852
0.004139065742492676
0.00039568543434143066
0.0018113255500793457
0.00016021728515625
0.0018613934516906738
0.001663118600845337
0.0003705024719238281
0.0015012025833129883
0.003497600555419922
0.0007416009902954102
0.0022327452898025513
0.002911090850830078
0.0026538968086242676
0.0007352828979492188
0.0012102127075195312
2.777576446533203e-05
0.0012568533420562744
0.0013360977172851562
0.0013916045427322388
1.831352710723877e-05
0.00033874809741973877
0.0010245442390441895
0.0025889426469802856
0.0014885962009429932
0.0011229515075683594
0.001556396484375
0.0007907897233963013
0.0008591711521148682
0.0859375
0.0007009506225585938
0.00238838791847229
0.001465439796447754
0.0018173456192016602
0.0004285871982574463
0.0012222528457641602
0.001316070556640625
0.00034447014331817627
0.00120563805103302
0.0003453493118286133
0.004123032093048096
0.0012119412422180176
0.0007041096687316895
0.0008042454719543457
0.0006288588047027588
0.0009358525276184082
0.001446843147277832
0.00186939537525177
0.000743865966796875
0.0015864372253417969
0.0009613037109375
0.0013449788093566895
0.0009933710098266602
0.0009681731462478638
0.0015017539262771606
0.001865983009338379
0.0004986822605133057
2.002716064453125e-05
0.0007516145706176758
0.0029857754707336426
0.0010883361101150513
0.000565648078918457
0.007157996296882629
0.08746325969696045
0.001045137643814087
0.0015091896057128906
0.0008005201816558838
0.0009140968322753906
0.0004843771457672119
0.0005982518196105957
0.0002480745315551758
0.0006019622087478638
0.0007035285234451294
0.003811478614807129
0.0006394386291503906
0.00013962388038635254
0.0013638734817504883
3.4332275390625e-05
0.0029431581497192383
0.002014458179473877
0.002139762043952942
0.00017052888870239258
0.0007149726152420044
0.0013901740312576294
0.0005968213081359863
0.00142708420753479
0.00010013580322265625
0.00122109055519104
0.001171886920928955
0.0004926919937133789
0.0015721321105957031
0.0012079477310180664
0.00018540024757385254
0.0011203885078430176
0.0002912580966949463
0.002494528889656067
0.00019311904907226562
0.002305150032043457
0.00047607719898223877
0.0005730688571929932
0.0011283904314041138
0.0018370747566223145
0.0012840330600738525
0.003002941608428955
0.0023014098405838013
0.0006760656833648682
0.00048667192459106445
0.0011507272720336914
0.0027008056640625
0.0010665953159332275
0.0009201169013977051
0.0013916045427322388
0.000240325927734375
0.0010594427585601807
0.001011669635772705
0.0030238181352615356
0.0
0.00023575127124786377
0.00010216236114501953
0.0007261335849761963
0.0006045401096343994
0.0019140243530273438
0.0010571479797363281
0.0039010047912597656
0.0015787184238433838
0.0009581595659255981
0.00013875961303710938
0.00024834275245666504
0.003380298614501953
0.0005719214677810669
0.000492095947265625
0.001011669635772705
0.0008995085954666138
0.0935257077217102
0.0
0.0008511543273925781
0.0
0.00046378374099731445
0.0017578154802322388
0.0023037195205688477
0.0007275640964508057
0.0013235211372375488
0.0004789382219314575
0.0020247697830200195
0.001785576343536377
0.0025474578142166138
0.0006248503923416138
0.000812530517578125
0.0012419819831848145
0.000622868537902832
0.0006082653999328613
0.00035734474658966064
0.0008151084184646606
0.0006732046604156494
8.840858936309814e-05
0.0010780394077301025
0.0
0.0013704299926757812
0.0
0.00024147331714630127
0.0001253187656402588
0.0011000633239746094
0.003475859761238098
0.0016465187072753906
0.0006386041641235352
0.0005072653293609619
0.00021028518676757812
0.00025863945484161377
0.0008482933044433594
0.0008096694946289062
0.001190781593322754
0.001488029956817627
0.0006520301103591919
0.002009868621826172
7.43865966796875e-05
0.02197265625
0.0007407218217849731
0.00014764070510864258
0.0025508999824523926
0.0016179084777832031
0.0
0.002453923225402832
0.00016367435455322266
0.0007535964250564575
0.0
0.0023220181465148926
0.000961601734161377
0.0018310546875
0.0005928277969360352
0.0009684562683105469
0.0
0.0
0.0012531280517578125
0.0
0.0008065253496170044
0.00025177001953125
0.00017280876636505127
0.00019085407257080078
0.0009821951389312744
0.0006162673234939575
0.0012113600969314575
0.0004062652587890625
0.0
0.0008131265640258789
8.58306884765625e-06
0.0012276768684387207
1.0609626770019531e-05
0.00017881393432617188
0.0001748204231262207
0.00021088123321533203
0.0017666816711425781
0.0003464818000793457
0.0022181570529937744
0.0009796172380447388
0.0012665987014770508
0.0
0.0
0.0024207234382629395
0.0005164146423339844
0.00319063663482666
0.0005587637424468994
0.001201927661895752
0.0008308440446853638
0.0007355809211730957
0.00019627809524536133
0.0006265640258789062
0.001675724983215332
3.606081008911133e-05
0.0019320547580718994
0.0
0.0
0.0015875846147537231
0.0003258734941482544
0.0008257031440734863
0.0
0.000783085823059082
0.00047150254249572754
0.0008148252964019775
0.0018133223056793213
0.0008514523506164551
0.0008697509765625
0.0015460997819900513
0.037281811237335205
0.0009510070085525513
0.0
0.001511216163635254
0.0
0.00010502338409423828
0.0004119873046875
0.0007424354553222656
0.0
0.0018819868564605713
0.0011178255081176758
0.0
0.0004011392593383789
0.0005893707275390625
0.0013944655656814575
0.0017349272966384888
0.0
0.00101509690284729
0.0015237927436828613
0.0011927634477615356
0.001893162727355957
0.0004469156265258789
0.0007530450820922852
3.8057565689086914e-05
0.0012345314025878906
0.0012763142585754395
0.0003267526626586914
0.0012997686862945557
0.0
0.0006783604621887207
0.0031605958938598633
0.0010654479265213013
0.0011990666389465332
0.0002400428056716919
0.0013014823198318481
0.0025577545166015625
0.0033313781023025513
0.0006952285766601562
8.669495582580566e-05
0.00037451088428497314
0.0010422766208648682
0.002354919910430908
0.0029331445693969727
0.001309514045715332
0.0002008676528930664
0.0004674941301345825
0.0011123716831207275
0.0
0.0
1.8894672393798828e-05
0.0010016560554504395
0.000823974609375
7.355213165283203e-05
0.0
0.0007123947143554688
0.0006829500198364258
0.0
0.0019781142473220825
0.03527835011482239
0.001217663288116455
0.001259446144104004
0.001813054084777832
0.0006649047136306763
0.00016823410987854004
0.0006288588047027588
3.725290298461914e-06
0.0012502670288085938
0.0
0.0023969709873199463
0.0
7.124245166778564e-05
0.0003453493118286133
0.0023400336503982544
0.0003830939531326294
0.0003012716770172119
0.0007218420505523682
0.0
0.001160740852355957
0.0016568303108215332
0.000912100076675415
0.0017040371894836426
0.0009284019470214844
0.0006148368120193481
0.0002638101577758789
0.0007559061050415039
0.0032398253679275513
0.00017911195755004883
0.0
0.0
0.0010514259338378906
0.00196152925491333
0.0008116960525512695
0.0021234750747680664
0.001968979835510254
0.0006400346755981445
4.607439041137695e-05
8.89897346496582e-05
0.00023806095123291016
0.0005739331245422363
0.0011695921421051025
0.0014179348945617676
0.0020519495010375977
0.0015621185302734375
0.0013303756713867188
0.00014391541481018066
0.10000002384185791
0.00024378299713134766
0.001389622688293457
0.0
0.001217961311340332
0.0003027021884918213
0.0011821985244750977
0.0002918243408203125
0.0002351999282836914
0.0008634626865386963
0.0010571479797363281
0.0033857375383377075
0.003429234027862549
0.0009853392839431763
0.0029588937759399414
0.0014791488647460938
0.002735435962677002
0.0
0.0012848973274230957
0.0013120770454406738
0.0006008148193359375
0.0010923445224761963
0.0
0.0013057738542556763
0.0015658438205718994
0.00020714104175567627
0.0007052421569824219
0.0018528103828430176
0.0008614659309387207
0.0011887550354003906
0.0025720596313476562
0.001011669635772705
0.0
0.0007112622261047363
0.0
0.0
0.0021992921829223633
0.0022327452898025513
0.00045949220657348633
0.0007198452949523926
0.0012917518615722656
0.0003933906555175781
0.000194549560546875
0.09140510857105255
0.001195073127746582
0.00103798508644104
0.00070953369140625
0.0018625259399414062
0.001526951789855957
0.0
0.0
0.0015501081943511963
0.0018556714057922363
0.0003602057695388794
0.0
0.001072317361831665
0.0013123750686645508
0.0004443228244781494
8.240342140197754e-05
0.0005587637424468994
0.0001118779182434082
0.0006737709045410156
0.00061798095703125
0.001922607421875
0.0010932087898254395
0.0
0.003136545419692993
0.0007610321044921875
0.0004311800003051758
0.0012785941362380981
0.0
0.00102253258228302
0.00012274086475372314
0.0009169578552246094
0.0011355429887771606
0.06126749515533447
0.0009152442216873169
0.0005473196506500244
0.0023720860481262207
0.0010445713996887207
0.0012050867080688477
0.002492249011993408
0.0003204345703125
0.0008560419082641602
0.0004162788391113281
0.0003682374954223633
0.0007710456848144531
0.002762317657470703
0.0
0.0008603334426879883
0.0008791983127593994
0.001990705728530884
0.0002283155918121338
0.0025543272495269775
2.574920654296875e-05
0.00038567185401916504
1.545250415802002e-05
0.00020170211791992188
0.0005942583084106445
0.00104542076587677
0.0013117790222167969
0.0009965002536773682
0.001000523567199707
0.0005596280097961426
0.0003888159990310669
0.0
0.006076529622077942
0.00039024651050567627
0.000966191291809082
0.001911163330078125
0.0003476142883300781
0.00010645389556884766
0.005061745643615723
0.0005404502153396606
0.002536594867706299
0.0
0.00043144822120666504
0.0003078579902648926
0.0003682374954223633
0.002644181251525879
0.00012445449829101562
0.0008400082588195801
0.000595390796661377
0.0014313757419586182
0.0003178715705871582
0.0
0.0008677542209625244
0.0014268159866333008
0.00075531005859375
0.00042629241943359375
0.001750662922859192
0.001651957631111145
0.0014044791460037231
0.0014817267656326294
0.0018050223588943481
0.0003888159990310669
0.000886082649230957
0.0006237030029296875
0.0
0.000736430287361145
0.002490520477294922
0.002288818359375
0.001430511474609375
0.0011043548583984375
0.0
0.0023592114448547363
0.000751882791519165
0.002093985676765442
0.0008019506931304932
0.000840306282043457
0.0003790855407714844
0.0007510185241699219
0.0014368295669555664
0.0008431673049926758
0.0
0.0010239630937576294
0.001285463571548462
0.001533806324005127
0.0004446059465408325
0.001811891794204712
0.0
0.0006629228591918945
0.0025271475315093994
0.00042057037353515625
0.00189286470413208
0.0
0.0
0.0
0.0007023811340332031
0.0
0.0010711699724197388
0.0021909773349761963

IGM
0.0
0.0009009391069412231
0.00015592575073242188
0.0003235936164855957
0.0008342862129211426
6.0945749282836914e-05
0.002078831195831299
5.8650970458984375e-05
0.0006371736526489258
0.0007679015398025513
0.0010242462158203125
0.0018027424812316895
0.0006486177444458008
0.004189684987068176
0.001835942268371582
0.0003948211669921875
0.0008646249771118164
0.0010854750871658325
0.0012273788452148438
0.0010422766208648682
0.0009447336196899414
0.0019898414611816406
0.0001313239336013794
0.0030195266008377075
0.0011538565158843994
0.0
0.0002803802490234375
0.0013220906257629395
0.0012145042419433594
0.0010148286819458008
0.0005616247653961182
0.0016854405403137207
0.0004056990146636963
3.347545862197876e-05
0.00098419189453125
0.0
0.0
0.0
0.012867450714111328
0.031222939491271973
0.000514984130859375
0.0007255673408508301
0.0009061098098754883
0.00116044282913208
0.003003239631652832
0.0014974623918533325
0.000446319580078125
0.00010128319263458252
0.0023177266120910645
0.0
0.002037346363067627
0.002628996968269348
0.0
0.0
0.0015317946672439575
0.0015237927436828613
0.0008348524570465088
0.0003304481506347656
0.0
0.0
0.0041656494140625
0.0
0.0006188452243804932
0.0005384683609008789
0.0002695322036743164
0.0011547207832336426
0.00021374225616455078
0.0010548830032348633
0.00016422569751739502
0.0009212493896484375
0.00026722252368927
0.00039654970169067383
0.0011755973100662231
0.0006809234619140625
0.0009427070617675781
0.0027071237564086914
0.0010165274143218994
9.842216968536377e-05
0.0
0.001954376697540283
0.0020319223403930664
0.0022644996643066406
0.04028034210205078
0.002213001251220703
0.00016422569751739502
9.556114673614502e-05
0.0
0.000835716724395752
0.0030129551887512207
0.0012780427932739258
0.000748753547668457
3.147125244140625e-05
0.00157243013381958
0.0014442503452301025
0.0
0.0
0.0005456209182739258
0.0015169382095336914
0.0011195242404937744
0.002377808094024658
0.00021058320999145508
0.00012046098709106445
0.0016522407531738281
0.0006546080112457275
0.0031963586807250977
0.0044958144426345825
0.0005112886428833008
0.0013489723205566406
0.0021249055862426758
0.0014176368713378906
0.0011529922485351562
0.0031082183122634888
1.659989356994629e-05
0.0012731552124023438
0.0015672743320465088
0.00022345781326293945
0.001476004719734192
0.0004285871982574463
0.00029841065406799316
0.0007833540439605713
0.0016219168901443481
0.0017217695713043213
0.0013403892517089844
0.0020010024309158325
0.0009381324052810669
0.00043517351150512695
0.0009504556655883789
0.00015735626220703125
0.0005659162998199463
0.0003762245178222656
0.0011157989501953125
0.021540939807891846
0.0009000897407531738
0.003043562173843384
0.0009132623672485352
0.0014182329177856445
0.0009255409240722656
0.004131034016609192
0.0006082653999328613
0.0
0.0
0.001853659749031067
0.0009970664978027344
0.0
0.001488029956817627
0.0005779266357421875
0.00075531005859375
0.0
0.00024147331714630127
0.001217961311340332
9.447336196899414e-06
0.0007112622261047363
0.0
0.002561211585998535
0.00029671192169189453
0.0010205507278442383
0.00047522783279418945
0.0028550177812576294
0.0009247064590454102
0.0014628469944000244
0.0016121864318847656
0.003559976816177368
0.0
0.001201927661895752
0.0
0.00020313262939453125
0.0005776435136795044
0.00031757354736328125
0.00045891106128692627
0.0
0.002850174903869629
0.0
0.0013286620378494263
0.0015183687210083008
0.0013412535190582275
0.0016883015632629395
0.00047579407691955566
0.0020112991333007812
1.8030405044555664e-05
0.0005127191543579102
0.0010153800249099731
0.0015060454607009888
0.00348818302154541
0.0003241598606109619
0.0005704909563064575
0.0011750459671020508
0.0010016560554504395
0.0
0.0
0.0019423514604568481
0.0029019415378570557
0.0005435943603515625
0.001248002052307129
0.0010625869035720825
0.0010205507278442383
0.0
0.001911461353302002
0.0012465715408325195
0.001976683735847473
0.00175495445728302
0.0005584955215454102
0.00022001564502716064
0.0023858100175857544
0.0030404329299926758
0.0021223127841949463
0.0008331537246704102
0.0017541050910949707
0.001995861530303955
0.0033210813999176025
0.0019220411777496338
0.00014419853687286377
4.0084123611450195e-06
0.0013112127780914307
0.0
0.0005181431770324707
0.0008225440979003906
0.0028166770935058594
0.0003911256790161133
0.0012556910514831543
0.0014333724975585938
0.000660330057144165
0.0
0.003886699676513672
0.00023317337036132812
0.0
0.0
0.0
0.00127488374710083
0.00034505128860473633
0.0
0.039993107318878174
0.003680706024169922
0.0008202791213989258
9.72747802734375e-05
0.0016213655471801758
0.00197756290435791
0.0020585060119628906
0.0014482736587524414
0.0006454586982727051
0.0010408461093902588
0.05208320915699005
0.001281455159187317
0.0001882612705230713
0.0016110539436340332
0.0016202032566070557
0.0003190040588378906
0.0022682249546051025
0.0011498481035232544
4.1484832763671875e-05
0.00012388825416564941
0.0018911361694335938
0.0005464553833007812
0.0259171724319458
0.002643585205078125
0.0007953643798828125
6.981194019317627e-05
0.0002563595771789551
0.0017486810684204102
0.00047722458839416504
0.0021317601203918457
0.001950085163116455
0.0015120506286621094
0.0005064010620117188
0.0006697773933410645
0.0003235936164855957
0.0010471343994140625
0.0
0.0022828131914138794
0.0023102760314941406
0.0004254579544067383
0.0012253820896148682
8.356571197509766e-05
0.00023376941680908203
9.670853614807129e-05
0.0010382682085037231
8.153915405273438e-05
0.0012731552124023438
0.0
0.0006574690341949463
0.0003522038459777832
0.0014027655124664307
0.0004984140396118164
0.0006780624389648438
0.0011913329362869263
0.0006732046604156494
0.0014551281929016113
0.0017106086015701294
2.6345252990722656e-05
0.0021240264177322388
0.001056864857673645
0.002846434712409973
0.0012757331132888794
0.0007089674472808838
0.0
0.0005868077278137207
0.00031757354736328125
0.002087116241455078
0.0033096373081207275
0.001113802194595337
0.0006737709045410156
0.00119820237159729
0.00026035308837890625
0.00017309188842773438
0.0003304481506347656
0.0005865097045898438
0.0010202527046203613
4.32133674621582e-05
8.58306884765625e-06
0.00018912553787231445
0.0
0.00011646747589111328
0.0012494325637817383
0.00010013580322265625
0.0
0.00019085407257080078
0.0019592344760894775
0.0006794929504394531
0.0014497041702270508
0.033352091908454895
0.0012073516845703125
0.0008723288774490356
0.03310719132423401
0.0020241737365722656
0.0
0.00016307830810546875
0.00216066837310791
0.0015524029731750488
0.024330735206604004
0.0009738951921463013
0.00025291740894317627
0.0023995637893676758
0.0006142854690551758
0.0
0.0009576082229614258
0.0009324103593826294
0.0011552870273590088
0.0014021992683410645
0.0011813193559646606
0.0003255903720855713
0.0021011382341384888
0.0005756616592407227
0.0005272924900054932
0.00038683414459228516
0.0010142326354980469
0.0007819235324859619
0.0322265625
0.0005862265825271606
0.0
0.001446843147277832
0.0006088316440582275
0.00198383629322052
0.0013687163591384888
0.0004363059997558594
0.0026988089084625244
1.9744038581848145e-05
0.00017023086547851562
0.0
0.0
0.001525789499282837
0.0012425482273101807
0.00380861759185791
0.0009864866733551025
0.0019086003303527832
0.00154954195022583
0.01654072105884552
0.0006019622087478638
0.0015441179275512695
0.00011129677295684814
0.0001837015151977539
0.0014408230781555176
0.0
0.002350330352783203
0.0017383694648742676
0.00033989548683166504
0.001743227243423462
0.0006995201110839844
7.553398609161377e-05
0.0005624890327453613
0.00013077259063720703
0.0003942549228668213
0.0003267526626586914
0.0007956624031066895
0.0012353956699371338
0.0004048347473144531
0.0
0.0
0.0010279715061187744
4.4345855712890625e-05
0.0007956624031066895
0.0
0.00227510929107666
0.005554676055908203
0.0005702078342437744
0.00040140748023986816
0.001217663288116455
0.0
0.00036907196044921875
0.00028552860021591187
0.0007501840591430664
0.0
0.0014619827270507812
8.183717727661133e-05
0.0004345923662185669
0.00039139389991760254
0.0014165043830871582
0.00013990700244903564
0.0031222403049468994
0.0010929107666015625
0.001880839467048645
0.00012846291065216064
0.0033179521560668945
0.0009304285049438477
0.0
0.0003999769687652588
0.0006608963012695312
0.0023257285356521606
0.001248002052307129
0.001030266284942627
0.0
0.0014854669570922852
0.0005913972854614258
0.0007227063179016113
0.0
0.0014039278030395508
0.0014625787734985352
0.0013990402221679688
0.00015795230865478516
0.0008708983659744263
0.0014176368713378906
0.0013120770454406738
0.0001825392246246338
0.0011078119277954102
0.0008033812046051025
0.00037682056427001953
0.00035506486892700195
0.002380087971687317
0.00028868019580841064
0.0006257295608520508
0.0
0.0006033927202224731
0.003108799457550049
6.26593828201294e-05
0.002499401569366455
0.0008068084716796875
0.001888871192932129
0.0015624165534973145
0.00019541382789611816
0.002206146717071533
0.0005281567573547363
0.0
0.0007138252258300781
0.002730846405029297
0.0004483461380004883
0.0002732276916503906
0.0012682974338531494
0.0017020255327224731
0.0
0.0006211400032043457
0.0006171464920043945
0.0
0.03989899158477783
0.00046378374099731445
0.0017412304878234863
6.380677223205566e-05
0.0
0.0016016066074371338
0.0006789267063140869
0.0017094612121582031
0.0005164146423339844
0.00045949220657348633
0.0
0.0019589662551879883
0.0014634132385253906
0.0002180337905883789
0.000698387622833252
0.0011567175388336182
0.0
0.0008291304111480713
0.0009930729866027832
0.0010431408882141113
0.0002231597900390625
0.00132066011428833
0.003924757242202759
0.00043030083179473877
0.04890948534011841
0.00016194581985473633
0.0019561052322387695
0.0017646849155426025
0.00035734474658966064
0.0016453862190246582
0.027502447366714478
0.0007664710283279419
0.0024253129959106445
0.002997785806655884
0.021541506052017212
0.0007564574480056763
0.001292899250984192
2.775341272354126e-05
0.0013054907321929932
0.0014104843139648438
0.001644521951675415
1.831352710723877e-05
0.0003447532653808594
0.0010849237442016602
0.0027483105659484863
0.0015329420566558838
0.0011232495307922363
0.0016347914934158325
0.000812828540802002
0.0009003877639770508
0.04013529419898987
0.0007252693176269531
0.0027251243591308594
0.001537516713142395
0.02322864532470703
0.0004514753818511963
0.0013529807329177856
0.0013684332370758057
0.0003527700901031494
0.0012273788452148438
0.0003542006015777588
0.018674492835998535
0.0012883245944976807
0.0007387399673461914
0.0008191168308258057
0.0006477385759353638
0.0010019540786743164
0.001595616340637207
0.0019930005073547363
0.000783085823059082
0.0016147643327713013
0.001018822193145752
0.001465141773223877
0.001069188117980957
0.0010085105895996094
0.0015824437141418457
0.0020627975463867188
0.000515282154083252
2.002716064453125e-05
0.0007684826850891113
0.0030587315559387207
0.0011575818061828613
0.0005847960710525513
0.00859995186328888
0.05097830295562744
0.0011132359504699707
0.0015209317207336426
0.0008503198623657227
0.0009472966194152832
0.0005058348178863525
0.0006202757358551025
0.00025522708892822266
0.0006302893161773682
0.0007361471652984619
0.00500565767288208
0.0006620436906814575
0.0001430511474609375
0.0014370977878570557
3.4332275390625e-05
0.0032329559326171875
0.0021729469299316406
0.0024250149726867676
0.00017252564430236816
0.0007570385932922363
0.0014719963073730469
0.0006586313247680664
0.0015292167663574219
0.00010013580322265625
0.0012717247009277344
0.001247122883796692
0.0004992485046386719
0.0016657114028930664
0.0012851953506469727
0.00018739700317382812
0.0012657195329666138
0.00029440224170684814
0.0025995373725891113
0.00019371509552001953
0.00239640474319458
0.0004915297031402588
0.000591665506362915
0.0012414008378982544
0.001911163330078125
0.0014966130256652832
0.00330391526222229
0.0023446083068847656
0.0007266998291015625
0.000530436635017395
0.001182466745376587
0.0030847787857055664
0.001156151294708252
0.0009690523147583008
0.0015134811401367188
0.0002500563859939575
0.0011924803256988525
0.0012525618076324463
0.0032864809036254883
0.0
0.00024175643920898438
0.00010243058204650879
0.000759318470954895
0.0006188452243804932
0.0021088719367980957
0.001114964485168457
0.025047972798347473
0.0016448050737380981
0.0010113716125488281
0.0001430511474609375
0.0002606511116027832
0.003570556640625
0.0006074011325836182
0.0004915297031402588
0.0010654479265213013
0.0009332895278930664
0.0012623071670532227
0.0
0.0008854866027832031
0.0
0.0005295872688293457
0.0017993003129959106
0.0024018287658691406
0.0007484555244445801
0.0013532638549804688
0.0004943907260894775
0.0021197348833084106
0.0018831491470336914
0.002758324146270752
0.0006520301103591919
0.0008382797241210938
0.0012774467468261719
0.0006772279739379883
0.0006580352783203125
0.00036793947219848633
0.0008591711521148682
0.0007038116455078125
8.89897346496582e-05
0.0011175274848937988
0.0
0.0014216452836990356
0.0
0.0002537965774536133
0.0001256018877029419
0.0011192560195922852
0.003868967294692993
0.00180816650390625
0.00064888596534729
0.0005104094743728638
0.00020685791969299316
0.0002606511116027832
0.0008694678544998169
0.0008580237627029419
0.0012608766555786133
0.001607060432434082
0.0006880760192871094
0.002090275287628174
7.49826431274414e-05
0.0025634765625
0.0007613301277160645
0.0001484900712966919
0.002880766987800598
0.0016965866088867188
0.0
0.002647310495376587
0.0001656562089920044
0.0007916688919067383
0.0
0.0025537610054016113
0.0010045170783996582
0.0018903017044067383
0.0006119757890701294
0.0010010749101638794
0.0
0.0
0.0012952089309692383
0.0
0.000926971435546875
0.0002720952033996582
0.00017423927783966064
0.00019255280494689941
0.001053154468536377
0.000680088996887207
0.0013383924961090088
0.0004197359085083008
0.0
0.000827983021736145
8.58306884765625e-06
0.0012909173965454102
1.0609626770019531e-05
0.00018110871315002441
0.0001773834228515625
0.00021000206470489502
0.0019257664680480957
0.00034934282302856445
0.00239582359790802
0.0010253936052322388
0.0013172179460525513
0.0
0.0
0.0026541948318481445
0.0005278587341308594
0.0031989216804504395
0.0005982518196105957
0.001259446144104004
0.0008906424045562744
0.0007418692111968994
0.00019741058349609375
0.0006337165832519531
0.0018144845962524414
3.606081008911133e-05
0.0021386146545410156
0.0
0.0
0.0016865730285644531
0.0003324747085571289
0.0008834898471832275
0.0
0.0008153915405273438
0.0004975348711013794
0.0008377134799957275
0.0019011497497558594
0.0008760690689086914
0.0009215474128723145
0.0016193389892578125
0.028246045112609863
0.00098419189453125
0.0
0.0016536712646484375
0.0
0.00010442733764648438
0.0004191398620605469
0.0007853507995605469
0.0
0.00205250084400177
0.0011796057224273682
0.0
0.0004208683967590332
0.0005959570407867432
0.0014110803604125977
0.0018739700317382812
0.0
0.0011773109436035156
0.0016688406467437744
0.0012445449829101562
0.002113163471221924
0.0004566311836242676
0.0007787942886352539
3.8057565689086914e-05
0.0012763142585754395
0.001319795846939087
0.00033676624298095703
0.0013461112976074219
0.0
0.0007055401802062988
0.003238677978515625
0.0011927634477615356
0.0012608766555786133
0.00024318695068359375
0.0013632774353027344
0.002631574869155884
0.003876984119415283
0.0007278472185134888
8.697807788848877e-05
0.0003839731216430664
0.0010700225830078125
0.0026347190141677856
0.0029937773942947388
0.0013349652290344238
0.00020229816436767578
0.0004795193672180176
0.0011693239212036133
0.0
0.0
1.8894672393798828e-05
0.001057744026184082
0.0008546113967895508
7.382035255432129e-05
0.0
0.0007281303405761719
0.0007247030735015869
0.0
0.002174094319343567
0.03130388259887695
0.0013000518083572388
0.0013607144355773926
0.0019211769104003906
0.0006797909736633301
0.00016994774341583252
0.0006477385759353638
3.6656856536865234e-06
0.001293480396270752
0.0
0.0025548934936523438
0.0
7.124245166778564e-05
0.00036278367042541504
0.0024704933166503906
0.0003911256790161133
0.00030499696731567383
0.000725865364074707
0.0
0.001217663288116455
0.0017687082290649414
0.0009226799011230469
0.0018602609634399414
0.0009747743606567383
0.0006511807441711426
0.00026722252368927
0.0007902383804321289
0.0033588409423828125
0.00018084049224853516
0.0
0.0
0.0010949373245239258
0.002059653401374817
0.0008611679077148438
0.0022379159927368164
0.002178966999053955
0.0007192641496658325
4.607439041137695e-05
9.298324584960938e-05
0.0002835392951965332
0.0005922317504882812
0.0011830329895019531
0.0015006065368652344
0.0021883994340896606
0.001641392707824707
0.001510918140411377
0.00014448165893554688
0.0010886192321777344
0.00024777650833129883
0.0014565587043762207
0.0
0.0012845993041992188
0.00030584633350372314
0.0012714415788650513
0.0003007054328918457
0.00023689866065979004
0.0008949339389801025
0.0011123716831207275
0.0037078857421875
0.0038827061653137207
0.0010282546281814575
0.003403186798095703
0.0017758607864379883
0.0030195266008377075
0.0
0.0013741552829742432
0.0013589859008789062
0.0006237030029296875
0.0011444091796875
0.0
0.001369863748550415
0.0016499757766723633
0.00020945072174072266
0.0007318556308746338
0.002114012837409973
0.0009061098098754883
0.0012345314025878906
0.0028633177280426025
0.0011006593704223633
0.0
0.0007430315017700195
0.0
0.0
0.0022876858711242676
0.01722574234008789
0.00047665834426879883
0.000744163990020752
0.0013839006423950195
0.0004076957702636719
0.00019484758377075195
0.054494500160217285
0.001248002052307129
0.0011060833930969238
0.0007567405700683594
0.0021266043186187744
0.0016668438911437988
0.0
0.0
0.001731783151626587
0.0018980056047439575
0.00037539005279541016
0.0
0.0011089444160461426
0.00150376558303833
0.0004680752754211426
8.268654346466064e-05
0.00061054527759552
0.00010901689529418945
0.0007006675004959106
0.0006574690341949463
0.0020748376846313477
0.0011438429355621338
0.0
0.003265291452407837
0.0008202791213989258
0.0004420280456542969
0.0013701468706130981
0.0
0.0011049509048461914
0.00012130755931138992
0.0010202527046203613
0.001262858510017395
0.02807408571243286
0.000965312123298645
0.0005576163530349731
0.026686787605285645
0.0011432766914367676
0.00125885009765625
0.002662181854248047
0.0003275871276855469
0.0008983612060546875
0.0004285871982574463
0.0003750920295715332
0.0007967948913574219
0.020157933235168457
0.0
0.0008903741836547852
0.0009023696184158325
0.002170383930206299
0.00023145973682403564
0.0026742219924926758
2.574920654296875e-05
0.0004174262285232544
1.545250415802002e-05
0.00020284950733184814
0.0006002485752105713
0.0010849237442016602
0.00138932466506958
0.0010294020175933838
0.001057446002960205
0.0005719214677810669
0.00037795305252075195
0.0
0.020912647247314453
0.0003985464572906494
0.0009945034980773926
0.002003014087677002
0.00035649538040161133
0.00010672211647033691
0.014052778482437134
0.0005653500556945801
0.002803236246109009
0.0
0.00044345855712890625
0.00031960010528564453
0.00037109851837158203
0.00276203453540802
0.0001253187656402588
0.0008611679077148438
0.0006202757358551025
0.001552969217300415
0.00033588707447052
0.0
0.0008969306945800781
0.0015509724617004395
0.0007879287004470825
0.00043487548828125
0.0019200444221496582
0.001800447702407837
0.0014562606811523438
0.0015655755996704102
0.0019415020942687988
0.00038683414459228516
0.0009644627571105957
0.0006548911333084106
0.0
0.0007513165473937988
0.002620697021484375
0.0024364590644836426
0.00145740807056427
0.0011944770812988281
0.0
0.002551466226577759
0.0008317232131958008
0.0023660659790039062
0.0009341239929199219
0.0008646249771118164
0.0003991127014160156
0.0007719099521636963
0.00157243013381958
0.0008729100227355957
0.0
0.001099228858947754
0.001373007893562317
0.0016473829746246338
0.00046521425247192383
0.0018671154975891113
0.0
0.0006746351718902588
0.02095356583595276
0.00043833255767822266
0.001996159553527832
0.0
0.0
0.0
0.0007230043411254883
0.0
0.0011112242937088013
0.0023403167724609375
