
FGSM
0.011000007390975952
0.030000001192092896
0.01000000536441803
0.013999998569488525
0.026000022888183594
0.032999999821186066
0.022000014781951904
0.008550003170967102
0.013000011444091797
0.0051000118255615234
0.01900000125169754
1000
0.0028500035405158997
0.2770000100135803
0.05300000309944153
0.07300001382827759
0.025000005960464478
0.039000004529953
0.01614999957382679
0.0350000262260437
0.018000006675720215
0.06400001049041748
0.0028500035405158997
0.46000003814697266
0.0004000067710876465
0.03800000250339508
0.0054000020027160645
0.025000005960464478
0.009000003337860107
0.03100001811981201
0.01600000262260437
0.025000005960464478
0.0
0.011400014162063599
0.03600001335144043
0.0
0.001600027084350586
0.0017000138759613037
0.7369999885559082
0.050999999046325684
0.04500001668930054
0.057999998331069946
0.03800000250339508
0.01600000262260437
0.05500000715255737
0.050000011920928955
0.04400002956390381
0.021000027656555176
0.021000027656555176
0.00950002670288086
0.05500000715255737
0.03600001335144043
0.0
0.0
0.057999998331069946
0.023000001907348633
0.03600001335144043
0.0
0.0
0.0
0.09700000286102295
0.0
0.025000005960464478
0.0
0.01600000262260437
0.014000000432133675
0.03100001811981201
0.09000003337860107
0.011400014162063599
0.026000022888183594
0.00020000338554382324
0.002400010824203491
0.018000006675720215
0.04900002479553223
0.01000000536441803
0.05500000715255737
0.017000019550323486
0.012350022792816162
0.012000024318695068
0.046000003814697266
0.04800000786781311
0.0028500035405158997
0.1120000034570694
0.06100000441074371
0.032999999821186066
0.0
0.008000016212463379
0.00700002908706665
0.04100000858306885
1000
0.01900000125169754
0.010450005531311035
0.03200000524520874
0.04699999839067459
0.018000006675720215
0.004500001668930054
0.024000003933906555
0.04100000858306885
0.10300000011920929
0.3230000138282776
0.021000027656555176
0.028999999165534973
0.03600001335144043
0.03700000047683716
0.17900002002716064
0.11500000953674316
0.00700002908706665
0.08799999952316284
0.03100001811981201
0.06400001049041748
0.01000000536441803
0.47099998593330383
0.008000016212463379
0.00950002670288086
0.028999999165534973
0.026000022888183594
0.050999999046325684
0.0022500157356262207
0.0
0.014000000432133675
0.00950002670288086
0.014250010251998901
0.04000002145767212
0.10000002384185791
0.011400014162063599
0.0
0.06400001049041748
0.03100001811981201
0.001900017261505127
0.008000016212463379
0.021000027656555176
0.078000009059906
0.01600000262260437
0.17800000309944153
0.03200000524520874
0.012000024318695068
0.04300001263618469
0.050999999046325684
0.03200000524520874
0.0025500059127807617
0.01600000262260437
0.06400001049041748
0.01000000536441803
0.02800000086426735
0.025000005960464478
0.018050014972686768
0.03800000250339508
0.0
0.005700007081031799
0.026000022888183594
0.06000000238418579
0.0350000262260437
0.024000003933906555
0.026000022888183594
0.046000003814697266
0.027000010013580322
0.026000022888183594
0.08100000023841858
0.008550003170967102
0.05500000715255737
0.025000005960464478
0.057999998331069946
0.003800004720687866
0.01614999957382679
0.0
0.0
0.01600000262260437
0.011400014162063599
0.014250010251998901
0.004500001668930054
0.03100001811981201
0.01614999957382679
0.018999993801116943
0.018000006675720215
0.20000000298023224
0.593999981880188
0.023000001907348633
0.030000001192092896
0.00950002670288086
0.050999999046325684
0.054000020027160645
0.06700003147125244
0.08700001239776611
0.018000006675720215
0.008000016212463379
0.09799999743700027
0.00700002908706665
0.003000020980834961
0.04800000786781311
0.0013000071048736572
0.027000010013580322
0.027000010013580322
0.01900000125169754
0.04500001668930054
0.0350000262260437
0.004500001668930054
0.06499999761581421
0.03299999237060547
0.05700001120567322
0.025000005960464478
0.01600000262260437
0.02000001072883606
0.046000003814697266
0.03100001811981201
0.057999998331069946
0.02800000086426735
0.04000002145767212
0.025000005960464478
0.16500002145767212
1000
0.0012000203132629395
0.008550003170967102
0.01900000125169754
0.006000012159347534
0.015000000596046448
0.10100001096725464
0.32100000977516174
0.017000019550323486
0.00700002908706665
0.01600000262260437
0.00950002670288086
0.0021000057458877563
0.03600001335144043
0.008550003170967102
0.0022500157356262207
0.018000006675720215
0.0
0.03700000047683716
0.013999998569488525
0.003600001335144043
0.210999995470047
1000
0.0
0.00950002670288086
0.022000014781951904
0.2549999952316284
0.06700003147125244
0.0
0.0022500157356262207
0.07100000977516174
0.6340000033378601
0.04500001668930054
0.0
0.0560000017285347
0.07100000977516174
0.018000006675720215
0.027000010013580322
0.00950002670288086
0.05300000309944153
0.006300002336502075
0.032999999821186066
0.013000011444091797
0.08399999886751175
0.024000003933906555
0.0
0.001399993896484375
0.028999999165534973
0.13899999856948853
0.014250010251998901
0.050000011920928955
0.02800000086426735
0.04400002956390381
0.012000024318695068
0.017000019550323486
0.0
0.04000002145767212
0.0
0.0910000205039978
0.04500001668930054
0.013999998569488525
0.013999998569488525
0.0
0.05500000715255737
0.021000027656555176
0.023000001907348633
0.00030000507831573486
0.0
0.0
0.011000007390975952
0.008550003170967102
0.022000014781951904
0.012000024318695068
0.028999999165534973
0.12800002098083496
0.0027000010013580322
0.12400001287460327
0.06100000441074371
0.0
0.28200000524520874
0.08399999886751175
0.05700001120567322
0.04100000858306885
0.024000003933906555
0.006000012159347534
0.06400001049041748
0.01600000262260437
0.11100000143051147
0.27900004386901855
0.050000011920928955
0.023000001907348633
1000
0.04300001263618469
0.0009500086307525635
0.024000003933906555
0.06499999761581421
0.032999999821186066
0.007600009441375732
0.006650000810623169
0.018000006675720215
0.0
0.030000001192092896
0.3059999942779541
0.0004000067710876465
0.0
0.006000012159347534
0.052000001072883606
0.011000007390975952
0.032999999821186066
0.05700001120567322
0.02000001072883606
0.015000000596046448
0.017000019550323486
0.02000001072883606
0.01600000262260437
0.0
0.014000000432133675
0.027000010013580322
0.04000002145767212
0.03600001335144043
0.01900000125169754
0.24900001287460327
1000
0.0
1000
0.06100000441074371
0.050999999046325684
0.11599999666213989
0.02800000086426735
0.034000009298324585
0.032999999821186066
0.0
0.03800000250339508
0.006000012159347534
0.02000001072883606
0.021000027656555176
0.06599999964237213
0.01900000125169754
0.02000001072883606
0.5049999952316284
0.014250010251998901
0.2980000078678131
0.013999998569488525
0.0022500157356262207
0.22200000286102295
0.013000011444091797
0.011400014162063599
0.0
0.011000007390975952
0.034000009298324585
0.04400002956390381
0.125
0.01600000262260437
0.12300002574920654
0.023000001907348633
0.4300000071525574
0.032999999821186066
0.025000005960464478
0.034000009298324585
0.0
0.05900001525878906
0.007200002670288086
0.4490000009536743
0.04100000858306885
0.006300002336502075
0.0820000171661377
0.034000009298324585
0.0034000277519226074
0.015000000596046448
0.0
0.04500001668930054
0.03200000524520874
0.046000003814697266
0.29499998688697815
0.03700000047683716
0.0
0.06599999964237213
0.046000003814697266
0.008000016212463379
0.015000000596046448
0.03200000524520874
0.10600000619888306
0.062000006437301636
0.03800000250339508
0.007600009441375732
0.00950002670288086
0.022000014781951904
0.04000002145767212
0.015000000596046448
0.02000001072883606
0.007200002670288086
0.703000009059906
0.008000016212463379
0.030000001192092896
0.03100001811981201
0.034000009298324585
0.0
0.42900002002716064
0.03600001335144043
0.015000000596046448
0.018999993801116943
0.07000000029802322
0.04100000858306885
0.0028500035405158997
0.2460000067949295
0.04100000858306885
0.06599999964237213
0.032999999821186066
0.014250010251998901
0.0
0.034000009298324585
0.01600000262260437
0.00475001335144043
0.0
0.04800000786781311
0.007600009441375732
0.8479999899864197
0.0
0.017000019550323486
0.021000027656555176
0.025000005960464478
0.008100003004074097
0.024000003933906555
0.011000007390975952
0.007600009441375732
0.01000000536441803
0.050000011920928955
0.015000000596046448
0.01600000262260437
0.011000007390975952
0.0
0.050999999046325684
0.025000005960464478
0.10500001907348633
0.04699999839067459
0.02000001072883606
0.04000002145767212
0.013999998569488525
0.20399999618530273
0.013000011444091797
0.007600009441375732
0.032999999821186066
0.03600001335144043
0.06499999761581421
0.01000000536441803
0.12000000476837158
0.023000001907348633
0.0
0.017000019550323486
0.0
0.0040000081062316895
0.08600002527236938
0.017000019550323486
0.03700000047683716
0.0
0.011000007390975952
0.02000001072883606
0.028999999165534973
0.0690000057220459
0.010450005531311035
0.03600001335144043
0.0
0.01600000262260437
0.04400002956390381
0.007200002670288086
0.026000022888183594
0.03200000524520874
0.006300002336502075
0.005700007081031799
0.04500001668930054
0.027000010013580322
0.0017000138759613037
1000
0.0559999942779541
0.00700002908706665
0.04000002145767212
0.001600027084350586
0.030000001192092896
1000
0.00950002670288086
0.050999999046325684
1000
0.03700000047683716
0.032999999821186066
0.08399999886751175
0.041999999433755875
0.1290000081062317
0.015000000596046448
0.024000003933906555
0.039000004529953
0.05900001525878906
0.022000014781951904
0.013300001621246338
0.008000016212463379
0.013000011444091797
0.04400002956390381
0.025000005960464478
0.024000003933906555
0.05500000715255737
0.02000001072883606
0.023000001907348633
0.06800001859664917
0.02800000086426735
0.04500001668930054
0.024000003933906555
0.0990000069141388
0.03100001811981201
0.17500001192092896
0.04800000786781311
0.012000024318695068
0.032999999821186066
0.032999999821186066
0.08900000154972076
0.013300001621246338
0.0820000171661377
0.007200002670288086
0.008000016212463379
0.0034000277519226074
0.07999999821186066
0.01900000125169754
0.030000001192092896
0.20100000500679016
0.012350022792816162
0.030000001192092896
0.039000004529953
0.03100001811981201
0.04000002145767212
0.03200000524520874
0.012350022792816162
0.02000001072883606
0.03100001811981201
0.023000001907348633
0.024000003933906555
0.05300000309944153
0.07900000363588333
0.17800000309944153
0.6729999780654907
0.06000000238418579
0.02800000086426735
0.0040000081062316895
0.018000006675720215
5.0008296966552734e-05
0.015000000596046448
0.024000003933906555
0.0
0.17500001192092896
0.010450005531311035
0.006650000810623169
0.057999998331069946
0.04800000786781311
0.06599999964237213
0.1589999943971634
0.06499999761581421
0.0
0.0
0.030000001192092896
0.012000024318695068
0.06499999761581421
0.0
0.03100001811981201
0.030000001192092896
0.013000011444091797
0.284000039100647
0.02000001072883606
0.008550003170967102
0.03600001335144043
0.02000001072883606
0.04699999839067459
0.0
0.0350000262260437
0.026000022888183594
0.015000000596046448
0.03200000524520874
0.04699999839067459
0.04000002145767212
0.03700000047683716
0.008550003170967102
0.007200002670288086
0.024000003933906555
0.041999999433755875
0.05500000715255737
0.046000003814697266
0.014000000432133675
0.04300001263618469
0.027000010013580322
0.02800000086426735
0.023000001907348633
0.07700002193450928
0.008000016212463379
0.0051000118255615234
0.022000014781951904
0.01600000262260437
0.018000006675720215
0.04000002145767212
0.046999990940093994
0.6439999938011169
1000
0.017000019550323486
0.0
0.02000001072883606
0.7590000033378601
0.024000003933906555
0.023000001907348633
0.024000003933906555
0.05500000715255737
0.028999999165534973
0.0
0.05300000309944153
0.0051000118255615234
0.022000014781951904
0.07900000363588333
0.054000020027160645
0.039000004529953
0.10400000214576721
0.027000010013580322
0.0560000017285347
0.06100000441074371
0.07100000977516174
0.024000003933906555
0.024000003933906555
0.006650000810623169
0.0007500052452087402
0.014000000432133675
0.041999999433755875
0.011000007390975952
0.0006999969482421875
0.013000011444091797
0.017000019550323486
0.003800004720687866
0.008550003170967102
0.0
0.0
0.01000000536441803
0.013000011444091797
0.10300000011920929
0.04699999839067459
0.04300001263618469
0.018000006675720215
0.01000000536441803
0.02000001072883606
0.041999999433755875
0.07300001382827759
0.04000002145767212
0.02800000086426735
0.025000005960464478
0.046000003814697266
0.006000012159347534
0.07100000977516174
0.01000000536441803
0.015000000596046448
0.039000004529953
0.041999999433755875
0.009000003337860107
0.0690000057220459
0.018050014972686768
0.034000009298324585
0.007600009441375732
0.16200000047683716
0.034000009298324585
0.022000014781951904
0.004500001668930054
0.024000003933906555
0.006650000810623169
0.0
0.04699999839067459
0.014000000432133675
0.007200002670288086
0.027000010013580322
0.0006000101566314697
0.034000009298324585
0.023000001907348633
0.008550003170967102
0.08500000834465027
0.0
0.0
0.02799999713897705
0.0
0.052000001072883606
0.0
0.0
0.0
0.007200002670288086
0.039000004529953
0.014000000432133675
0.12800002098083496
0.034000009298324585
0.022000014781951904
0.02000001072883606
0.018000006675720215
0.022000014781951904
0.003600001335144043
0.0820000171661377
0.01600000262260437
0.022000014781951904
0.013000011444091797
0.027000010013580322
0.05700001120567322
0.02800000086426735
0.017000019550323486
0.003800004720687866
0.04400002956390381
0.0
0.025000005960464478
0.039000004529953
0.011400014162063599
0.007600009441375732
0.004250004887580872
0.018000006675720215
0.015000000596046448
0.007600009441375732
0.018000006675720215
0.006000012159347534
0.1470000147819519
0.050000011920928955
0.1510000228881836
0.052000001072883606
0.0
0.16500002145767212
0.0
0.004250004887580872
0.041999999433755875
0.017000019550323486
0.0
0.08500000834465027
0.032999999821186066
0.0
0.0009500086307525635
0.02800000086426735
0.09399999678134918
0.07500000298023224
0.0
0.0
0.06000000238418579
0.021000027656555176
0.12000000476837158
0.01600000262260437
0.046000003814697266
0.014000000432133675
0.05900001525878906
0.0350000262260437
0.0
0.13300001621246338
0.0
0.026000022888183594
0.08100000023841858
0.025000005960464478
0.0010000020265579224
0.015000000596046448
0.08300000429153442
0.032999999821186066
0.0690000057220459
0.0040000081062316895
0.00475001335144043
0.027000010013580322
0.04900002479553223
0.30900001525878906
0.06300002336502075
0.01614999771118164
0.013300001621246338
0.012000024318695068
0.02800000086426735
0.0
0.022000014781951904
0.03700000047683716
0.007200002670288086
0.001600027084350586
0.005700007081031799
0.0
0.03800000250339508
0.046000003814697266
0.011000007390975952
0.062000006437301636
0.12999999523162842
0.023000001907348633
0.017000019550323486
0.04800000786781311
0.014000000432133675
0.013999998569488525
0.025000005960464478
0.004250004887580872
0.07300001382827759
0.0
0.0820000171661377
0.0
0.0
0.005000002682209015
0.017000019550323486
0.0
0.012000024318695068
0.03100001811981201
0.009000003337860107
0.0820000171661377
0.03200000524520874
0.021000027656555176
0.0690000057220459
0.012000024318695068
0.03600001335144043
0.021000027656555176
0.011000007390975952
0.041999995708465576
0.025000005960464478
0.0
0.0
0.026000022888183594
0.025000005960464478
0.008100003004074097
0.046000003814697266
1000
0.008100003004074097
0.007200002670288086
0.004250004887580872
0.003800004720687866
0.0054000020027160645
0.03700000047683716
0.08100000023841858
0.039000004529953
0.03700000047683716
0.062000006437301636
0.06000000238418579
0.030000001192092896
0.006000012159347534
0.04800000786781311
0.011000007390975952
0.06599999964237213
0.013000011444091797
0.021000027656555176
0.0040000081062316895
0.0
0.005700007081031799
0.0350000262260437
0.3059999942779541
0.409000039100647
0.017000019550323486
0.11000001430511475
0.03700000047683716
0.009000003337860107
0.008550003170967102
0.01900000125169754
0.0350000262260437
0.011400014162063599
0.04300001263618469
0.011400014162063599
0.039000004529953
0.01900000125169754
0.004250004887580872
0.052000001072883606
0.30799999833106995
0.04699999839067459
0.013999998569488525
0.2200000286102295
0.01900000125169754
0.007600009441375732
0.017000019550323486
0.0
0.032999999821186066
0.16300000250339508
0.050999999046325684
0.005000002682209015
0.046000003814697266
0.30000001192092896
0.018000006675720215
0.02000001072883606
0.8939999938011169
0.07700002193450928
0.03700000047683716
0.062000006437301636
0.03800000250339508
0.10600000619888306
0.0018000006675720215
0.00950002670288086
0.04000002145767212
0.07400000095367432
0.012000024318695068
0.0
0.0350000262260437
0.03800000250339508
0.03700000047683716
0.011000007390975952
0.011000007390975952
0.0
0.004500001668930054
0.012000024318695068
0.025000005960464478
0.03100001811981201
0.0
0.10700000077486038
0.01900000125169754
0.06300002336502075
0.015000000596046448
0.0
0.030000001192092896
0.0
1000
0.07000000029802322
0.041999999433755875
0.054000020027160645
0.027000010013580322
0.052000001072883606
0.018000006675720215
0.034000009298324585
0.0350000262260437
0.0040000081062316895
0.07700002193450928
0.0054000020027160645
0.0350000262260437
0.0008500218391418457
0.07000000029802322
0.0
0.13500000536441803
0.07999999821186066
0.00700002908706665
0.002400010824203491
0.5669999718666077
0.030000001192092896
0.017000019550323486
0.0015000104904174805
0.0
0.046000003814697266
0.012000024318695068
0.06400001049041748
0.02000001072883606
0.03100001811981201
0.04800000786781311
0.011000007390975952
0.0
0.16699999570846558
0.03100001811981201
0.021000027656555176
0.01600000262260437
0.013000011444091797
0.05300000309944153
1000
0.01600000262260437
0.0350000262260437
0.008000016212463379
0.04400002956390381
0.018000006675720215
0.06100000441074371
0.0350000262260437
0.0
0.050999999046325684
0.023000001907348633
1000
0.028999999165534973
0.006650000810623169
0.023000001907348633
0.16100001335144043
0.0018000006675720215
0.0
0.2329999953508377
0.04500001668930054
0.021000027656555176
0.026000022888183594
0.025000005960464478
0.02800000086426735
0.010450005531311035
0.0
0.0004500150680541992
0.017100006341934204
0.35500001907348633
0.1340000033378601
0.04400002956390381
0.1589999943971634
0.0
0.034000009298324585
0.007600009441375732
0.06300002336502075
0.018000006675720215
0.04000002145767212
0.018000006675720215
0.028999999165534973
0.023000001907348633
0.03200000524520874
0.0
0.030000001192092896
0.03100001811981201
0.17000001668930054
0.0040000081062316895
0.10400000214576721
0.026000022888183594
0.0
0.10400000214576721
0.008000016212463379
0.08600002527236938
0.001100003719329834
0.024000003933906555
0.007600009441375732
0.01000000536441803
0.011400014162063599
0.08799999952316284
0.10199999809265137

PGD
0.010301977396011353
0.023864388465881348
0.008761316537857056
0.012787938117980957
0.019555389881134033
0.021320059895515442
0.017745211720466614
0.007760524749755859
0.010891079902648926
0.004938721656799316
0.016473770141601562
0.060161590576171875
0.002697661519050598
0.07111960649490356
0.03520345687866211
0.04031839966773987
0.022029593586921692
0.030628979206085205
0.014312267303466797
0.02454271912574768
0.014952003955841064
0.039788246154785156
0.0027500391006469727
0.07646256685256958
0.0003888159990310669
0.027485013008117676
0.004993915557861328
0.021391302347183228
0.008205413818359375
0.02424660325050354
0.014002993702888489
0.019717037677764893
0.0
0.010318577289581299
0.027124792337417603
0.0
0.001579880714416504
0.0016785860061645508
0.04919987916946411
0.03582346439361572
0.03420412540435791
0.03024044632911682
0.02814216911792755
0.013576418161392212
0.034560322761535645
0.035402894020080566
0.024983882904052734
0.01450224220752716
0.018475055694580078
0.008472919464111328
0.035549357533454895
0.025498300790786743
0.0
0.0
0.03725367784500122
0.019499897956848145
0.02835388481616974
0.0
0.0
0.0
0.04390755295753479
0.0
0.02065718173980713
0.0
0.014255046844482422
0.0123232901096344
0.024327576160430908
0.06314392387866974
0.010044217109680176
0.020603090524673462
0.00018453598022460938
0.0022605061531066895
0.015405774116516113
0.0326274037361145
0.009348392486572266
0.03645545244216919
0.015531063079833984
0.011185169219970703
0.010666489601135254
0.03399813175201416
0.024573326110839844
0.0027225613594055176
0.0651586651802063
0.03944063186645508
0.02651655673980713
0.0
0.007079601287841797
0.006694227457046509
0.029542088508605957
0.03338700532913208
0.01693040132522583
0.008520126342773438
0.026966288685798645
0.03271925449371338
0.015253260731697083
0.004391387104988098
0.019725322723388672
0.027485013008117676
0.07190179824829102
0.043831467628479004
0.014675617218017578
0.021606743335723877
0.0292130708694458
0.02846348285675049
0.07339239120483398
0.06300631165504456
0.006732851266860962
0.030348017811775208
0.02530062198638916
0.04436790943145752
0.00898277759552002
0.044039443135261536
0.007636070251464844
0.008809089660644531
0.02513265609741211
0.021633923053741455
0.03848391771316528
0.002235323190689087
0.0
0.012597084045410156
0.008788496255874634
0.012760758399963379
0.031917572021484375
0.049416735768318176
0.010715126991271973
0.0
0.036327555775642395
0.022064507007598877
0.001877427101135254
0.007319644093513489
0.018204405903816223
0.05158740282058716
0.014069944620132446
0.06390810012817383
0.026184678077697754
0.011266708374023438
0.02928486466407776
0.035083889961242676
0.022354036569595337
0.002482801675796509
0.013289451599121094
0.04751673340797424
0.009379580616950989
0.019446372985839844
0.020835116505622864
0.016365915536880493
0.02719259262084961
0.0
0.005421936511993408
0.021312624216079712
0.04246416687965393
0.028141021728515625
0.019766241312026978
0.018738865852355957
0.03127557039260864
0.022232726216316223
0.022067666053771973
0.03768998384475708
0.007647231221199036
0.026236727833747864
0.019779980182647705
0.036491215229034424
0.0036698579788208008
0.013591289520263672
0.0
0.0
0.013003647327423096
0.008629992604255676
0.013245701789855957
0.004162788391113281
0.026047050952911377
0.014384090900421143
0.013028264045715332
0.016019731760025024
0.029579833149909973
0.08937466144561768
0.020339608192443848
0.023432374000549316
0.008356481790542603
0.036402225494384766
0.036573052406311035
0.043193161487579346
0.040484070777893066
0.014931678771972656
0.007392317056655884
0.03837890923023224
0.006408125162124634
0.0028753280639648438
0.039820313453674316
0.0012125074863433838
0.022485077381134033
0.02200758457183838
0.016480088233947754
0.033903419971466064
0.0252685546875
0.004405692219734192
0.03434772789478302
0.024510979652404785
0.042067646980285645
0.019553959369659424
0.014022737741470337
0.016846850514411926
0.03385651111602783
0.02430039644241333
0.03185863792896271
0.0219268798828125
0.030358314514160156
0.02079850435256958
0.05094081163406372
0.03646516799926758
0.0011361241340637207
0.007880985736846924
0.016207993030548096
0.005633071064949036
0.01374751329421997
0.05901205539703369
0.0803106427192688
0.014972880482673645
0.006736278533935547
0.014279961585998535
0.00914841890335083
0.0020591020584106445
0.02835160493850708
0.007686436176300049
0.002047926187515259
0.015934765338897705
0.0
0.026477336883544922
0.012823700904846191
0.0035210847854614258
0.05146896839141846
0.11830788850784302
0.0
0.009164154529571533
0.01902666687965393
0.08097010850906372
0.03348970413208008
0.0
0.0021655112504959106
0.051179125905036926
0.06707698106765747
0.033012211322784424
0.0
0.033863067626953125
0.05054914951324463
0.014271080493927002
0.022747427225112915
0.008625417947769165
0.03613102436065674
0.005975246429443359
0.027026653289794922
0.011814594268798828
0.05274498462677002
0.02055874466896057
0.0
0.0013718605041503906
0.019302189350128174
0.045300304889678955
0.012929558753967285
0.034156620502471924
0.023703008890151978
0.027653813362121582
0.010907948017120361
0.015003204345703125
0.0
0.02604389190673828
0.0
0.035230353474617004
0.02466374635696411
0.01272040605545044
0.012018024921417236
0.0
0.0354560911655426
0.01832515001296997
0.020163923501968384
0.00025263428688049316
0.0
0.0
0.009487152099609375
0.008079826831817627
0.01955282688140869
0.011066436767578125
0.022763729095458984
0.05526125431060791
0.0025929510593414307
0.05213356018066406
0.038659870624542236
0.0
0.0514826774597168
0.045345500111579895
0.03995448350906372
0.027007222175598145
0.019876956939697266
0.005616188049316406
0.040002256631851196
0.01381102204322815
0.036007702350616455
0.11340010166168213
0.03439009189605713
0.01805420219898224
0.040125563740730286
0.02409839630126953
0.0009052306413650513
0.02135753631591797
0.03366108238697052
0.027313053607940674
0.007184028625488281
0.006082251667976379
0.016776204109191895
0.0
0.020278647541999817
0.06522476673126221
0.0003619194030761719
0.0
0.005728363990783691
0.04067718982696533
0.009472846984863281
0.026658177375793457
0.0372050404548645
0.01788969337940216
0.01271212100982666
0.015258699655532837
0.018039897084236145
0.012532427906990051
0.0
0.011517912149429321
0.020752429962158203
0.028959572315216064
0.025962650775909424
0.013711750507354736
0.05173702538013458
0.06305897235870361
0.0
0.03167811036109924
0.022211268544197083
0.03461666405200958
0.03775721788406372
0.02150745689868927
0.026770025491714478
0.022206977009773254
0.0
0.027490437030792236
0.005601599812507629
0.01706486940383911
0.018680766224861145
0.04021739959716797
0.01569730043411255
0.01736384630203247
0.05602140724658966
0.01308661699295044
0.06225156784057617
0.01280994713306427
0.0020994246006011963
0.06923019886016846
0.011105060577392578
0.010205268859863281
0.0
0.009853079915046692
0.026887893676757812
0.027309894561767578
0.044940948486328125
0.014238476753234863
0.05311889946460724
0.01948416233062744
0.035815149545669556
0.026047050952911377
0.020635128021240234
0.026393800973892212
0.0
0.03622026741504669
0.006631016731262207
0.058292508125305176
0.032178521156311035
0.005869686603546143
0.04805746674537659
0.027030110359191895
0.003330230712890625
0.013584434986114502
0.0
0.030923664569854736
0.018952280282974243
0.02887144684791565
0.049075424671173096
0.02548229694366455
0.0
0.049648478627204895
0.026734545826911926
0.007628083229064941
0.013469994068145752
0.023547649383544922
0.044123291969299316
0.049138665199279785
0.02917957305908203
0.00699634850025177
0.008611395955085754
0.017319798469543457
0.028332144021987915
0.012608826160430908
0.016732126474380493
0.006977751851081848
0.057403564453125
0.007269024848937988
0.02147972583770752
0.022695928812026978
0.024878621101379395
0.0
0.0234452486038208
0.028621971607208252
0.01344996690750122
0.017554402351379395
0.04108917713165283
0.02832813560962677
0.0026948004961013794
0.03990812599658966
0.03241539001464844
0.03932619094848633
0.02418595552444458
0.013481736183166504
0.0
0.027900412678718567
0.014069676399230957
0.004451751708984375
0.0
0.037203311920166016
0.006542876362800598
0.047039806842803955
0.0
0.014827549457550049
0.016091257333755493
0.02190113067626953
0.007830917835235596
0.020761609077453613
0.009679973125457764
0.007022678852081299
0.009098649024963379
0.03160114586353302
0.013660818338394165
0.013437941670417786
0.010371804237365723
0.0
0.03615446388721466
0.01678362488746643
0.046780019998550415
0.031153395771980286
0.017090320587158203
0.028290659189224243
0.011361420154571533
0.06930571794509888
0.011214643716812134
0.007326796650886536
0.02520504593849182
0.02719259262084961
0.04098731279373169
0.008716404438018799
0.04349243640899658
0.01996910572052002
0.0
0.014991477131843567
0.0
0.0038486719131469727
0.05170786380767822
0.014976322650909424
0.028066352009773254
0.0
0.00955212116241455
0.014429286122322083
0.02649565041065216
0.04475870728492737
0.009954363107681274
0.027440369129180908
0.0
0.014109998941421509
0.03454342484474182
0.006856158375740051
0.020764470100402832
0.024510681629180908
0.005793288350105286
0.005381882190704346
0.029831603169441223
0.0209292471408844
0.001681998372077942
0.032988741993904114
0.03199911117553711
0.006770610809326172
0.02789527177810669
0.0015418082475662231
0.02343149483203888
0.05595874786376953
0.008955299854278564
0.02872323989868164
0.09793055057525635
0.02992945909500122
0.022912219166755676
0.043341636657714844
0.028293803334236145
0.05718126893043518
0.013373568654060364
0.021208196878433228
0.028194814920425415
0.02814561128616333
0.015809446573257446
0.011781692504882812
0.00734025239944458
0.011483311653137207
0.028049767017364502
0.022150903940200806
0.019908428192138672
0.038317978382110596
0.017062857747077942
0.016608238220214844
0.04522162675857544
0.0208471417427063
0.03160202503204346
0.019986823201179504
0.04790985584259033
0.02493840456008911
0.057445645332336426
0.034174636006355286
0.010826706886291504
0.027306750416755676
0.021000206470489502
0.04905140399932861
0.012017160654067993
0.04144620895385742
0.006904512643814087
0.007250428199768066
0.0031377077102661133
0.04616749286651611
0.01610870659351349
0.02430182695388794
0.042989447712898254
0.01115572452545166
0.024010851979255676
0.03172934055328369
0.021173596382141113
0.025779545307159424
0.023099064826965332
0.01069796085357666
0.017095208168029785
0.02620983123779297
0.018863871693611145
0.019909292459487915
0.036092668771743774
0.046275049448013306
0.05988779664039612
0.045597851276397705
0.037238240242004395
0.022323131561279297
0.0037410855293273926
0.015676409006118774
2.5466084480285645e-05
0.012863457202911377
0.020788192749023438
0.0
0.058889031410217285
0.009524062275886536
0.006272509694099426
0.04042541980743408
0.03388482332229614
0.03235788643360138
0.056837379932403564
0.040052324533462524
0.0
0.0
0.022458747029304504
0.011274725198745728
0.03514881432056427
0.0
0.024143606424331665
0.02408495545387268
0.011903882026672363
0.03715582191944122
0.017462551593780518
0.007952511310577393
0.030691921710968018
0.015989691019058228
0.03130275011062622
0.0
0.027378559112548828
0.020109564065933228
0.013398468494415283
0.025594428181648254
0.03282251954078674
0.025273144245147705
0.028531551361083984
0.00821685791015625
0.006884217262268066
0.015758514404296875
0.030864432454109192
0.032828524708747864
0.03118915855884552
0.012797653675079346
0.03133738040924072
0.01905614137649536
0.023476988077163696
0.019125938415527344
0.03036433458328247
0.0070098042488098145
0.004869177937507629
0.01668691635131836
0.014439880847930908
0.015450119972229004
0.029507756233215332
0.0322912335395813
0.09050817787647247
0.04862481355667114
0.01564323902130127
0.0
0.017147839069366455
0.09637784957885742
0.020871460437774658
0.019728779792785645
0.021269991993904114
0.03428192436695099
0.022383809089660645
0.0
0.03353691101074219
0.004987627267837524
0.018479347229003906
0.041309475898742676
0.0334356427192688
0.03004617989063263
0.0404963493347168
0.022310256958007812
0.03794890642166138
0.04113149642944336
0.04141131043434143
0.017358973622322083
0.02093668282032013
0.006086826324462891
0.0007266998291015625
0.011375144124031067
0.029879391193389893
0.010142624378204346
0.0006551742553710938
0.011327385902404785
0.015023529529571533
0.003579437732696533
0.00790444016456604
0.0
0.0
0.009265422821044922
0.011439517140388489
0.05301275849342346
0.03281250596046448
0.035931020975112915
0.0124969482421875
0.008619695901870728
0.01554107666015625
0.03313779830932617
0.03982287645339966
0.03210556507110596
0.023136809468269348
0.01903897523880005
0.0336708128452301
0.005689144134521484
0.04746551811695099
0.009357839822769165
0.011519074440002441
0.031818583607673645
0.027485013008117676
0.007897570729255676
0.03933537006378174
0.015868380665779114
0.02321147918701172
0.007045865058898926
0.052835941314697266
0.026699930429458618
0.01978626847267151
0.004317283630371094
0.02036447823047638
0.006089687347412109
0.0
0.035019516944885254
0.011446118354797363
0.006869912147521973
0.02273082733154297
0.0005576163530349731
0.028460025787353516
0.014707386493682861
0.007935643196105957
0.038448721170425415
0.0
0.0
0.02226734161376953
0.0
0.02829122543334961
0.0
0.0
0.0
0.006631568074226379
0.031541645526885986
0.013179019093513489
0.054785728454589844
0.025722622871398926
0.017854511737823486
0.015269577503204346
0.015621185302734375
0.019553661346435547
0.0034738779067993164
0.043903544545173645
0.014735415577888489
0.017851948738098145
0.011995434761047363
0.019628047943115234
0.0250980406999588
0.023073866963386536
0.014695942401885986
0.0036646872758865356
0.027692705392837524
0.0
0.021937191486358643
0.028837978839874268
0.010868191719055176
0.006919384002685547
0.004230886697769165
0.01504671573638916
0.01425790786743164
0.006968885660171509
0.015292763710021973
0.0056859999895095825
0.038776591420173645
0.0322611927986145
0.04599553346633911
0.037041664123535156
0.0
0.049067407846450806
0.0
0.0038895606994628906
0.031017780303955078
0.014992058277130127
0.0
0.04905453324317932
0.021530061960220337
0.0
0.0009398460388183594
0.02157127857208252
0.05028247833251953
0.05131816864013672
0.0
0.0
0.0386810302734375
0.018722832202911377
0.059667497873306274
0.013255983591079712
0.030788898468017578
0.01194077730178833
0.037380993366241455
0.02497875690460205
0.0
0.054273322224617004
0.0
0.021817326545715332
0.05352774262428284
0.01958543062210083
0.000957876443862915
0.011440664529800415
0.04219496250152588
0.023897558450698853
0.04710131883621216
0.00379258394241333
0.004406839609146118
0.02100050449371338
0.03691178560256958
0.07204170525074005
0.04218950867652893
0.01475059986114502
0.01166468858718872
0.010894775390625
0.022478491067886353
0.0
0.019431784749031067
0.027669548988342285
0.006733715534210205
0.0015403777360916138
0.005340397357940674
0.0
0.022397518157958984
0.030926823616027832
0.010342597961425781
0.03710174560546875
0.04879045486450195
0.019231513142585754
0.014625266194343567
0.030923664569854736
0.012715250253677368
0.012882903218269348
0.020159363746643066
0.003979980945587158
0.041224196553230286
0.0
0.05548667907714844
0.0
0.0
0.004859447479248047
0.014499664306640625
0.0
0.010228157043457031
0.025370121002197266
0.008107855916023254
0.043776512145996094
0.024933531880378723
0.018646717071533203
0.0379863977432251
0.009992986917495728
0.02262011170387268
0.018046200275421143
0.009289175271987915
0.03354007005691528
0.02072840929031372
0.0
0.0
0.018731415271759033
0.020989611744880676
0.007804304361343384
0.03293955326080322
0.02874755859375
0.007621482014656067
0.0065177083015441895
0.003934204578399658
0.003525644540786743
0.005160719156265259
0.028461173176765442
0.04127255082130432
0.03178739547729492
0.028383925557136536
0.03385162353515625
0.03705024719238281
0.02572174370288849
0.005639076232910156
0.03282654285430908
0.009420216083526611
0.03823786973953247
0.011913016438484192
0.018133461475372314
0.0037445127964019775
0.0
0.005418211221694946
0.027663826942443848
0.04848748445510864
0.06950628757476807
0.015209197998046875
0.04671449959278107
0.024144768714904785
0.008310988545417786
0.008109569549560547
0.016482651233673096
0.026667311787605286
0.010209277272224426
0.02487802505493164
0.010398685932159424
0.03288459777832031
0.01566067337989807
0.004068091511726379
0.030177786946296692
0.05670464038848877
0.03038950264453888
0.01271212100982666
0.05911731719970703
0.01624031364917755
0.0061511993408203125
0.014868170022964478
0.0
0.026162341237068176
0.07397317886352539
0.03643685579299927
0.004332184791564941
0.02643042802810669
0.05453824996948242
0.01548042893409729
0.01532621681690216
0.08439189195632935
0.04826575517654419
0.030125737190246582
0.03807564079761505
0.029724597930908203
0.034931957721710205
0.001720339059829712
0.00882798433303833
0.03156310319900513
0.04325467348098755
0.010306552052497864
0.0
0.030038177967071533
0.02730017900466919
0.025024235248565674
0.010182097554206848
0.010419279336929321
0.0
0.00437164306640625
0.010850146412849426
0.020215988159179688
0.025472283363342285
0.0
0.04896298050880432
0.016986191272735596
0.039974212646484375
0.01349659264087677
0.0
0.02576752007007599
0.0
0.02873125672340393
0.03178626298904419
0.0336550772190094
0.035979390144348145
0.021535784006118774
0.03853340446949005
0.015581130981445312
0.02789241075515747
0.027940750122070312
0.0037937164306640625
0.04567509889602661
0.005005359649658203
0.027010634541511536
0.0008265525102615356
0.04036533832550049
0.0
0.05993957817554474
0.041175007820129395
0.006657034158706665
0.0023640692234039307
0.06837445497512817
0.02273714542388916
0.014622688293457031
0.0014210939407348633
0.0
0.035468101501464844
0.01104956865310669
0.038572609424591064
0.017233669757843018
0.02228422462940216
0.034771159291267395
0.009892582893371582
0.0
0.08350324630737305
0.026298820972442627
0.018302559852600098
0.013921454548835754
0.011919617652893066
0.04124307632446289
0.11870098114013672
0.014081120491027832
0.025977253913879395
0.007228672504425049
0.03192216157913208
0.0142822265625
0.04214143753051758
0.02740001678466797
0.0
0.03398638963699341
0.018657028675079346
0.0429571270942688
0.020499229431152344
0.0067234039306640625
0.018366053700447083
0.05189669132232666
0.0017492324113845825
0.0
0.04292106628417969
0.036573052406311035
0.01830311119556427
0.020946979522705078
0.019661247730255127
0.021350383758544922
0.009320929646492004
0.0
0.0004448890686035156
0.015416920185089111
0.05667944252490997
0.04369211196899414
0.0316692590713501
0.03050394356250763
0.0
0.02626621723175049
0.007230103015899658
0.03691434860229492
0.01605808734893799
0.02931518852710724
0.015597730875015259
0.023073017597198486
0.015226662158966064
0.022334575653076172
0.0
0.018566906452178955
0.024691492319107056
0.06271135807037354
0.0038924217224121094
0.04438105225563049
0.020169079303741455
0.0
0.043764784932136536
0.006874203681945801
0.04511606693267822
0.001011967658996582
0.019570544362068176
0.007139116525650024
0.009265139698982239
0.010627269744873047
0.04699087142944336
0.032684922218322754

IGM
0.010415852069854736
0.024783611297607422
0.008924126625061035
0.012958720326423645
0.020186811685562134
0.02304239571094513
0.018387794494628906
0.007851243019104004
0.011199191212654114
0.004956722259521484
0.016753315925598145
0.06607790291309357
0.0027068257331848145
0.07792997360229492
0.03669491410255432
0.04416018724441528
0.022407248616218567
0.032571613788604736
0.014653593301773071
0.025946050882339478
0.015350252389907837
0.0425056517124176
0.002757459878921509
0.08624327182769775
0.0003888159990310669
0.02878446877002716
0.005048573017120361
0.02228224277496338
0.008318424224853516
0.025079160928726196
0.014179825782775879
0.020536422729492188
0.0
0.010441899299621582
0.027977660298347473
0.0
0.0015810132026672363
0.0016805678606033325
0.055492401123046875
0.037539198994636536
0.03525495529174805
0.03174276649951935
0.029196172952651978
0.013851642608642578
0.036627963185310364
0.03705425560474396
0.026440143585205078
0.01576538383960724
0.01888275146484375
0.008565336465835571
0.037265971302986145
0.026945412158966064
0.0
0.0
0.03921976685523987
0.01986551284790039
0.029314041137695312
0.0
0.0
0.0
0.047260671854019165
0.0
0.021125227212905884
0.0
0.014422416687011719
0.012526988983154297
0.025135815143585205
0.06599092483520508
0.010254770517349243
0.02123337984085083
0.00018453598022460938
0.0022642165422439575
0.015700459480285645
0.034510254859924316
0.00944054126739502
0.038457587361335754
0.01571217179298401
0.01136171817779541
0.010856449604034424
0.035162270069122314
0.02622586488723755
0.0027268528938293457
0.07047843933105469
0.04159870743751526
0.027346253395080566
0.0
0.0072089433670043945
0.006731152534484863
0.030821800231933594
0.03835630416870117
0.017197906970977783
0.008860886096954346
0.027698427438735962
0.03493538498878479
0.015884697437286377
0.004409134387969971
0.020260334014892578
0.029356956481933594
0.07585746049880981
0.047991394996643066
0.015370011329650879
0.022344306111335754
0.030441880226135254
0.02933180332183838
0.08063822984695435
0.06970739364624023
0.006763756275177002
0.033766940236091614
0.025943472981452942
0.04602700471878052
0.009049132466316223
0.04995805025100708
0.007682442665100098
0.008913516998291016
0.025678828358650208
0.022358328104019165
0.04089003801345825
0.0022367537021636963
0.0
0.012801364064216614
0.008889198303222656
0.012945562601089478
0.03307485580444336
0.05447244644165039
0.010810673236846924
0.0
0.04027235507965088
0.02298259735107422
0.0018799901008605957
0.007405474781990051
0.018674492835998535
0.05452623963356018
0.014292240142822266
0.06957352161407471
0.027208924293518066
0.011372283101081848
0.031192302703857422
0.03776150941848755
0.024418547749519348
0.00248737633228302
0.013622477650642395
0.0493437796831131
0.009440243244171143
0.020313262939453125
0.02134266495704651
0.016404271125793457
0.028259187936782837
0.0
0.005440831184387207
0.021755218505859375
0.04603929817676544
0.02914753556251526
0.020502954721450806
0.020555317401885986
0.03272095322608948
0.022850707173347473
0.02300921082496643
0.04022341966629028
0.007740214467048645
0.028507232666015625
0.02074301242828369
0.03912821412086487
0.00368499755859375
0.013967514038085938
0.0
0.0
0.01344597339630127
0.009059727191925049
0.01338273286819458
0.004194855690002441
0.026777178049087524
0.014624983072280884
0.013941481709480286
0.016201138496398926
0.03224945068359375
0.10319796204566956
0.020841985940933228
0.024260908365249634
0.008497834205627441
0.03881722688674927
0.03860178589820862
0.04556924104690552
0.043557941913604736
0.01567554473876953
0.007432371377944946
0.04336053133010864
0.006457328796386719
0.0028850585222244263
0.04089033603668213
0.001213371753692627
0.02322608232498169
0.022733688354492188
0.016874611377716064
0.03551703691482544
0.026841551065444946
0.004401400685310364
0.03677530586719513
0.02568972110748291
0.043498992919921875
0.020232588052749634
0.014298558235168457
0.017176151275634766
0.03485041856765747
0.025196745991706848
0.033924296498298645
0.02249908447265625
0.032223135232925415
0.021358966827392578
0.054972290992736816
0.03871650993824005
0.00113697350025177
0.007941916584968567
0.01640111207962036
0.0056785643100738525
0.013964086771011353
0.06138867139816284
0.08748781681060791
0.015214920043945312
0.006727695465087891
0.014441877603530884
0.009195923805236816
0.0020625144243240356
0.02962791919708252
0.00777454674243927
0.0020659565925598145
0.016117006540298462
0.0
0.02722036838531494
0.012991070747375488
0.003528505563735962
0.054256439208984375
0.1315770149230957
0.0
0.009215354919433594
0.019545376300811768
0.0862283706665039
0.03615160286426544
0.0
0.0021689534187316895
0.05317068099975586
0.07905209064483643
0.03438007831573486
0.0
0.035741329193115234
0.052820801734924316
0.014792636036872864
0.02328673005104065
0.008731275796890259
0.03771144151687622
0.00600588321685791
0.027643799781799316
0.011982262134552002
0.05988436937332153
0.020970463752746582
0.0
0.001373887062072754
0.020714104175567627
0.04705154895782471
0.01312410831451416
0.035793423652648926
0.024371057748794556
0.02959299087524414
0.010993778705596924
0.015232682228088379
0.0
0.0274735689163208
0.0
0.03792114555835724
0.026257038116455078
0.01288747787475586
0.012310698628425598
0.0
0.037584125995635986
0.01861095428466797
0.020588219165802002
0.00025263428688049316
0.0
0.0
0.009649097919464111
0.008144766092300415
0.019794851541519165
0.011129096150398254
0.0234011709690094
0.06082737445831299
0.0025992393493652344
0.05692806839942932
0.04041397571563721
0.0
0.05582427978515625
0.04997892677783966
0.04218292236328125
0.028365328907966614
0.020443439483642578
0.005643367767333984
0.04203815758228302
0.014056205749511719
0.040256619453430176
0.1186838150024414
0.035851478576660156
0.018673330545425415
0.04387064278125763
0.026184946298599243
0.0009063780307769775
0.021560385823249817
0.03661853075027466
0.02821570634841919
0.0072423964738845825
0.006126880645751953
0.01697218418121338
0.0
0.020966440439224243
0.07052107155323029
0.0003619194030761719
0.0
0.005759239196777344
0.04258003830909729
0.009606748819351196
0.02743208408355713
0.03927440941333771
0.01812887191772461
0.012975335121154785
0.015462115406990051
0.01830512285232544
0.012869179248809814
0.0
0.01193249225616455
0.02172747254371643
0.03050452470779419
0.02686472237110138
0.014378368854522705
0.055764198303222656
0.07125294208526611
0.0
0.03304624557495117
0.024858295917510986
0.03612728416919708
0.04250824451446533
0.02219182252883911
0.02745237946510315
0.023961365222930908
0.0
0.02898705005645752
0.005637362599372864
0.017468571662902832
0.019028961658477783
0.04226189851760864
0.016086965799331665
0.017707735300064087
0.06075727939605713
0.01322108507156372
0.07228346168994904
0.012976467609405518
0.002101421356201172
0.07388508319854736
0.011302188038825989
0.010325148701667786
0.0
0.00998583436012268
0.027986526489257812
0.028653740882873535
0.048393070697784424
0.014400675892829895
0.05828705430030823
0.01992475986480713
0.038028717041015625
0.02686101198196411
0.021165013313293457
0.02726268768310547
0.0
0.03936624526977539
0.006695941090583801
0.06605130434036255
0.03339588642120361
0.005901157855987549
0.05131359398365021
0.027809441089630127
0.0033379793167114258
0.013783276081085205
0.0
0.03258192539215088
0.01976311206817627
0.030234724283218384
0.054408371448516846
0.027990251779556274
0.0
0.05077114701271057
0.028999045491218567
0.007692456245422363
0.013585284352302551
0.02443915605545044
0.04893094301223755
0.0506901741027832
0.02994433045387268
0.00705757737159729
0.008684352040290833
0.017937779426574707
0.030305981636047363
0.012862592935562134
0.017046838998794556
0.006994068622589111
0.060454562306404114
0.007335960865020752
0.022590935230255127
0.023539066314697266
0.025576114654541016
0.0
0.025732338428497314
0.029389575123786926
0.013640522956848145
0.01776638627052307
0.04332047700881958
0.02969542145729065
0.002701669931411743
0.0437873899936676
0.033820152282714844
0.04170456528663635
0.025558382272720337
0.013606742024421692
0.0
0.02874213457107544
0.014377504587173462
0.004479795694351196
0.0
0.0382816344499588
0.006647020578384399
0.053058817982673645
0.0
0.015039831399917603
0.01664888858795166
0.022278502583503723
0.007876113057136536
0.02113838493824005
0.009838491678237915
0.007073312997817993
0.009255707263946533
0.03342790901660919
0.01385679841041565
0.01372748613357544
0.010435014963150024
0.0
0.03797179460525513
0.017719179391860962
0.05145978927612305
0.03265029191970825
0.01750659942626953
0.030028164386749268
0.011630654335021973
0.07501831650733948
0.01140660047531128
0.007381737232208252
0.025932908058166504
0.029357820749282837
0.0434260368347168
0.008882910013198853
0.050084784626960754
0.020373642444610596
0.0
0.015242397785186768
0.0
0.0038592368364334106
0.05472393333911896
0.015201762318611145
0.029110625386238098
0.0
0.009677127003669739
0.01583319902420044
0.026920512318611145
0.04725611209869385
0.010019898414611816
0.028453171253204346
0.0
0.014605239033699036
0.035689547657966614
0.006906226277351379
0.021454527974128723
0.02540302276611328
0.005825906991958618
0.0054351091384887695
0.031116485595703125
0.021414756774902344
0.0016845762729644775
0.03549213707447052
0.0340086966753006
0.006779193878173828
0.029691413044929504
0.00154896080493927
0.024196267127990723
0.05991154909133911
0.009016811847686768
0.029974371194839478
0.11361093819141388
0.030885890126228333
0.02369070053100586
0.04629480838775635
0.030153751373291016
0.060792744159698486
0.01353752613067627
0.02162104845046997
0.028922677040100098
0.030012130737304688
0.01783764362335205
0.01201029121875763
0.00740891695022583
0.011565402150154114
0.029809296131134033
0.022303402423858643
0.020369648933410645
0.0404789000749588
0.01738959550857544
0.017267420887947083
0.04726898670196533
0.021709740161895752
0.03336012363433838
0.020553022623062134
0.050608351826667786
0.025956064462661743
0.06171828508377075
0.035784244537353516
0.011059284210205078
0.027956202626228333
0.022602081298828125
0.05402269959449768
0.012175679206848145
0.04552030563354492
0.006955146789550781
0.007352545857429504
0.0031491518020629883
0.048696041107177734
0.016476929187774658
0.025121212005615234
0.048013120889663696
0.011296749114990234
0.02491295337677002
0.033094048500061035
0.02191859483718872
0.028026580810546875
0.024802803993225098
0.01091223955154419
0.017349839210510254
0.02697145938873291
0.01934710144996643
0.020438313484191895
0.03770914673805237
0.048798754811286926
0.067090705037117
0.04958212375640869
0.040129005908966064
0.022990047931671143
0.0037550926208496094
0.01590128242969513
2.5466084480285645e-05
0.013039976358413696
0.021354973316192627
0.0
0.06564247608184814
0.009629368782043457
0.0063343048095703125
0.04271507263183594
0.03619396686553955
0.035896122455596924
0.062417224049568176
0.042179495096206665
0.0
0.0
0.023258402943611145
0.011371731758117676
0.037463098764419556
0.0
0.02526111900806427
0.024918675422668457
0.011825472116470337
0.03952819108963013
0.01777440309524536
0.008007436990737915
0.03135395050048828
0.016558170318603516
0.03265714645385742
0.0
0.028339579701423645
0.02128058671951294
0.013629347085952759
0.02628195285797119
0.034199535846710205
0.02686786651611328
0.02944624423980713
0.008268654346466064
0.006886482238769531
0.017025664448738098
0.0323258638381958
0.034595489501953125
0.03294268250465393
0.012924671173095703
0.03279334306716919
0.019757091999053955
0.024434000253677368
0.01958942413330078
0.031563401222229004
0.007147982716560364
0.0049155354499816895
0.01768428087234497
0.014634430408477783
0.015744507312774658
0.030796349048614502
0.03308887779712677
0.11523886024951935
0.052919209003448486
0.015845492482185364
0.0
0.017510324716567993
0.12139692902565002
0.02136385440826416
0.01998940110206604
0.021706297993659973
0.03620481491088867
0.02308589220046997
0.0
0.03522577881813049
0.005002796649932861
0.018978893756866455
0.044502079486846924
0.03497201204299927
0.031031519174575806
0.0471196174621582
0.023190617561340332
0.03965866565704346
0.04344148933887482
0.0437811017036438
0.018134891986846924
0.021375566720962524
0.0061437636613845825
0.0007269978523254395
0.011755377054214478
0.0312383770942688
0.010244190692901611
0.0006554722785949707
0.011484146118164062
0.015299320220947266
0.0035926103591918945
0.00795765221118927
0.0
0.0
0.009356975555419922
0.011682704091072083
0.05793657898902893
0.03423042595386505
0.03699219226837158
0.013245970010757446
0.008740723133087158
0.0161685049533844
0.033965229988098145
0.04285097122192383
0.03331863880157471
0.023634344339370728
0.019626915454864502
0.03513681888580322
0.005713760852813721
0.05016632378101349
0.00943136215209961
0.011946797370910645
0.03300076723098755
0.028781607747077942
0.008000016212463379
0.04121704399585724
0.01615506410598755
0.025420784950256348
0.007103919982910156
0.059771060943603516
0.027370572090148926
0.020148754119873047
0.004330456256866455
0.020821094512939453
0.006134033203125
0.0
0.036417677998542786
0.011760532855987549
0.006932854652404785
0.02335996925830841
0.0005576163530349731
0.029173284769058228
0.015622049570083618
0.007985115051269531
0.041817307472229004
0.0
0.0
0.022966861724853516
0.0
0.030475616455078125
0.0
0.0
0.0
0.006705954670906067
0.032790184020996094
0.013295471668243408
0.05978882312774658
0.026856422424316406
0.018420696258544922
0.015996843576431274
0.015972256660461426
0.02000284194946289
0.0034933090209960938
0.04620009660720825
0.014918521046638489
0.01851367950439453
0.012112736701965332
0.02105027437210083
0.026677608489990234
0.023644089698791504
0.014950573444366455
0.0036747008562088013
0.028771042823791504
0.0
0.02246534824371338
0.029918313026428223
0.010949432849884033
0.007002651691436768
0.004204273223876953
0.01543465256690979
0.014410406351089478
0.007013797760009766
0.015598013997077942
0.005712330341339111
0.04252827167510986
0.03381815552711487
0.05074310302734375
0.0389067679643631
0.0
0.05301618576049805
0.0
0.003906726837158203
0.032872870564460754
0.015283018350601196
0.0
0.05243712663650513
0.022499948740005493
0.0
0.0009404420852661133
0.022506535053253174
0.05329686403274536
0.05469217896461487
0.0
0.0
0.041617587208747864
0.018970608711242676
0.06496238708496094
0.013499736785888672
0.03250610828399658
0.012203991413116455
0.03913450241088867
0.02590656280517578
0.0
0.059635162353515625
0.0
0.022218704223632812
0.05673809349536896
0.020409971475601196
0.0009587407112121582
0.011898428201675415
0.047293856739997864
0.025569826364517212
0.0496751070022583
0.0038045942783355713
0.004413127899169922
0.021770954132080078
0.038453876972198486
0.07965660095214844
0.044195085763931274
0.015000343322753906
0.011922746896743774
0.01083555817604065
0.02322864532470703
0.0
0.019725918769836426
0.028684616088867188
0.006820976734161377
0.0015423893928527832
0.005332663655281067
0.0
0.023806869983673096
0.032047465443611145
0.01042872667312622
0.03922379016876221
0.054883867502212524
0.019636347889900208
0.014873623847961426
0.03312838077545166
0.012880921363830566
0.013018518686294556
0.0206088125705719
0.003989413380622864
0.04465687274932861
0.0
0.058800891041755676
0.0
0.0
0.004877209663391113
0.014798641204833984
0.0
0.010601520538330078
0.026190102100372314
0.008209139108657837
0.0459262877702713
0.026687338948249817
0.018901944160461426
0.03962290287017822
0.010223299264907837
0.024062350392341614
0.018515706062316895
0.009492307901382446
0.034510523080825806
0.020990490913391113
0.0
0.0
0.019297316670417786
0.021732628345489502
0.007849514484405518
0.03442412614822388
0.03133422136306763
0.007690727710723877
0.006646454334259033
0.003957659006118774
0.0035425424575805664
0.005176737904548645
0.02973833680152893
0.04420223832130432
0.032963573932647705
0.029172420501708984
0.037351518869400024
0.03881007432937622
0.026439860463142395
0.005660831928253174
0.03486216068267822
0.009559273719787598
0.040628254413604736
0.012046635150909424
0.018428713083267212
0.003758549690246582
0.0
0.0054419636726379395
0.02856588363647461
0.05286426842212677
0.07771170139312744
0.015461832284927368
0.04974919557571411
0.02615232765674591
0.00838625431060791
0.008033469319343567
0.016763880848884583
0.028205692768096924
0.010394096374511719
0.02620154619216919
0.010728001594543457
0.03369656205177307
0.01608581840991974
0.004076674580574036
0.033502012491226196
0.06550484895706177
0.031935036182403564
0.012959301471710205
0.06451120972633362
0.016541868448257446
0.0063849687576293945
0.015164569020271301
0.0
0.027132809162139893
0.08202439546585083
0.03828135132789612
0.00441056489944458
0.028535842895507812
0.059984803199768066
0.015723615884780884
0.016007721424102783
0.09137564897537231
0.05131876468658447
0.030994325876235962
0.040403082966804504
0.03052055835723877
0.03853970766067505
0.00172463059425354
0.008891776204109192
0.032476067543029785
0.047377705574035645
0.010495379567146301
0.0
0.031019210815429688
0.02835988998413086
0.026484787464141846
0.010299980640411377
0.010502249002456665
0.0
0.004395961761474609
0.011042982339859009
0.021021366119384766
0.026087403297424316
0.0
0.05207347869873047
0.01724424958229065
0.0416184663772583
0.013628780841827393
0.0
0.026323139667510986
0.0
0.030097395181655884
0.03473198413848877
0.0353519469499588
0.038662731647491455
0.022193551063537598
0.04062539339065552
0.016082674264907837
0.02885258197784424
0.02877989411354065
0.003806889057159424
0.048723816871643066
0.005025103688240051
0.028092384338378906
0.0008268356323242188
0.04412098228931427
0.0
0.06738252937793732
0.04469890892505646
0.006695389747619629
0.002369791269302368
0.07646399736404419
0.02366924285888672
0.014998912811279297
0.0014222264289855957
0.0
0.037138938903808594
0.011165738105773926
0.04103881120681763
0.017578125
0.02352076768875122
0.036439135670661926
0.010369494557380676
0.0
0.09081661701202393
0.02711363136768341
0.018594086170196533
0.014117717742919922
0.012080669403076172
0.042836666107177734
0.13855448365211487
0.014311432838439941
0.027582556009292603
0.007258415222167969
0.033370137214660645
0.01467132568359375
0.04419451951980591
0.028351306915283203
0.0
0.03636188805103302
0.01918831467628479
0.04957552254199982
0.021262288093566895
0.006678491830825806
0.01979370415210724
0.056555867195129395
0.0017609596252441406
0.0
0.04602813720703125
0.03797292709350586
0.018666177988052368
0.021538376808166504
0.02063286304473877
0.021930336952209473
0.009502053260803223
0.0
0.0004448890686035156
0.015645503997802734
0.060900598764419556
0.0472111701965332
0.03290891647338867
0.032514095306396484
0.0
0.027347952127456665
0.007253289222717285
0.0401458740234375
0.016339018940925598
0.030670464038848877
0.01576453447341919
0.023944497108459473
0.015820622444152832
0.02340233325958252
0.0
0.019485294818878174
0.02542877197265625
0.0677064061164856
0.00390644371509552
0.04980039596557617
0.020930111408233643
0.0
0.048633962869644165
0.007451534271240234
0.048110395669937134
0.0010122358798980713
0.02179756760597229
0.007035255432128906
0.009335815906524658
0.010721683502197266
0.05006134510040283
0.033883094787597656
