
BA
0.4018467962741852
0.9253330826759338
0.4086955487728119
0.4590104818344116
0.7043926119804382
0.7085564136505127
0.7303954362869263
0.30617183446884155
0.42675623297691345
0.1837448924779892
0.9806142449378967
2.485816240310669
0.4475615918636322
2.516658067703247
2.1212475299835205
1.3329229354858398
0.7240369915962219
1.1543463468551636
0.4912797510623932
0.89767986536026
0.8976884484291077
1.0458877086639404
0.09046611934900284
1.8167675733566284
0.016630744561553
0.9659518599510193
0.2087211161851883
0.8400934338569641
0.31861186027526855
0.8271991014480591
0.7634442448616028
0.6206899285316467
0.0
0.39687490463256836
1.9431098699569702
0.0
0.062431588768959045
0.06873564422130585
1.9832159280776978
1.2328004837036133
1.6481391191482544
1.1441471576690674
0.9416807293891907
0.5259251594543457
1.0564730167388916
1.6436617374420166
1.1915693283081055
0.5355262756347656
0.6718147397041321
0.31524714827537537
1.1669468879699707
1.0498380661010742
0.0
0.0
1.0681140422821045
1.1069684028625488
1.3983635902404785
0.0
0.0
0.0
1.583626389503479
0.0
0.7829656600952148
0.0
0.8926813006401062
0.4686456024646759
0.7193803787231445
2.191713333129883
0.3893081843852997
0.7618400454521179
0.007863585837185383
0.07970356196165085
0.4858025908470154
1.2189503908157349
0.48709481954574585
1.2062382698059082
0.5799260139465332
0.7455909848213196
0.9329777359962463
1.100307583808899
0.9045934081077576
0.09562374651432037
1.84520423412323
1.4438754320144653
0.8417685031890869
0.0
0.25630414485931396
0.2037578523159027
1.883432388305664
1.729433536529541
0.5476370453834534
0.7121618390083313
1.0228440761566162
1.1577457189559937
0.9149793386459351
0.1831463724374771
0.8098403811454773
0.8239656090736389
1.8295375108718872
1.471351146697998
0.46327102184295654
0.7248468995094299
0.8606666922569275
1.0909873247146606
1.6792510747909546
1.4654380083084106
0.8971609473228455
1.2314558029174805
1.577221155166626
1.2821335792541504
0.9272441267967224
1.6495466232299805
0.27486667037010193
0.2976418733596802
0.9142473340034485
1.0692967176437378
1.299322485923767
0.09268582612276077
0.0
0.5884254574775696
0.5719476342201233
0.7574580907821655
1.1015453338623047
1.5846800804138184
0.4155202805995941
0.0
1.1115373373031616
1.0600751638412476
0.0683613196015358
0.5888843536376953
0.5419430136680603
1.7640128135681152
0.5426249504089355
2.4014415740966797
1.0206689834594727
0.4606209695339203
1.473679780960083
1.2961865663528442
0.7076628804206848
0.07709971815347672
0.7114173769950867
1.6442246437072754
0.3500674068927765
1.0476847887039185
1.0988643169403076
0.5545265674591064
1.081917643547058
0.0
0.4345037639141083
0.7493733167648315
1.2783435583114624
1.1880230903625488
0.7624768614768982
0.8412688970565796
1.1719775199890137
0.7768704295158386
0.6834545135498047
1.9090430736541748
0.2913057208061218
0.9505358934402466
0.8889017105102539
1.2943198680877686
0.1466180980205536
0.5902312397956848
0.0
0.0
0.45877721905708313
0.2862164378166199
0.5239078998565674
0.258470356464386
0.9911142587661743
0.8328613638877869
0.6128236055374146
0.5882903337478638
1.2827731370925903
2.1638903617858887
1.1337629556655884
0.9615390300750732
0.5082903504371643
1.2396060228347778
1.7395508289337158
1.5047098398208618
1.2448253631591797
0.5193109512329102
0.24343736469745636
1.9082719087600708
0.2487514615058899
0.113395094871521
1.0586351156234741
0.045545484870672226
0.6738995313644409
1.1407556533813477
0.5435088872909546
1.4051542282104492
0.9172215461730957
0.17062024772167206
1.3257442712783813
0.934408962726593
1.5353755950927734
0.877330482006073
0.5571204423904419
0.6187317967414856
1.524049997329712
0.9050058722496033
1.5002562999725342
1.0913900136947632
1.1553752422332764
0.7703021168708801
1.7156671285629272
1.179763913154602
0.04440285637974739
0.26282235980033875
0.5348573327064514
0.19799581170082092
0.828698992729187
1.6145631074905396
2.9489197731018066
0.9505720138549805
0.20957383513450623
0.7023158073425293
0.8621103167533875
0.08231015503406525
1.1107717752456665
0.2991942763328552
0.08067738264799118
0.6208548545837402
0.0
1.1180201768875122
0.5045963525772095
0.14948566257953644
1.8195950984954834
2.7466018199920654
0.0
0.6890134811401367
0.7331683039665222
1.8555212020874023
0.9305065870285034
0.0
0.07314653694629669
1.6309545040130615
2.143423080444336
1.1430777311325073
0.0
1.5595430135726929
1.2561023235321045
0.4430809020996094
0.6913465261459351
0.3013738989830017
1.4122941493988037
0.8986196517944336
1.2357228994369507
1.2855072021484375
2.2181758880615234
0.7971339225769043
0.0
0.05369420349597931
0.7064328193664551
1.387912392616272
0.47336652874946594
1.6425130367279053
0.8973007798194885
1.0054799318313599
0.3784114122390747
0.5757847428321838
0.0
1.041831612586975
0.0
1.323297142982483
1.2495787143707275
0.40443429350852966
0.4298468828201294
0.0
1.3792202472686768
0.7778662443161011
0.7640498280525208
0.012046649120748043
0.0
0.0
0.39020228385925293
0.3027277886867523
1.051661491394043
0.3667043149471283
1.1975394487380981
1.72196364402771
0.099349744617939
1.9526078701019287
1.2252384424209595
0.0
2.0138940811157227
1.2336970567703247
1.4140071868896484
1.0186036825180054
0.6813317537307739
0.19144101440906525
1.6222795248031616
0.4241207540035248
1.400675892829895
1.4931633472442627
1.326850414276123
0.8218285441398621
1.3718723058700562
0.8597984313964844
0.034464266151189804
0.7151530981063843
1.0455071926116943
0.7704679369926453
0.27625247836112976
0.23967939615249634
0.6748825907707214
0.0
1.3437244892120361
2.139432907104492
0.012388056144118309
0.0
0.23039373755455017
1.598564624786377
0.5829378366470337
1.2928789854049683
1.40522038936615
0.5783278346061707
1.287778377532959
0.5682128071784973
0.5832917094230652
0.6333079934120178
0.0
0.6937536001205444
0.7268946170806885
0.9379130601882935
1.2547482252120972
0.8051060438156128
1.5532928705215454
1.6655510663986206
0.0
1.5083327293395996
1.0144625902175903
2.4319710731506348
1.1913233995437622
0.9667468667030334
0.8733732104301453
0.8008284568786621
0.0
1.1482422351837158
0.14726050198078156
0.777259886264801
0.7153464555740356
2.0782361030578613
0.9777503609657288
0.6917524933815002
2.161764144897461
0.5216925144195557
1.986488699913025
0.45546355843544006
0.07382199168205261
1.6102943420410156
0.5504549145698547
0.3915812075138092
0.0
0.36796876788139343
0.893108606338501
1.166897177696228
1.5117378234863281
0.5089645385742188
2.205552339553833
0.6382606029510498
1.27787184715271
0.8087177872657776
0.9536406397819519
0.973933219909668
0.0
1.106987714767456
0.21678876876831055
1.7838948965072632
1.1273572444915771
0.4157133400440216
1.7478562593460083
1.0460224151611328
0.10650957375764847
0.5088721513748169
0.0
1.0928981304168701
0.8961661458015442
1.5073434114456177
2.238015651702881
1.1362091302871704
0.0
1.3101409673690796
1.3079217672348022
0.30506929755210876
0.5785185694694519
1.2124491930007935
1.3594348430633545
2.2332208156585693
1.056111454963684
0.57480788230896
1.2895923852920532
1.2419869899749756
1.017689824104309
0.5841656923294067
0.8889158964157104
0.24695251882076263
2.1134629249572754
0.2563142776489258
0.7937604188919067
0.7390507459640503
1.0737427473068237
0.0
1.649268388748169
1.026272177696228
0.9225070476531982
0.6062206625938416
1.812842845916748
1.2207825183868408
0.11135292053222656
1.22870671749115
1.0051747560501099
1.3216843605041504
0.8121945858001709
0.47849395871162415
0.0
0.8993624448776245
0.7123108506202698
0.5109677314758301
0.0
1.606249451637268
0.24332915246486664
1.756340742111206
0.0
1.2220242023468018
0.631920337677002
0.6996435523033142
0.28245458006858826
0.6059449911117554
0.634888768196106
0.3160288333892822
0.4166908264160156
1.329765796661377
0.3946589529514313
0.49710655212402344
0.34648779034614563
0.0
1.1976566314697266
0.5861820578575134
1.4536315202713013
1.4733164310455322
0.6772440075874329
0.8138744831085205
0.581027626991272
1.0048561096191406
0.41743260622024536
0.23142962157726288
0.6856966018676758
0.9487673044204712
1.6777470111846924
0.5099264979362488
1.1288162469863892
1.454464077949524
0.0
0.5129526853561401
0.0
0.15161480009555817
1.844675064086914
0.8843898773193359
1.580168604850769
0.0
0.30437326431274414
0.5025100111961365
0.9507479071617126
1.3949077129364014
0.38795343041419983
1.331011414527893
0.0
0.5097578167915344
1.2171720266342163
0.25502249598503113
0.8013457655906677
1.135459542274475
0.26451095938682556
0.19338473677635193
1.1324173212051392
0.9529657959938049
0.06282046437263489
1.200844407081604
0.9816343784332275
0.31756964325904846
1.5303233861923218
0.05868859216570854
1.2553644180297852
1.6839474439620972
0.32539767026901245
1.2821310758590698
2.0137133598327637
1.0950994491577148
0.7021856904029846
1.8975011110305786
0.7495607733726501
1.7663031816482544
0.528930127620697
0.7996038794517517
1.1212360858917236
0.6702752113342285
0.4737379848957062
0.4750850200653076
0.2876092791557312
0.4514821767807007
1.0672266483306885
0.8033510446548462
0.7148512601852417
1.3927531242370605
0.4779001474380493
0.5909944176673889
1.3108808994293213
0.7923485040664673
1.0804262161254883
0.6668533682823181
1.8371937274932861
0.8692523241043091
1.7835415601730347
1.2469890117645264
0.4137638807296753
0.9282153248786926
0.7761849164962769
1.5683833360671997
0.9113768339157104
1.4218350648880005
0.22178713977336884
0.3054670989513397
0.111421138048172
1.3059684038162231
0.5643508434295654
0.7921853065490723
1.3783897161483765
0.4204082190990448
1.5298328399658203
1.1601901054382324
0.7581599950790405
0.9753755927085876
0.8360529541969299
0.34186965227127075
1.2119231224060059
1.1276426315307617
0.6545346975326538
0.71634441614151
1.3772644996643066
1.8060100078582764
1.7982772588729858
2.42193865776062
1.2071985006332397
1.0247799158096313
0.14763057231903076
0.5850163698196411
0.0018628434045240283
0.4164937138557434
0.9801173806190491
0.0
1.6913574934005737
0.2944749891757965
0.33136194944381714
1.7246503829956055
1.301918625831604
0.9182182550430298
1.9841437339782715
1.3400726318359375
0.0
0.0
0.9166802763938904
0.30426937341690063
1.6789634227752686
0.0
0.8615363240242004
0.7567557692527771
1.346747875213623
1.5184266567230225
0.6362080574035645
0.40844038128852844
0.9067220091819763
0.6010707020759583
1.9437021017074585
0.0
1.2272111177444458
0.6097683906555176
0.782372772693634
0.79111248254776
1.2588768005371094
0.8982620239257812
1.0861997604370117
0.8317596316337585
0.3137146234512329
0.6073923707008362
1.0560604333877563
2.049560785293579
1.3558094501495361
0.49433353543281555
1.3194928169250488
0.6730664372444153
0.7340232133865356
0.7224258780479431
1.268009066581726
0.4163039028644562
0.1895989179611206
0.7816976308822632
1.1058915853500366
0.5612056851387024
1.6302629709243774
0.8833611607551575
2.3359599113464355
1.7024879455566406
0.8327887058258057
0.0
0.6774541139602661
3.038800001144409
0.955793559551239
0.6782218217849731
1.1346865892410278
1.3139002323150635
1.1116360425949097
0.0
1.2354344129562378
0.18977026641368866
0.8702050447463989
1.348760724067688
1.2774068117141724
1.3948694467544556
1.2187669277191162
0.9127346277236938
1.410246729850769
1.309461236000061
2.537651538848877
0.8418551087379456
2.0616116523742676
0.20605571568012238
0.02725791372358799
0.42799729108810425
1.0285327434539795
0.3668254017829895
0.02381928265094757
0.4184402823448181
0.5148911476135254
0.14539282023906708
0.24524642527103424
0.0
0.0
0.3459441661834717
0.3330424427986145
1.9425008296966553
1.2317825555801392
1.0256428718566895
0.44490519165992737
0.3035282492637634
0.5634815692901611
1.9960702657699585
1.426418423652649
1.842253565788269
1.3646336793899536
1.1748321056365967
1.566786527633667
0.14509811997413635
1.6130115985870361
0.34874075651168823
0.4262014925479889
0.8278102278709412
1.0835543870925903
1.055557370185852
1.399683952331543
0.6806938648223877
0.7555155754089355
0.2865799367427826
2.7161214351654053
1.424573540687561
0.6948572993278503
0.14013871550559998
0.7723912596702576
0.2109641581773758
0.0
1.459381341934204
0.48770925402641296
0.2584001421928406
0.8698529005050659
0.023838689550757408
0.9361343383789062
0.6411331295967102
0.318191796541214
1.6806389093399048
0.0
0.0
0.8406670093536377
0.0
0.9278090000152588
0.0
0.0
0.0
0.27485957741737366
0.9629417061805725
0.4888438880443573
2.098839521408081
1.006072998046875
0.5670832395553589
0.5178167819976807
0.632742702960968
0.7641181945800781
0.12730391323566437
1.4467734098434448
0.5625022649765015
0.5868464112281799
0.39976656436920166
0.7310270667076111
1.245460867881775
0.7546854019165039
1.135088562965393
0.12120799720287323
1.601637601852417
0.0
0.7878018021583557
1.0574052333831787
0.407925009727478
0.26469770073890686
0.33540305495262146
0.7293500900268555
0.48145273327827454
0.2677426338195801
0.5761393308639526
0.21415016055107117
1.875291109085083
1.9130131006240845
1.5708469152450562
1.53013277053833
0.0
1.3872302770614624
0.0
0.13704177737236023
1.0752650499343872
0.5661856532096863
0.0
2.0207061767578125
1.0520609617233276
0.0
0.03138888254761696
0.7326399683952332
1.5048738718032837
2.249630928039551
0.0
0.0
1.600497841835022
0.6624889969825745
1.988386869430542
0.46669164299964905
1.1365967988967896
0.5753721594810486
1.3422256708145142
0.919873058795929
0.0
1.8362935781478882
0.0
1.289341926574707
1.5537954568862915
0.7683636546134949
0.03088557906448841
0.6711973547935486
0.914853572845459
0.8347073793411255
1.4438399076461792
0.14452284574508667
0.16743625700473785
0.9435463547706604
1.4085360765457153
1.5822874307632446
1.3770365715026855
0.45481178164482117
0.4345611333847046
0.3522900938987732
0.7543875575065613
0.0
1.005639672279358
1.1398524045944214
0.2440745234489441
0.050888992846012115
0.16890916228294373
0.0
1.0764410495758057
0.9107584953308105
0.3924819827079773
1.8775917291641235
1.8085997104644775
1.2976102828979492
0.5716589093208313
1.0077390670776367
0.49735915660858154
0.4455637037754059
0.7276662588119507
0.19432313740253448
1.080504059791565
0.0
2.3519468307495117
0.0
0.0
0.17776618897914886
0.6776658892631531
0.0
0.37079012393951416
1.0720220804214478
0.3321516215801239
2.0265159606933594
1.0536704063415527
0.5797550678253174
1.321061372756958
0.7977361083030701
0.8286923766136169
0.6169300675392151
0.4656941890716553
1.0513246059417725
0.6856034994125366
0.0
0.0
0.737739622592926
0.7387232780456543
0.31029012799263
0.9460138082504272
1.5727488994598389
0.29326534271240234
0.31327617168426514
0.1453818380832672
0.12598270177841187
0.18420644104480743
1.0299530029296875
1.8683422803878784
1.219801664352417
0.7023700475692749
1.0984110832214355
1.7102640867233276
0.9974606037139893
0.20298652350902557
1.2272794246673584
0.3755459487438202
1.1486479043960571
0.4422764182090759
0.8586058020591736
0.13759832084178925
0.0
0.2120930254459381
1.0366722345352173
1.489758849143982
2.3079769611358643
0.4433756470680237
1.664316177368164
1.2199203968048096
0.3235154449939728
0.3250753581523895
0.6838231682777405
0.8990563750267029
0.4192065894603729
1.0235185623168945
0.40775996446609497
1.2738114595413208
0.5972157120704651
0.15332327783107758
1.242362141609192
2.083754539489746
1.0176422595977783
0.6247408390045166
1.5602467060089111
0.8209301829338074
0.20855283737182617
0.5238484740257263
0.0
0.8916155099868774
2.342681646347046
1.2057334184646606
0.14881537854671478
0.722428023815155
1.6686019897460938
0.6178900003433228
1.0231642723083496
2.4923646450042725
1.2097328901290894
0.9964991211891174
2.2922611236572266
1.020268201828003
1.5577149391174316
0.060352399945259094
0.3242790102958679
1.237424612045288
1.0612305402755737
0.7217493653297424
0.0
2.085872173309326
1.0049748420715332
0.7868677377700806
0.376258909702301
0.4006475806236267
0.0
0.18057018518447876
0.41655245423316956
0.739000141620636
0.8794263601303101
0.0
1.6624727249145508
0.6793069839477539
1.5335519313812256
0.5426241159439087
0.0
0.9263222217559814
0.0
0.9812898635864258
1.0545071363449097
1.0041851997375488
1.1619075536727905
0.6217567920684814
1.2218691110610962
0.46552586555480957
1.3442860841751099
1.0516419410705566
0.1506851464509964
1.726235032081604
0.19176793098449707
1.0293853282928467
0.027058759704232216
1.9453165531158447
0.0
1.414731502532959
2.1057522296905518
0.27103370428085327
0.09694521129131317
2.066528081893921
1.1478255987167358
0.8274472951889038
0.05311627313494682
0.0
1.2096575498580933
0.4065229892730713
1.136443018913269
0.595383882522583
1.6705529689788818
1.6527904272079468
0.3755814731121063
0.0
3.0145106315612793
0.7544530630111694
0.6885207295417786
0.5467160940170288
1.3550338745117188
1.841817855834961
2.951927661895752
0.5116003155708313
1.1214207410812378
0.3060108721256256
0.9735260009765625
1.7843008041381836
1.4505044221878052
0.9540635943412781
0.0
1.7239326238632202
0.8696308732032776
1.2140171527862549
0.769840657711029
0.22114655375480652
0.66243577003479
1.5289684534072876
0.04546087235212326
0.0
1.434761881828308
1.293658971786499
0.6331303715705872
0.6718447208404541
0.6960399746894836
0.8574584722518921
0.3409181833267212
0.0
0.019836828112602234
0.5483605861663818
1.2494348287582397
1.1343997716903687
1.2016762495040894
0.9183316826820374
0.0
0.8583375215530396
0.2260633260011673
1.6095335483551025
0.6087761521339417
0.8753706812858582
0.6227942109107971
0.8473902940750122
0.6268082857131958
0.7925804853439331
0.0
0.6240412592887878
0.9461492300033569
1.5408730506896973
0.1575511246919632
1.816148281097412
0.7648070454597473
0.0
1.5572823286056519
0.21985052525997162
1.206214189529419
0.0423542745411396
1.0841482877731323
0.28712183237075806
0.37115684151649475
0.4074331521987915
1.8594263792037964
1.4388803243637085
