
SAPA
3.0
96.0
36.0
27.0
1000
1000
54.0
0.0
9.0
3.0
30.0
279.0
0.0
275.0
261.0
153.0
41.0
96.0
3.0
1000
6.0
57.0
0.0
535.0
0.0
3.0
3.0
6.0
51.0
1000
6.0
36.0
3.0
42.0
315.0
0.0
0.0
6.0
336.0
120.0
267.0
1000
69.0
39.0
36.0
257.0
12.0
102.0
42.0
1000
81.0
45.0
0.0
0.0
51.0
15.0
84.0
3.0
0.0
0.0
189.0
3.0
1000
0.0
1000
3.0
69.0
225.0
90.0
9.0
3.0
57.0
15.0
93.0
3.0
105.0
102.0
3.0
3.0
6.0
81.0
0.0
318.0
69.0
9.0
0.0
63.0
9.0
57.0
249.0
117.0
0.0
66.0
1000
9.0
1000
1000
6.0
106.0
129.0
15.0
21.0
1000
69.0
288.0
87.0
0.0
1000
123.0
36.0
9.0
88.0
0.0
15.0
3.0
15.0
219.0
3.0
0.0
0.0
3.0
0.0
57.0
171.0
3.0
0.0
30.0
3.0
12.0
3.0
12.0
186.0
24.0
594.0
129.0
30.0
422.0
195.0
30.0
0.0
1000
225.0
1000
0.0
30.0
39.0
1000
0.0
45.0
6.0
33.0
12.0
1000
12.0
42.0
60.0
21.0
279.0
3.0
231.0
12.0
114.0
57.0
1000
0.0
0.0
15.0
3.0
12.0
6.0
195.0
39.0
3.0
133.0
254.0
430.0
3.0
201.0
12.0
204.0
24.0
120.0
78.0
30.0
0.0
165.0
1000
3.0
0.0
0.0
54.0
30.0
33.0
144.0
57.0
3.0
216.0
3.0
134.0
111.0
69.0
15.0
39.0
411.0
120.0
9.0
90.0
96.0
186.0
342.0
3.0
30.0
54.0
3.0
18.0
175.0
244.0
164.0
0.0
63.0
267.0
1000
267.0
12.0
0.0
45.0
0.0
45.0
3.0
138.0
384.0
291.0
3.0
3.0
24.0
489.0
45.0
0.0
0.0
88.0
318.0
240.0
3.0
288.0
219.0
0.0
77.0
0.0
234.0
3.0
111.0
0.0
303.0
159.0
0.0
3.0
0.0
78.0
3.0
473.0
30.0
156.0
0.0
0.0
0.0
27.0
3.0
177.0
114.0
0.0
3.0
0.0
1000
0.0
6.0
0.0
99.0
0.0
12.0
3.0
177.0
3.0
1000
199.0
27.0
303.0
103.0
0.0
279.0
306.0
282.0
48.0
1000
0.0
3.0
3.0
1000
304.0
288.0
1000
1000
1000
0.0
12.0
1000
18.0
0.0
12.0
87.0
0.0
27.0
1000
3.0
0.0
0.0
273.0
3.0
117.0
105.0
102.0
3.0
27.0
9.0
9.0
3.0
69.0
12.0
69.0
36.0
0.0
405.0
459.0
0.0
1000
1000
336.0
99.0
24.0
21.0
246.0
0.0
1000
0.0
54.0
42.0
198.0
6.0
1000
207.0
0.0
474.0
3.0
3.0
60.0
0.0
3.0
0.0
0.0
3.0
39.0
318.0
54.0
249.0
21.0
510.0
54.0
15.0
99.0
0.0
81.0
21.0
369.0
236.0
24.0
294.0
237.0
12.0
39.0
0.0
1000
1000
354.0
33.0
12.0
0.0
3.0
72.0
0.0
33.0
174.0
270.0
435.0
1000
0.0
9.0
1000
42.0
54.0
9.0
3.0
410.0
3.0
33.0
6.0
3.0
0.0
376.0
69.0
12.0
120.0
183.0
45.0
3.0
1000
137.0
414.0
39.0
105.0
0.0
36.0
24.0
6.0
0.0
183.0
15.0
271.0
0.0
12.0
21.0
1000
30.0
45.0
0.0
0.0
3.0
240.0
63.0
0.0
6.0
0.0
78.0
33.0
279.0
198.0
33.0
24.0
18.0
54.0
57.0
0.0
86.0
372.0
183.0
3.0
30.0
0.0
0.0
54.0
0.0
3.0
321.0
1000
99.0
3.0
39.0
3.0
18.0
135.0
3.0
237.0
0.0
202.0
182.0
30.0
290.0
279.0
1000
3.0
21.0
18.0
3.0
1000
27.0
3.0
144.0
0.0
297.0
240.0
27.0
255.0
225.0
24.0
3.0
222.0
132.0
15.0
54.0
27.0
150.0
9.0
3.0
1000
3.0
12.0
258.0
57.0
135.0
180.0
3.0
27.0
144.0
1000
1000
6.0
303.0
15.0
165.0
9.0
0.0
12.0
30.0
237.0
48.0
150.0
3.0
0.0
0.0
366.0
15.0
1000
354.0
21.0
63.0
114.0
1000
1000
1000
3.0
3.0
126.0
107.0
3.0
1000
207.0
174.0
318.0
258.0
1000
0.0
66.0
0.0
3.0
6.0
0.0
363.0
0.0
1000
202.0
112.0
39.0
60.0
120.0
1000
0.0
3.0
0.0
255.0
0.0
202.0
53.0
3.0
336.0
93.0
0.0
1000
1000
78.0
0.0
243.0
60.0
27.0
240.0
168.0
93.0
240.0
3.0
0.0
33.0
30.0
344.0
1000
30.0
48.0
1000
12.0
27.0
135.0
0.0
72.0
15.0
111.0
30.0
129.0
12.0
132.0
1000
108.0
132.0
93.0
508.0
1000
72.0
150.0
33.0
30.0
6.0
594.0
1000
3.0
203.0
69.0
291.0
189.0
114.0
306.0
484.0
582.0
3.0
30.0
3.0
0.0
0.0
1000
3.0
3.0
1000
6.0
3.0
0.0
3.0
0.0
0.0
3.0
297.0
144.0
6.0
9.0
0.0
6.0
195.0
120.0
222.0
57.0
39.0
360.0
0.0
248.0
69.0
18.0
18.0
342.0
3.0
437.0
1000
30.0
6.0
423.0
162.0
9.0
0.0
1000
0.0
0.0
180.0
6.0
228.0
0.0
0.0
57.0
3.0
9.0
1000
0.0
3.0
159.0
0.0
102.0
3.0
0.0
0.0
0.0
219.0
9.0
183.0
9.0
0.0
3.0
6.0
153.0
12.0
113.0
126.0
3.0
3.0
48.0
39.0
18.0
246.0
0.0
24.0
0.0
27.0
39.0
18.0
66.0
9.0
3.0
6.0
9.0
15.0
6.0
96.0
327.0
427.0
54.0
0.0
386.0
6.0
0.0
162.0
204.0
12.0
264.0
210.0
0.0
0.0
117.0
87.0
219.0
3.0
0.0
294.0
216.0
383.0
132.0
78.0
1000
1000
63.0
0.0
273.0
0.0
108.0
171.0
3.0
0.0
1000
12.0
30.0
202.0
30.0
9.0
1000
168.0
230.0
72.0
15.0
3.0
3.0
63.0
3.0
42.0
1000
3.0
24.0
0.0
0.0
1000
39.0
0.0
231.0
174.0
297.0
1000
57.0
21.0
130.0
111.0
1000
12.0
3.0
252.0
0.0
0.0
186.0
108.0
0.0
91.0
42.0
6.0
231.0
207.0
45.0
225.0
3.0
15.0
12.0
15.0
159.0
3.0
0.0
0.0
258.0
3.0
39.0
21.0
270.0
3.0
0.0
0.0
0.0
3.0
120.0
183.0
237.0
6.0
117.0
1000
42.0
36.0
186.0
3.0
81.0
3.0
0.0
231.0
0.0
60.0
258.0
213.0
371.0
18.0
261.0
90.0
111.0
3.0
0.0
201.0
0.0
12.0
0.0
492.0
9.0
3.0
72.0
142.0
79.0
132.0
279.0
135.0
9.0
1000
0.0
36.0
93.0
246.0
0.0
147.0
156.0
3.0
0.0
327.0
18.0
45.0
198.0
0.0
117.0
0.0
0.0
228.0
42.0
9.0
0.0
33.0
249.0
72.0
18.0
63.0
0.0
0.0
66.0
1000
384.0
0.0
336.0
236.0
87.0
195.0
9.0
192.0
0.0
1000
1000
51.0
21.0
3.0
162.0
24.0
42.0
291.0
3.0
294.0
0.0
105.0
3.0
141.0
0.0
6.0
153.0
6.0
1000
387.0
240.0
45.0
36.0
0.0
27.0
1000
42.0
3.0
81.0
84.0
3.0
0.0
339.0
21.0
51.0
111.0
162.0
219.0
561.0
24.0
156.0
29.0
228.0
3.0
255.0
156.0
0.0
162.0
12.0
417.0
1000
12.0
63.0
222.0
3.0
0.0
216.0
72.0
322.0
174.0
108.0
1000
3.0
0.0
3.0
111.0
33.0
147.0
318.0
21.0
0.0
237.0
3.0
30.0
1000
45.0
123.0
402.0
0.0
96.0
0.0
12.0
317.0
54.0
3.0
390.0
183.0
30.0
132.0
0.0
140.0
0.0
1000
9.0
6.0
42.0
234.0
177.0

PA
1.0
22.0
11.0
9.0
1000
1000
8.0
0.0
5.0
1.0
12.0
116.0
0.0
67.0
133.0
39.0
9.0
41.0
2.0
1000
3.0
12.0
0.0
204.0
0.0
3.0
2.0
4.0
9.0
1000
4.0
12.0
1.0
19.0
88.0
0.0
0.0
3.0
153.0
39.0
85.0
1000
17.0
6.0
9.0
106.0
4.0
5.0
9.0
1000
15.0
15.0
0.0
0.0
6.0
10.0
14.0
1.0
0.0
0.0
96.0
1.0
1000
0.0
1000
1.0
14.0
35.0
12.0
4.0
2.0
8.0
7.0
28.0
2.0
62.0
17.0
3.0
3.0
5.0
15.0
0.0
22.0
20.0
6.0
0.0
17.0
4.0
11.0
128.0
8.0
0.0
24.0
1000
9.0
1000
1000
4.0
44.0
36.0
5.0
10.0
1000
9.0
74.0
31.0
0.0
1000
11.0
6.0
2.0
25.0
0.0
4.0
2.0
6.0
50.0
2.0
0.0
0.0
2.0
0.0
11.0
44.0
2.0
0.0
12.0
3.0
6.0
1.0
4.0
75.0
8.0
111.0
31.0
10.0
137.0
38.0
15.0
0.0
1000
125.0
1000
0.0
14.0
9.0
1000
0.0
6.0
4.0
13.0
5.0
1000
6.0
17.0
25.0
10.0
53.0
1.0
133.0
7.0
20.0
10.0
1000
0.0
0.0
6.0
1.0
6.0
4.0
89.0
13.0
2.0
20.0
106.0
97.0
3.0
60.0
2.0
42.0
15.0
34.0
26.0
15.0
0.0
45.0
1000
2.0
0.0
0.0
12.0
10.0
15.0
21.0
30.0
2.0
86.0
3.0
20.0
35.0
13.0
5.0
10.0
162.0
44.0
5.0
11.0
51.0
83.0
107.0
2.0
15.0
12.0
1.0
8.0
41.0
95.0
19.0
0.0
18.0
96.0
1000
33.0
3.0
0.0
6.0
0.0
9.0
3.0
15.0
85.0
98.0
3.0
2.0
7.0
83.0
16.0
0.0
0.0
25.0
81.0
38.0
2.0
86.0
50.0
0.0
16.0
0.0
66.0
2.0
45.0
0.0
127.0
19.0
0.0
1.0
0.0
32.0
1.0
96.0
14.0
19.0
0.0
0.0
0.0
12.0
1.0
19.0
38.0
0.0
3.0
0.0
1000
0.0
3.0
0.0
26.0
0.0
4.0
2.0
21.0
1.0
1000
55.0
10.0
136.0
20.0
0.0
100.0
39.0
107.0
11.0
1000
0.0
1.0
2.0
1000
28.0
29.0
1000
1000
1000
0.0
7.0
1000
8.0
0.0
6.0
23.0
0.0
14.0
1000
1.0
0.0
0.0
61.0
3.0
35.0
54.0
56.0
3.0
13.0
6.0
3.0
2.0
13.0
11.0
23.0
11.0
0.0
47.0
156.0
0.0
1000
1000
111.0
68.0
8.0
6.0
44.0
0.0
1000
0.0
18.0
14.0
95.0
5.0
1000
38.0
0.0
86.0
1.0
1.0
25.0
0.0
1.0
0.0
0.0
2.0
15.0
80.0
11.0
136.0
5.0
173.0
8.0
8.0
13.0
0.0
20.0
9.0
102.0
110.0
7.0
40.0
85.0
5.0
11.0
0.0
1000
1000
165.0
12.0
7.0
0.0
2.0
29.0
0.0
14.0
46.0
72.0
24.0
1000
0.0
3.0
1000
12.0
14.0
4.0
1.0
82.0
1.0
13.0
4.0
2.0
0.0
102.0
14.0
8.0
15.0
82.0
10.0
1.0
1000
20.0
110.0
7.0
13.0
0.0
18.0
8.0
4.0
0.0
71.0
8.0
100.0
0.0
5.0
7.0
1000
10.0
11.0
0.0
0.0
1.0
52.0
30.0
0.0
4.0
0.0
15.0
17.0
121.0
39.0
11.0
7.0
12.0
11.0
8.0
0.0
25.0
121.0
48.0
3.0
12.0
0.0
0.0
14.0
0.0
1.0
88.0
1000
28.0
1.0
7.0
3.0
8.0
63.0
1.0
107.0
0.0
75.0
23.0
8.0
40.0
114.0
1000
3.0
13.0
10.0
1.0
1000
12.0
2.0
79.0
0.0
154.0
47.0
12.0
91.0
38.0
15.0
3.0
42.0
21.0
6.0
16.0
15.0
48.0
5.0
2.0
1000
2.0
10.0
91.0
23.0
32.0
39.0
3.0
9.0
78.0
1000
1000
3.0
128.0
6.0
33.0
3.0
0.0
5.0
10.0
112.0
12.0
51.0
2.0
0.0
0.0
149.0
7.0
1000
80.0
10.0
7.0
44.0
1000
1000
1000
2.0
1.0
42.0
19.0
1.0
1000
98.0
89.0
153.0
27.0
1000
0.0
18.0
0.0
1.0
6.0
0.0
144.0
0.0
1000
54.0
15.0
21.0
17.0
39.0
1000
0.0
2.0
0.0
111.0
0.0
16.0
26.0
2.0
112.0
11.0
0.0
1000
1000
16.0
0.0
79.0
46.0
20.0
107.0
53.0
48.0
45.0
1.0
0.0
26.0
9.0
154.0
1000
8.0
9.0
1000
4.0
12.0
79.0
0.0
21.0
7.0
29.0
19.0
30.0
7.0
27.0
1000
28.0
16.0
26.0
124.0
1000
30.0
26.0
6.0
27.0
3.0
41.0
1000
3.0
47.0
37.0
132.0
77.0
20.0
144.0
174.0
118.0
2.0
8.0
2.0
0.0
0.0
1000
3.0
2.0
1000
3.0
1.0
0.0
3.0
0.0
0.0
2.0
115.0
64.0
5.0
5.0
0.0
4.0
101.0
63.0
37.0
23.0
5.0
57.0
0.0
70.0
16.0
13.0
8.0
123.0
1.0
183.0
1000
5.0
4.0
182.0
21.0
4.0
0.0
1000
0.0
0.0
61.0
3.0
71.0
0.0
0.0
18.0
1.0
4.0
1000
0.0
3.0
66.0
0.0
9.0
1.0
0.0
0.0
0.0
26.0
5.0
111.0
4.0
0.0
2.0
3.0
34.0
5.0
33.0
32.0
3.0
1.0
26.0
14.0
6.0
46.0
0.0
15.0
0.0
11.0
10.0
8.0
9.0
4.0
2.0
3.0
4.0
7.0
4.0
23.0
10.0
49.0
38.0
0.0
41.0
3.0
0.0
64.0
41.0
6.0
88.0
69.0
0.0
0.0
22.0
19.0
34.0
2.0
0.0
75.0
110.0
57.0
31.0
36.0
1000
1000
31.0
0.0
44.0
0.0
18.0
38.0
1.0
0.0
1000
6.0
15.0
29.0
9.0
3.0
1000
24.0
39.0
43.0
5.0
1.0
2.0
14.0
1.0
6.0
1000
1.0
5.0
0.0
0.0
1000
25.0
0.0
43.0
72.0
119.0
1000
23.0
9.0
21.0
25.0
1000
7.0
2.0
72.0
0.0
0.0
42.0
15.0
0.0
42.0
18.0
4.0
106.0
41.0
9.0
89.0
2.0
9.0
6.0
10.0
18.0
3.0
0.0
0.0
149.0
3.0
14.0
7.0
100.0
2.0
0.0
0.0
0.0
1.0
14.0
18.0
93.0
4.0
38.0
1000
22.0
8.0
32.0
1.0
15.0
3.0
0.0
8.0
0.0
12.0
71.0
36.0
146.0
3.0
115.0
37.0
17.0
1.0
0.0
46.0
0.0
21.0
0.0
219.0
4.0
2.0
12.0
48.0
16.0
18.0
141.0
36.0
5.0
1000
0.0
6.0
28.0
59.0
0.0
38.0
48.0
1.0
0.0
104.0
11.0
24.0
26.0
0.0
37.0
0.0
0.0
108.0
17.0
5.0
0.0
10.0
136.0
12.0
7.0
20.0
0.0
0.0
13.0
1000
39.0
0.0
66.0
32.0
41.0
73.0
3.0
47.0
0.0
1000
1000
22.0
9.0
2.0
33.0
9.0
21.0
15.0
2.0
61.0
0.0
46.0
1.0
47.0
0.0
5.0
29.0
5.0
1000
168.0
69.0
23.0
16.0
0.0
12.0
1000
16.0
2.0
20.0
25.0
1.0
0.0
139.0
10.0
17.0
67.0
23.0
31.0
143.0
7.0
20.0
15.0
35.0
2.0
47.0
22.0
0.0
8.0
8.0
42.0
1000
5.0
30.0
112.0
1.0
0.0
32.0
37.0
17.0
41.0
24.0
1000
1.0
0.0
3.0
27.0
8.0
44.0
49.0
12.0
0.0
11.0
1.0
8.0
1000
24.0
18.0
81.0
0.0
19.0
0.0
5.0
56.0
12.0
2.0
68.0
70.0
57.0
29.0
0.0
16.0
0.0
5.0
2.0
4.0
9.0
113.0
30.0

IGD
0.005990802776068449
1.123084545135498
0.41741421818733215
0.43279600143432617
0.6901297569274902
1.1905735731124878
0.6830098628997803
0.0
0.6743199229240417
0.07340388000011444
0.4385363459587097
1.418808937072754
0.0
2.6943297386169434
1.2008332014083862
1.4781156778335571
0.38582631945610046
1.3327983617782593
0.38953691720962524
1.5119236707687378
0.16888129711151123
1.6202036142349243
0.0
2.8827638626098633
0.0
0.318955659866333
0.17852258682250977
0.32950085401535034
0.4181753695011139
1.3321163654327393
0.2753637135028839
0.6898127198219299
0.0311756394803524
0.7938687801361084
1.5820132493972778
0.0
0.0
0.25812631845474243
1.5581637620925903
0.9246606826782227
1.5101157426834106
1.2792479991912842
0.6205950975418091
0.4252636134624481
1.0126216411590576
1.1899528503417969
1.0113054513931274
0.2301701307296753
0.4403281807899475
0.023912956938147545
0.7339276671409607
1.25041925907135
0.0
0.0
1.1827874183654785
0.8298016786575317
0.8815444111824036
0.05356628820300102
0.0
0.0
2.064807653427124
0.024927830323576927
1.0504891872406006
0.0
0.8891084790229797
0.010004808194935322
0.54501873254776
1.6663810014724731
0.6271442174911499
0.4410732388496399
0.33040472865104675
0.35284292697906494
0.8141503930091858
1.250847339630127
0.2439185082912445
2.058845043182373
0.6606826186180115
0.19246123731136322
0.30336785316467285
0.7954067587852478
0.825092077255249
0.0
1.25171959400177
0.6712119579315186
0.7239852547645569
0.0
0.7723027467727661
0.34049004316329956
0.7368775010108948
1.3182097673416138
0.7297415733337402
0.0
1.0767490863800049
0.9397410750389099
0.8931678533554077
0.6550690531730652
1.9492387771606445
0.5515202283859253
2.2132997512817383
2.0247042179107666
0.2065901756286621
0.44097834825515747
0.9197290539741516
1.948988437652588
2.0973782539367676
1.4876766204833984
0.0
0.6954261064529419
0.5796352624893188
1.3393951654434204
0.23448316752910614
1.543431282043457
0.0
0.4206174910068512
0.32663071155548096
0.7380508184432983
0.9952261447906494
0.2612656056880951
0.0
0.0
0.3867460787296295
0.0
0.9468927383422852
1.604166030883789
0.9401375651359558
0.0
1.4386626482009888
0.8193517327308655
0.3323710560798645
0.0018869278719648719
0.2976909279823303
2.230152130126953
0.6833586692810059
2.8476638793945312
1.0414663553237915
0.7566515803337097
1.138767123222351
1.7148665189743042
0.9083117842674255
0.0
0.9244703650474548
2.5307765007019043
1.1779032945632935
0.0
1.3089964389801025
0.5009351968765259
0.910658597946167
0.0
0.3801652193069458
0.4457990229129791
1.4200140237808228
0.46271878480911255
0.5551357269287109
1.1382124423980713
1.052978754043579
0.643445611000061
0.8706979155540466
1.00502610206604
0.022501656785607338
0.9214257001876831
0.9338896870613098
1.3387606143951416
0.42520013451576233
0.8175597786903381
0.0
0.0
0.9763240218162537
0.06801240891218185
0.3517327904701233
0.571230947971344
1.6903975009918213
0.7430141568183899
0.10001257807016373
0.9164465665817261
1.1709578037261963
1.5195984840393066
0.2869713604450226
1.1243687868118286
0.24670939147472382
1.5520269870758057
1.9341427087783813
1.0664403438568115
0.9198558330535889
0.44499027729034424
0.0
1.398511528968811
0.19778934121131897
0.13380470871925354
0.0
0.0
0.7204809188842773
0.5401981472969055
0.7072399258613586
0.9463695287704468
0.9236301183700562
0.2841486930847168
1.6508028507232666
0.5770190358161926
1.7939940690994263
0.5076587796211243
0.8906465172767639
0.6236079335212708
1.2151682376861572
1.5397851467132568
1.5218029022216797
1.3266932964324951
0.6623000502586365
1.0252125263214111
2.2527177333831787
0.9282760620117188
0.12454399466514587
0.42191746830940247
0.6883220076560974
0.007960425689816475
0.7112518548965454
1.2673676013946533
2.630113124847412
0.41364020109176636
0.0
0.6303949952125549
0.8421069979667664
0.27851933240890503
0.9326369762420654
0.42918047308921814
0.0
0.29418641328811646
0.0
0.6080677509307861
0.24575795233249664
0.3290092945098877
1.437092661857605
2.920591115951538
0.5068024396896362
0.1680884212255478
0.6894479393959045
3.7992424964904785
1.0630799531936646
0.0
0.0
0.7926152348518372
2.4676012992858887
1.4327952861785889
0.21653275191783905
1.0543900728225708
1.793265461921692
0.0
0.9804469347000122
0.0
1.916429877281189
0.4018423557281494
1.0399123430252075
0.0
3.2474489212036133
0.5731180310249329
0.0
0.013780084438621998
0.0
3.0222816467285156
0.05381999909877777
1.1633936166763306
0.5303823947906494
0.7231132984161377
0.0
0.0
0.0
0.8405371904373169
0.034426409751176834
1.610604166984558
1.1002655029296875
0.0
0.14017941057682037
0.0
2.0602641105651855
0.0
0.49567052721977234
0.0
0.8833357095718384
0.0
0.6910020112991333
0.179902121424675
0.8317837715148926
0.07167544215917587
1.456597089767456
1.422916054725647
0.37073004245758057
1.4046642780303955
1.5372945070266724
0.0
1.8056976795196533
1.481493353843689
1.6714648008346558
1.2025775909423828
1.8932462930679321
0.0
0.14618931710720062
0.3183530867099762
1.4078354835510254
6.365512371063232
1.16017484664917
1.1562738418579102
1.3363345861434937
1.0627628564834595
0.0
0.5535659193992615
1.0202175378799438
0.9918643832206726
0.0
0.3987501263618469
0.6023908257484436
0.0
0.8859369158744812
2.8788156509399414
0.03461669385433197
0.0
0.0
2.2944860458374023
0.34177446365356445
0.9845065474510193
1.5132238864898682
0.9317806959152222
0.5623509287834167
0.5457164645195007
0.6047959923744202
0.48688554763793945
0.2115376591682434
0.5895938873291016
0.3123907446861267
0.5575461387634277
0.45834216475486755
0.0
1.7035921812057495
1.5004504919052124
0.0
2.0946831703186035
1.4984922409057617
1.0092599391937256
1.2737295627593994
0.7888896465301514
1.317051887512207
1.1552271842956543
0.0
1.0573395490646362
0.0
0.6514377593994141
0.7874307036399841
1.259838342666626
0.7783387899398804
0.8836058974266052
1.9259443283081055
0.0
1.31275475025177
0.2617739140987396
0.11464899033308029
2.492619276046753
0.0
0.045938894152641296
0.0
0.0
0.5918774008750916
1.0885624885559082
1.0623505115509033
0.5035675168037415
2.4714674949645996
0.22929798066616058
1.3192718029022217
0.550329327583313
0.5485072731971741
1.0058823823928833
0.0
0.9953054189682007
0.45924609899520874
2.347989320755005
1.2234934568405151
0.6087654829025269
2.2250146865844727
1.294962763786316
0.5029168725013733
0.32085856795310974
0.0
1.374661922454834
1.2612340450286865
1.2618523836135864
1.6985013484954834
0.6889881491661072
0.0
0.15619432926177979
0.7069544792175293
0.0
0.7557953000068665
1.521580696105957
1.2046705484390259
1.3498928546905518
1.758538007736206
0.0
0.13315454125404358
0.39299383759498596
0.6155840754508972
0.8665095567703247
0.4844275712966919
0.07473590224981308
1.9360946416854858
0.14290685951709747
0.3578057587146759
0.6714656949043274
0.6689918041229248
0.0
1.472517967224121
0.8661945462226868
0.598584771156311
0.7197197675704956
1.575924038887024
0.7823404669761658
0.1910182237625122
1.9405014514923096
0.8913121819496155
1.4196492433547974
0.6884171962738037
0.8102016448974609
0.0
0.7526713609695435
0.9261196851730347
0.22322455048561096
0.0
1.6046732664108276
0.6005196571350098
1.911131739616394
0.0
0.4036659002304077
0.3536675274372101
1.8255115747451782
0.43203479051589966
0.7037513256072998
0.0
0.0
0.021961113438010216
0.8707931637763977
0.4909449815750122
0.0
0.42615166306495667
0.0
1.0669656991958618
0.8996219038963318
1.7576022148132324
1.4045521020889282
0.44142234325408936
0.4015093147754669
0.23946255445480347
3.4392433166503906
0.5848208069801331
0.0
1.2822602987289429
1.0470479726791382
1.6422555446624756
0.6324406266212463
0.9145119190216064
0.0
0.0
0.4812878668308258
0.0
0.01661854237318039
1.711710810661316
1.0836151838302612
1.1949183940887451
0.03393486142158508
0.7846240997314453
0.21410658955574036
0.8752489686012268
1.344770908355713
0.24885013699531555
1.7019745111465454
0.0
0.8281645178794861
1.041529655456543
0.5651417374610901
1.1053236722946167
1.3869357109069824
0.33252960443496704
0.3133421242237091
0.7712879180908203
0.5015377998352051
0.23833666741847992
1.926039457321167
1.1144578456878662
0.1556720733642578
1.8226333856582642
0.0
1.221495270729065
1.0567207336425781
0.2256665974855423
1.393627405166626
1.9093259572982788
1.3581068515777588
0.5109094977378845
1.316703200340271
0.719418466091156
1.0518529415130615
0.5565787553787231
0.7452025413513184
0.7829113602638245
1.1062755584716797
0.09682521224021912
0.6151877641677856
0.22975784540176392
0.49092918634414673
1.675423502922058
0.7676090598106384
1.2690356969833374
1.592225432395935
0.15733686089515686
0.5326341390609741
1.6513259410858154
1.6241780519485474
1.3211908340454102
0.4579775035381317
1.95610511302948
0.3316733241081238
1.8065541982650757
0.23372198641300201
0.0
0.6230688095092773
0.6795364022254944
1.4446566104888916
0.6253523230552673
1.4970967769622803
0.1697692722082138
0.0
0.0
1.5143091678619385
0.4088829755783081
0.8781033158302307
1.0252282619476318
0.5345052480697632
0.332339346408844
1.8785624504089355
1.02579927444458
1.3405368328094482
0.3745200037956238
0.19369815289974213
0.2976590394973755
1.0727843046188354
1.0715001821517944
0.08066659420728683
1.6847046613693237
1.585010290145874
1.874391794204712
1.2046388387680054
1.7578080892562866
1.8611352443695068
0.0
1.1147115230560303
0.0
0.1458563506603241
1.0324909687042236
0.0
1.4204106330871582
0.0
0.34507283568382263
1.350415587425232
0.9174613952636719
0.9304803609848022
1.9144954681396484
1.3351294994354248
0.25500279664993286
0.0
0.19701232016086578
0.0
1.5001416206359863
0.0
1.199453592300415
0.5661091208457947
0.567282497882843
2.198293447494507
0.6797590255737305
0.0
1.3556479215621948
0.805095911026001
1.3112006187438965
0.0
0.9419295191764832
0.6134117245674133
0.7271884679794312
0.9279906153678894
1.318558692932129
0.9953371286392212
1.2173405885696411
0.12270454317331314
0.0
0.4774820804595947
0.8482438921928406
1.4250727891921997
1.7209874391555786
0.481937050819397
1.4052666425704956
0.7164531350135803
0.6309975981712341
0.5033771991729736
1.362166166305542
0.0
0.910912275314331
0.3347655236721039
0.7495473623275757
0.5694074034690857
1.2152470350265503
0.7419200539588928
1.7112512588500977
1.3380625247955322
0.8970528841018677
1.8969570398330688
1.5110673904418945
3.201990842819214
1.0569590330123901
1.3757039308547974
0.8932472467422485
0.9803360104560852
0.8180197477340698
0.15708330273628235
1.3175910711288452
0.33443254232406616
0.3552056550979614
1.095365285873413
0.9296399354934692
1.3803073167800903
1.3674309253692627
1.3253453969955444
0.9008271098136902
0.8315936326980591
1.24068284034729
0.11322183161973953
0.4033012092113495
0.1823442429304123
0.0
0.0
1.007515788078308
0.14920225739479065
0.17968018352985382
0.6384505033493042
0.6654714345932007
0.010529309511184692
0.0
0.29605600237846375
0.0
0.0
0.1925404667854309
1.2705581188201904
1.5919082164764404
0.4598484933376312
0.3235225975513458
0.0
0.4032060205936432
1.9779882431030273
1.9729456901550293
1.02253258228302
0.6499630808830261
0.5650308132171631
1.747059941291809
0.0
1.9324933290481567
0.6886708736419678
0.5198689699172974
0.5970150828361511
1.1397820711135864
0.029934128746390343
1.9424679279327393
0.28046974539756775
0.2312166839838028
0.3153878152370453
2.2519726753234863
0.9673328995704651
0.28776413202285767
0.0
1.12447988986969
0.0
0.0
1.2820549011230469
0.6334554553031921
0.2889218032360077
0.0
0.0
1.0143157243728638
0.0183311328291893
0.33931660652160645
1.660158634185791
0.0
0.25265589356422424
0.6772693991661072
0.0
0.6716558933258057
0.013764220289885998
0.0
0.0
0.0
1.6471712589263916
0.8320360779762268
1.5567048788070679
1.0016801357269287
0.0
0.2600613236427307
0.2460433691740036
0.8978458046913147
0.21545444428920746
1.3826223611831665
1.21664297580719
0.5407055020332336
0.1577969640493393
0.5409116744995117
1.0442572832107544
0.6494872570037842
0.738494873046875
0.0
0.9990795254707336
0.0
0.7994824051856995
1.0524873733520508
1.2270137071609497
0.5073098540306091
0.36503541469573975
0.22406500577926636
0.17051345109939575
0.3500361740589142
0.30252742767333984
0.36766964197158813
1.4269120693206787
1.1004083156585693
1.6161067485809326
1.8356523513793945
0.0
1.8440722227096558
0.49559128284454346
0.0
1.9414212703704834
0.7199733853340149
0.8072683811187744
2.1574461460113525
1.3391731977462769
0.0
0.0
0.8732193112373352
1.2134555578231812
1.870570421218872
0.5078485608100891
0.0
1.4581353664398193
0.9206487536430359
1.7526228427886963
0.709999144077301
0.9901675581932068
0.5447808504104614
1.9270542860031128
0.8193041682243347
0.0
1.3834153413772583
0.0
1.0366456508636475
1.1149652004241943
0.27618828415870667
0.0
1.1530547142028809
0.7117593288421631
1.142271876335144
1.569469928741455
0.6163294315338135
0.3035423159599304
0.9252473711967468
1.6024059057235718
1.010465145111084
1.5961897373199463
0.23162899911403656
0.031841665506362915
0.20620958507061005
0.7413650751113892
0.06089826673269272
0.5193932056427002
1.0930979251861572
0.0826328918337822
0.37620094418525696
0.0
0.0
1.2163258790969849
1.0411174297332764
0.0
1.0341242551803589
1.6613478660583496
1.8229984045028687
0.8173695802688599
0.9071224331855774
0.2494368702173233
0.9515385627746582
0.7530836462974548
0.5899586081504822
0.9532358050346375
0.1429702341556549
3.3367297649383545
0.0
0.0
0.5355201363563538
0.8341783285140991
0.0
0.9029361009597778
0.6924925446510315
0.21791233122348785
2.5667338371276855
1.5231438875198364
0.5226528644561768
1.5697871446609497
0.2190382331609726
0.7522591352462769
0.808584451675415
0.4992859959602356
1.402253270149231
0.38784024119377136
0.0
0.0
1.319969892501831
0.36532270908355713
0.7331509590148926
1.382289171218872
0.7677993178367615
0.14208227396011353
0.0
0.0
0.0
0.0029176666866987944
0.9676818251609802
1.0272104740142822
1.264532208442688
0.24207903444766998
0.7282034754753113
1.387220859527588
0.7844653725624084
0.39037737250328064
1.2254912853240967
0.0042018890380859375
1.3805292844772339
0.3740759491920471
0.0
0.22867953777313232
0.0
0.4790044128894806
1.7436003684997559
1.768369197845459
1.292250633239746
0.18136103451251984
2.345768928527832
0.9202839732170105
0.8271375298500061
0.09033957868814468
0.0
1.3392521142959595
0.0
0.5160790681838989
0.0
1.1826447248458862
0.7398268580436707
0.13753119111061096
1.4617823362350464
1.8963525295257568
1.0861523151397705
0.37870633602142334
1.5604790449142456
1.2007063627243042
0.5906880497932434
0.6094315052032471
0.0
0.6284920573234558
2.073735237121582
1.440485954284668
0.0
0.8495601415634155
1.5327593088150024
0.01985345035791397
0.0
3.828403949737549
1.1471084356307983
1.2746018171310425
1.2521952390670776
0.0
1.7114570140838623
0.0
0.0
1.438091516494751
0.9028409719467163
0.35563385486602783
0.0
2.064047336578369
1.2695430517196655
0.6315525770187378
0.3787381052970886
0.7834188938140869
0.0
0.0
0.5404201149940491
1.2272515296936035
1.4627816677093506
0.0
4.144695281982422
1.6718612909317017
1.276837706565857
0.8849696516990662
0.2770921289920807
1.99489164352417
0.0
1.305222511291504
1.2031959295272827
0.5553736686706543
0.5468423366546631
0.11065290123224258
0.8115814924240112
0.6398301124572754
1.09000563621521
0.9529661536216736
0.1309662163257599
1.2156598567962646
0.0
0.8882362842559814
0.04742947965860367
1.2654362916946411
0.0
0.6572099328041077
1.33091139793396
0.4447048008441925
0.5640317797660828
2.3293251991271973
1.135088324546814
0.5206776261329651
0.4493352472782135
0.0
1.1600162982940674
0.39729127287864685
0.9678720831871033
0.09078361839056015
1.319319725036621
1.5595275163650513
0.08399663865566254
0.0
3.1339609622955322
1.2410950660705566
0.9355863332748413
0.9124823212623596
0.46416181325912476
1.2768217325210571
2.0995352268218994
0.5613678097724915
1.075972080230713
1.2990062236785889
0.9039667844772339
0.20473487675189972
2.1801860332489014
1.0354878902435303
0.0
1.0460649728775024
0.29149067401885986
1.5534380674362183
0.7132022380828857
0.374630868434906
0.800227701663971
1.8539042472839355
0.09477062523365021
0.0
1.1259069442749023
1.0620334148406982
0.750831663608551
0.7175314426422119
0.8384281396865845
1.3212225437164307
0.07459317147731781
0.0
0.22408002614974976
0.5449072122573853
1.2838307619094849
1.111175298690796
1.121276617050171
0.6353266835212708
0.0
1.078778862953186
0.06360399723052979
0.837096095085144
0.8387929201126099
1.2703678607940674
0.6800128221511841
0.6895430088043213
0.0
0.6197389364242554
0.0
0.5970627069473267
1.1098592281341553
1.2799615859985352
0.42935487627983093
1.6590008735656738
0.826772928237915
0.1966000348329544
1.1845793724060059
0.0
0.8703172206878662
0.0
0.5644434094429016
0.3326723277568817
0.6836124062538147
0.7864475846290588
1.285178542137146
1.4650174379348755

AGNA
0.17370598018169403
7.174670696258545
6.9070143699646
7.08014440536499
1000
1000
7.065179824829102
0.0
5.151392936706543
1.1411231756210327
5.526900768280029
12.682350158691406
0.0
14.413406372070312
11.365978240966797
9.248291015625
5.846682071685791
8.809220314025879
5.598202705383301
1000
5.7517547607421875
10.391530990600586
0.0
15.696490287780762
0.0
4.777513027191162
6.8257036209106445
3.1858975887298584
5.112578392028809
15.969165802001953
16.382965087890625
6.613093376159668
0.44134488701820374
5.198449611663818
13.09704875946045
0.0
0.0
3.997084379196167
13.010479927062988
7.6384172439575195
11.388504028320312
16.194698333740234
8.349858283996582
13.380361557006836
7.051637172698975
12.70790958404541
8.887203216552734
4.812854290008545
5.52180814743042
0.9664674401283264
7.2706193923950195
5.7253193855285645
0.0
0.0
11.4143705368042
6.161255836486816
7.8418426513671875
1.2470718622207642
0.0
0.0
9.59373664855957
0.4499743580818176
13.174129486083984
0.0
1000
0.1892479807138443
9.093659400939941
10.479795455932617
6.9088287353515625
4.32735538482666
5.2578816413879395
5.709151744842529
6.4324774742126465
9.873673439025879
4.560739994049072
9.388949394226074
7.353633403778076
8.000021934509277
4.662834644317627
6.478694915771484
7.632542610168457
0.0
9.731663703918457
6.879947185516357
10.1333646774292
0.0
13.100913047790527
3.3364150524139404
8.789103507995605
10.232381820678711
9.218789100646973
0.0
7.53839635848999
1000
2.974961042404175
1000
1000
3.1086316108703613
18.489288330078125
9.317598342895508
6.606616497039795
3.8641881942749023
15.559441566467285
7.800800323486328
11.8572998046875
7.88136625289917
0.0
1000
7.962660312652588
12.675264358520508
5.300094127655029
12.45077896118164
0.0
5.251412391662598
6.159140586853027
7.073066234588623
7.288032531738281
3.2421047687530518
0.0
0.0
4.009075164794922
0.0
8.866326332092285
9.463220596313477
5.240375518798828
0.0
4.5708842277526855
6.9659271240234375
6.586025238037109
0.060541003942489624
4.13972806930542
9.579408645629883
6.463793754577637
17.178268432617188
7.289334774017334
8.623235702514648
16.026010513305664
10.240274429321289
5.708415508270264
0.0
1000
11.561811447143555
1000
0.0
8.446639060974121
4.640412330627441
1000
0.0
7.162741661071777
5.309906005859375
8.942538261413574
12.528421401977539
1000
6.376078128814697
5.912893295288086
5.141974449157715
6.477546215057373
13.792556762695312
0.6290348768234253
10.359951972961426
16.954195022583008
6.672268390655518
6.336026668548584
1000
0.0
0.0
6.499173641204834
0.752707302570343
2.8553831577301025
5.461817264556885
9.890352249145508
8.020830154418945
1.6314846277236938
9.109102249145508
13.136354446411133
14.148446083068848
4.68782901763916
9.283956527709961
3.9911928176879883
8.814486503601074
8.159869194030762
9.126497268676758
6.634646415710449
3.771165370941162
0.0
9.059715270996094
1000
3.5395548343658447
0.0
0.0
5.5900702476501465
5.849084854125977
5.30170202255249
7.657886505126953
5.131168842315674
4.049404621124268
11.388813972473145
5.434097766876221
13.83758544921875
6.15203857421875
7.136068820953369
5.963181018829346
9.685608863830566
14.606295585632324
8.315484046936035
6.876058101654053
7.569122791290283
8.281023025512695
9.411975860595703
15.23220157623291
1.8056128025054932
5.492892742156982
7.136884689331055
0.16954021155834198
5.509583473205566
13.500779151916504
13.00221061706543
10.14959716796875
0.0
6.503294944763184
12.533963203430176
11.361185073852539
11.935334205627441
6.49666690826416
0.0
13.690818786621094
0.0
5.989195346832275
2.6513524055480957
8.00044059753418
15.230905532836914
14.956202507019043
5.906735420227051
2.741456985473633
7.132655620574951
13.761042594909668
6.085158824920654
0.0
0.0
7.443718433380127
12.085716247558594
9.572663307189941
2.7291338443756104
12.744614601135254
11.418274879455566
0.0
8.863272666931152
0.0
11.078536033630371
4.064945697784424
7.984930038452148
0.0
12.538031578063965
15.882515907287598
0.0
0.27714696526527405
0.0
9.48582935333252
1.227607250213623
18.98198127746582
4.621292591094971
10.165946006774902
0.0
0.0
0.0
7.76881217956543
1.0700381994247437
12.080940246582031
7.035417079925537
0.0
1.9922326803207397
0.0
1000
0.0
8.10974407196045
0.0
9.065271377563477
0.0
4.627761363983154
5.514543533325195
12.864360809326172
1.5048820972442627
1000
10.98197078704834
6.671026706695557
11.485894203186035
10.409693717956543
0.0
12.747394561767578
12.344191551208496
13.675742149353027
6.556149005889893
1000
0.0
2.5900750160217285
4.5202155113220215
12.27689266204834
18.288480758666992
14.767574310302734
1000
1000
1000
0.0
5.5335540771484375
1000
7.250491142272949
0.0
3.492812156677246
7.4575724601745605
0.0
8.038897514343262
1000
0.6329010128974915
0.0
0.0
14.863531112670898
7.36304235458374
6.517505645751953
8.089612007141113
6.596916198730469
7.3821516036987305
11.710249900817871
5.182363033294678
3.0883326530456543
2.9608564376831055
6.038177967071533
2.5855114459991455
4.769094467163086
8.482431411743164
0.0
12.313349723815918
18.022031784057617
0.0
1000
1000
13.597009658813477
6.699965000152588
8.699708938598633
10.742844581604004
12.422017097473145
0.0
1000
0.0
5.617405414581299
6.993095874786377
11.35445785522461
3.1859452724456787
1000
13.284135818481445
0.0
14.58639144897461
2.8872106075286865
3.099591016769409
12.953103065490723
0.0
1.073667287826538
0.0
0.0
5.8089213371276855
7.003976345062256
13.239847183227539
5.695384502410889
11.603643417358398
4.259615421295166
15.982376098632812
9.496563911437988
5.725969314575195
10.810975074768066
0.0
8.234760284423828
6.8217878341674805
15.15683364868164
11.897750854492188
5.93709135055542
14.441539764404297
10.632513999938965
6.24699068069458
5.356184482574463
0.0
1000
1000
13.531195640563965
16.054183959960938
8.656970977783203
0.0
2.734574556350708
8.210891723632812
0.0
5.674534320831299
9.403031349182129
10.081709861755371
13.975309371948242
1000
0.0
12.348798751831055
1000
4.9654693603515625
6.2885966300964355
3.920224905014038
1.1571983098983765
17.077627182006836
2.1697981357574463
4.915043354034424
4.020480632781982
7.501058578491211
0.0
13.641779899597168
6.9000349044799805
4.442052841186523
14.907482147216797
9.93028450012207
12.474665641784668
1.3985246419906616
1000
10.132467269897461
16.33948516845703
7.495643615722656
12.305054664611816
0.0
5.709010601043701
6.632308483123779
2.8248956203460693
0.0
11.301312446594238
5.143054008483887
13.473930358886719
0.0
6.5491180419921875
5.070493221282959
1000
5.171227931976318
6.5205230712890625
0.0
0.0
0.4321829378604889
10.443582534790039
7.154696941375732
0.0
4.447855472564697
0.0
8.02534294128418
3.6834423542022705
12.181703567504883
13.060425758361816
5.421388626098633
4.554934978485107
2.292109489440918
12.211210250854492
7.73524808883667
0.0
7.692223072052002
15.879266738891602
11.47028636932373
7.230607032775879
8.899075508117676
0.0
0.0
6.8705244064331055
0.0
0.2755800187587738
11.887621879577637
1000
14.167327880859375
0.6050712466239929
5.099629878997803
3.0247349739074707
9.108953475952148
8.151993751525879
7.70066499710083
10.081597328186035
0.0
11.46231746673584
12.533084869384766
4.135859966278076
12.699931144714355
10.428838729858398
1000
3.913295030593872
4.583712100982666
3.77848744392395
3.747999429702759
1000
5.304386615753174
2.551292896270752
8.349350929260254
0.0
11.520121574401855
13.046377182006836
2.8518154621124268
9.373785972595215
11.498481750488281
7.384652137756348
4.395358562469482
11.830796241760254
6.7705583572387695
8.617568016052246
6.319434642791748
6.0986809730529785
9.597350120544434
13.861790657043457
1.289040207862854
1000
2.321748733520508
3.3888192176818848
9.974807739257812
8.127643585205078
8.412577629089355
11.08316421508789
2.6853389739990234
4.7595534324646
9.172826766967773
1000
1000
4.001314640045166
12.753727912902832
3.179964542388916
12.171876907348633
6.288481712341309
0.0
8.735536575317383
5.294454097747803
12.020462036132812
6.603513717651367
10.27705192565918
12.826128005981445
0.0
0.0
14.829373359680176
6.282066822052002
1000
15.421365737915039
5.399047374725342
9.396419525146484
8.33608341217041
1000
1000
1000
1.8391495943069458
13.933006286621094
8.721378326416016
9.31036376953125
3.338120698928833
1000
9.69998836517334
9.712199211120605
14.17458724975586
9.823103904724121
1000
0.0
9.246591567993164
0.0
7.829321384429932
6.990056037902832
0.0
13.837902069091797
0.0
1000
8.43962287902832
7.782316207885742
4.8053693771362305
8.094086647033691
8.074520111083984
1000
0.0
2.546597957611084
0.0
12.557923316955566
0.0
9.226912498474121
6.795302391052246
14.505497932434082
15.642050743103027
11.614076614379883
0.0
1000
1000
12.04895305633545
0.0
11.67684268951416
5.97722864151001
4.48563289642334
9.989483833312988
10.197305679321289
6.563685417175293
8.341156005859375
1.9848382472991943
0.0
4.250180244445801
9.429234504699707
15.163228034973145
13.584288597106934
13.560812950134277
10.335896492004395
1000
6.865166187286377
5.998407363891602
7.940401554107666
0.0
7.610517978668213
2.3488729000091553
12.162960052490234
5.967992782592773
12.846678733825684
4.3646321296691895
14.084405899047852
18.75775718688965
9.903407096862793
10.154786109924316
7.537611484527588
15.531411170959473
15.445772171020508
10.415840148925781
11.536080360412598
6.333399295806885
4.201075077056885
2.7191128730773926
1000
1000
5.4188232421875
9.590845108032227
5.714109897613525
11.881628036499023
10.389238357543945
9.620637893676758
11.573448181152344
15.532508850097656
15.773813247680664
1.322692632675171
7.609400749206543
5.138816833496094
0.0
0.0
11.32436466217041
2.6565184593200684
2.8509395122528076
1000
6.5675787925720215
0.20655536651611328
0.0
4.634299278259277
0.0
0.0
1.928472638130188
12.919782638549805
7.8201212882995605
6.299337387084961
3.721179485321045
0.0
5.953930854797363
9.826393127441406
9.060771942138672
10.38264274597168
7.021755218505859
1000
15.782875061035156
0.0
11.270489692687988
7.928192615509033
3.4302213191986084
5.710876941680908
14.979072570800781
0.35429057478904724
14.17177963256836
1000
11.241228103637695
5.081691265106201
15.613927841186523
9.010688781738281
3.0422682762145996
0.0
1000
0.0
0.0
9.06627082824707
4.812718391418457
11.10761833190918
0.0
0.0
12.064364433288574
0.4139321446418762
7.4301018714904785
15.532099723815918
0.0
2.552121877670288
12.160187721252441
0.0
6.049975395202637
0.398872047662735
0.0
0.0
0.0
13.00683307647705
7.120224952697754
9.076415061950684
6.7776408195495605
0.0
5.543393611907959
2.974112033843994
7.8629374504089355
3.105681896209717
9.812212944030762
8.645723342895508
6.171694278717041
1.7480781078338623
5.008055210113525
6.171677112579346
4.275197982788086
10.636300086975098
0.0
8.156698226928711
0.0
6.145867824554443
9.974933624267578
6.280765056610107
6.661134243011475
4.427524089813232
2.263831853866577
7.582764148712158
3.4858789443969727
3.209872245788574
7.2408576011657715
8.546781539916992
13.145194053649902
12.750643730163574
8.418529510498047
0.0
12.491185188293457
4.799015998840332
0.0
9.865869522094727
10.46833610534668
12.027498245239258
11.224459648132324
10.010507583618164
0.0
0.0
9.250736236572266
9.426949501037598
11.927295684814453
4.544205665588379
0.0
11.243464469909668
10.965230941772461
13.752613067626953
12.68545150756836
5.546874046325684
1000
1000
13.360450744628906
0.0
10.19895076751709
0.0
6.680172920227051
9.274747848510742
2.584141969680786
0.0
1000
6.02907657623291
4.9945387840271
12.354413986206055
6.573663234710693
1000
1000
13.626570701599121
9.219751358032227
7.224313259124756
4.580780029296875
0.49322688579559326
6.371837615966797
9.06246566772461
1.071183443069458
4.995284080505371
1000
0.9352117776870728
10.240585327148438
0.0
0.0
1000
4.506817817687988
0.0
10.676926612854004
9.18264102935791
13.196904182434082
17.379919052124023
8.497045516967773
6.128113269805908
10.6991605758667
6.221426963806152
1000
8.349199295043945
1.9695571660995483
12.110074996948242
0.0
0.0
6.44466495513916
8.739755630493164
0.0
7.634353160858154
4.968655586242676
2.0958588123321533
11.002387046813965
10.287971496582031
7.603729724884033
10.361050605773926
1.6437519788742065
3.170544147491455
5.114418983459473
3.6658356189727783
10.732339859008789
4.565717697143555
0.0
0.0
10.361149787902832
4.20517110824585
6.512932300567627
9.077756881713867
11.841015815734863
1.8247084617614746
0.0
0.0
0.0
0.07091273367404938
11.481949806213379
9.257904052734375
10.308573722839355
2.675779342651367
6.584324359893799
12.355059623718262
6.423083782196045
4.977532863616943
11.27245807647705
0.07998251914978027
12.744587898254395
3.516847848892212
0.0
8.315877914428711
0.0
6.2298197746276855
9.461095809936523
13.20752239227295
15.495109558105469
7.178620338439941
10.71242618560791
7.238125324249268
7.46964693069458
2.162146806716919
0.0
11.698078155517578
0.0
4.417964458465576
0.0
15.045679092407227
8.429753303527832
2.6843488216400146
9.633346557617188
8.790990829467773
9.089656829833984
4.05288553237915
12.206239700317383
9.488374710083008
6.257831573486328
1000
0.0
7.127142429351807
12.120102882385254
12.838391304016113
0.0
9.979902267456055
9.72856330871582
0.38915595412254333
0.0
13.701082229614258
5.575412750244141
6.184147834777832
15.888080596923828
0.0
7.5407209396362305
0.0
0.0
10.33426570892334
7.022939205169678
5.788018703460693
0.0
13.180119514465332
12.060700416564941
13.160624504089355
4.5291008949279785
8.228297233581543
0.0
0.0
7.365554332733154
1000
14.774239540100098
0.0
15.280777931213379
9.378944396972656
7.370734214782715
8.528921127319336
5.411543846130371
11.216890335083008
0.0
1000
1000
3.885962724685669
5.609292507171631
1.8827733993530273
7.838284969329834
14.182448387145996
5.111870765686035
11.323755264282227
2.104644298553467
14.611598014831543
0.0
6.495945930480957
2.810502052307129
9.558587074279785
0.0
7.814840316772461
8.974231719970703
4.177957534790039
1000
14.806806564331055
10.666988372802734
5.359189033508301
5.568483352661133
0.0
10.483667373657227
11.206618309020996
6.301388263702393
2.339409828186035
10.794230461120605
11.933758735656738
1.2408316135406494
0.0
13.59210205078125
7.652235507965088
5.68224573135376
9.810458183288574
9.390403747558594
12.826298713684082
16.972885131835938
4.988627910614014
8.390220642089844
5.1670403480529785
8.127907752990723
7.946005344390869
14.654376029968262
10.326953887939453
0.0
12.681102752685547
2.7078802585601807
16.76946449279785
1000
4.77595853805542
5.559971809387207
10.171382904052734
1.6845064163208008
0.0
10.6686372756958
6.572944641113281
13.802404403686523
9.26638126373291
7.794719219207764
1000
12.109318733215332
0.0
4.4637227058410645
10.469476699829102
8.109170913696289
8.783413887023926
12.743474006652832
4.318447113037109
0.0
11.322050094604492
1.2985690832138062
10.307755470275879
7.5715250968933105
6.829628944396973
7.740231513977051
14.459403038024902
0.0
8.445931434631348
0.0
5.801196098327637
12.843742370605469
10.91809368133545
10.28211784362793
10.317012786865234
12.063910484313965
6.1935577392578125
6.930144309997559
0.0
9.564003944396973
0.0
12.9771146774292
2.2993037700653076
4.806832313537598
8.289959907531738
12.271431922912598
8.13870906829834

DeepFool
0.005635867826640606
1.3489491939544678
0.45499566197395325
0.4790271818637848
0.7071012854576111
1.0732568502426147
0.8141791224479675
0.0
0.477209210395813
0.08035523444414139
0.4654373526573181
1.9457709789276123
0.0
4.038900375366211
1.4452941417694092
1.811613917350769
0.3784601092338562
2.0887722969055176
0.42011281847953796
1.827264428138733
0.18085815012454987
2.602165699005127
0.0
5.144825458526611
0.0
0.28010421991348267
0.17409808933734894
0.3117135763168335
0.448721706867218
1.3940250873565674
0.31797781586647034
0.7848348617553711
0.02385054901242256
0.8348374962806702
2.237456798553467
0.0
0.0
0.2824590504169464
2.3655881881713867
1.1718076467514038
1.7376352548599243
1.672404408454895
0.7318499088287354
0.39979952573776245
1.2327200174331665
1.5217385292053223
1.0108535289764404
0.23059573769569397
0.4833540618419647
0.024239005520939827
0.9211974143981934
1.2242701053619385
0.0
0.0
1.8243844509124756
1.1142586469650269
0.957019567489624
0.05416567251086235
0.0
0.0
2.607506513595581
0.015378790907561779
1.1931830644607544
0.0
1.6216968297958374
0.010055117309093475
0.6893097758293152
1.9996806383132935
0.6203129887580872
0.4740971624851227
0.2932691276073456
0.3329090178012848
1.060284972190857
1.6207250356674194
0.25103509426116943
2.1592330932617188
0.7327605485916138
0.22045829892158508
0.2905207872390747
0.9599962830543518
1.1006112098693848
0.0
2.6601767539978027
0.8937537670135498
0.8824938535690308
0.0
0.7834900617599487
0.37307387590408325
0.9411845803260803
1.4041365385055542
0.7934945821762085
0.0
1.548048973083496
0.814244270324707
0.631962239742279
0.5704489946365356
2.3867132663726807
0.596376895904541
2.7935967445373535
2.430333137512207
0.21071463823318481
0.3354271352291107
1.2539352178573608
1.6181915998458862
3.3242058753967285
3.120917797088623
0.0
0.7794337272644043
0.6902915835380554
1.7730149030685425
0.18653692305088043
2.1653268337249756
0.0
0.49898627400398254
0.3522396683692932
0.8043987154960632
1.4148110151290894
0.2755209803581238
0.0
0.0
0.43958625197410583
0.0
1.371281385421753
2.078500509262085
0.9768526554107666
0.0
1.3501847982406616
0.5817360281944275
0.3455989956855774
0.001955463085323572
0.29892635345458984
4.52156400680542
0.7546308040618896
4.225497722625732
1.2717252969741821
0.8733411431312561
1.386629343032837
2.5737321376800537
1.1011404991149902
0.0
0.7828027009963989
2.4573612213134766
1.5246866941452026
0.0
1.1600843667984009
0.5424830913543701
1.0149201154708862
0.0
0.376079261302948
0.54850172996521
1.8784294128417969
0.440508097410202
0.57747483253479
1.3286842107772827
1.3995466232299805
0.790619969367981
0.8476157188415527
1.1867769956588745
0.020340828225016594
0.9956066012382507
1.2628660202026367
1.4454561471939087
0.41429755091667175
0.922657310962677
0.0
0.0
1.7369173765182495
0.05868073180317879
0.35875797271728516
0.6291358470916748
2.2813491821289062
0.851594865322113
0.0961901843547821
1.090851902961731
1.6247365474700928
2.2868998050689697
0.2948971390724182
1.2009930610656738
0.21107515692710876
2.0900590419769287
2.9923577308654785
1.233445167541504
1.0744160413742065
0.4606156349182129
0.0
1.8061972856521606
0.21442264318466187
0.09746799618005753
0.0
0.0
0.7811492681503296
0.586514949798584
0.802855372428894
1.697849988937378
0.9935182332992554
0.23994028568267822
2.0147087574005127
0.7225229144096375
2.4686145782470703
0.6506848335266113
0.9107683897018433
0.7281479239463806
2.0238020420074463
2.6356282234191895
2.0880539417266846
1.4956780672073364
0.7483267188072205
1.2024813890457153
3.442359685897827
1.0733017921447754
0.12361522763967514
0.4306007921695709
0.860932469367981
0.008076551370322704
0.8129405379295349
1.701568841934204
4.318933010101318
0.4542559087276459
0.0
0.7071487307548523
0.9766680598258972
0.28029748797416687
1.3090084791183472
0.43684419989585876
0.0
0.34124085307121277
0.0
0.6086487174034119
0.26102766394615173
0.3433370292186737
1.593674659729004
4.302753925323486
0.5174440145492554
0.18188156187534332
0.9279546141624451
3.3395025730133057
1.276990294456482
0.0
0.0
0.9376996755599976
3.7795166969299316
2.128399610519409
0.26131564378738403
1.40079927444458
2.427638530731201
0.0
1.2028108835220337
0.0
2.273098945617676
0.4252069294452667
1.1730906963348389
0.0
4.670271396636963
0.6335465312004089
0.0
0.01319151185452938
0.0
2.976186752319336
0.05432787537574768
1.4839378595352173
0.4179108738899231
0.7919626235961914
0.0
0.0
0.0
0.9823644757270813
0.031803302466869354
1.9276596307754517
1.3399620056152344
0.0
0.13637155294418335
0.0
2.243601083755493
0.0
0.556732177734375
0.0
1.0903804302215576
0.0
0.4239464998245239
0.19393573701381683
0.9567738771438599
0.07248494029045105
1.9319243431091309
1.994691252708435
0.3361649811267853
2.025218963623047
2.0821642875671387
0.0
2.675431966781616
2.0097508430480957
2.468367338180542
1.5733822584152222
1.6859971284866333
0.0
0.15295639634132385
0.28192728757858276
1.6499820947647095
6.994410514831543
1.4154493808746338
1.968783974647522
1.5343194007873535
1.2481977939605713
0.0
0.5896325707435608
1.3442199230194092
1.4531950950622559
0.0
0.40166935324668884
0.7078590393066406
0.0
0.8897483944892883
4.233774662017822
0.03653359413146973
0.0
0.0
3.090801239013672
0.3415414094924927
1.2023500204086304
1.4918768405914307
0.9991502165794373
0.526351809501648
0.5579974055290222
0.6485912799835205
0.37342074513435364
0.20492395758628845
0.6743780374526978
0.32439571619033813
0.6119141578674316
0.49585214257240295
0.0
3.4282946586608887
2.074152946472168
0.0
2.1089303493499756
1.557793378829956
1.1433863639831543
1.375624418258667
0.8913097977638245
1.7477246522903442
1.288552165031433
0.0
1.24344801902771
0.0
0.8235011696815491
0.9872331619262695
1.599680781364441
0.46729451417922974
0.9418314099311829
3.017923355102539
0.0
2.0925302505493164
0.28217971324920654
0.11757130920886993
3.3499317169189453
0.0
0.04566963389515877
0.0
0.0
0.7091400027275085
1.383041501045227
1.231567144393921
0.6411426067352295
3.6194982528686523
0.2781732976436615
2.046184778213501
0.6174882054328918
0.6080513000488281
1.0843539237976074
0.0
1.41962730884552
0.44585120677948
2.6470749378204346
1.4831852912902832
0.4732813239097595
2.7070536613464355
1.5067402124404907
0.6646180748939514
0.3540046215057373
0.0
1.7567262649536133
1.7278870344161987
1.4574106931686401
2.5104598999023438
0.8014975190162659
0.0
0.17651775479316711
0.8379581570625305
0.0
0.8734855055809021
1.7801322937011719
2.0455362796783447
1.519508719444275
2.025888681411743
0.0
0.12844417989253998
0.41718924045562744
0.6716622114181519
0.6335974335670471
0.6147313714027405
0.07489819079637527
1.3717799186706543
0.1543532758951187
0.40855735540390015
0.9313493371009827
0.9069666862487793
0.0
1.9045007228851318
1.1841555833816528
0.6710797548294067
0.8012495040893555
2.4884159564971924
1.0278549194335938
0.14198938012123108
2.7286932468414307
1.5492924451828003
1.954343557357788
0.7778899073600769
1.0773534774780273
0.0
0.8241522312164307
1.0536550283432007
0.2287394404411316
0.0
2.1312761306762695
0.653342068195343
2.0563957691192627
0.0
0.3606640100479126
0.3383033275604248
3.3575263023376465
0.4436085522174835
0.8152394890785217
0.0
0.0
0.01670907251536846
1.036478042602539
0.5504032373428345
0.0
0.4793206453323364
0.0
1.2879449129104614
0.8531659841537476
2.329932689666748
1.7345460653305054
0.5482578873634338
0.3565376102924347
0.2567406892776489
4.795356750488281
0.6499451398849487
0.0
1.5063363313674927
1.4220129251480103
2.42952823638916
0.6676229238510132
1.040193796157837
0.0
0.0
0.52615886926651
0.0
0.014791860245168209
2.5404791831970215
1.6197547912597656
1.5761908292770386
0.03222235292196274
0.7689207196235657
0.1833205223083496
1.0951508283615112
2.1601669788360596
0.2798440158367157
2.0190165042877197
0.0
0.9453598856925964
2.436415672302246
0.6327129602432251
1.2884202003479004
1.7352911233901978
0.3582882881164551
0.250373899936676
0.8106376528739929
0.5231149196624756
0.25018104910850525
2.174952983856201
2.5626296997070312
0.12168154865503311
2.1137092113494873
0.0
1.4517964124679565
1.3508756160736084
0.23916524648666382
1.7856961488723755
3.530539035797119
1.6612343788146973
0.7633907198905945
2.1062235832214355
1.4858492612838745
1.6094940900802612
0.6178779006004333
0.8943437933921814
0.8000212907791138
2.048780918121338
0.09243067353963852
0.7121577262878418
0.2431434541940689
0.3863927721977234
1.6239721775054932
0.881814181804657
1.8937913179397583
1.6164271831512451
0.1775236576795578
0.5613013505935669
2.9240787029266357
1.8426790237426758
1.7066160440444946
0.5437193512916565
2.37113356590271
0.3310748040676117
2.6296699047088623
0.2511153519153595
0.0
1.0134447813034058
0.6764346957206726
2.242642879486084
0.7245832681655884
2.4486026763916016
0.16052965819835663
0.0
0.0
1.7052282094955444
0.4458770751953125
1.0515786409378052
1.2434600591659546
0.6250502467155457
0.35354912281036377
2.028193235397339
1.2443674802780151
1.352171540260315
0.40569061040878296
0.19238051772117615
0.3289148211479187
1.072203516960144
1.5224086046218872
0.08602964133024216
2.639197826385498
2.3484549522399902
2.873170852661133
2.058995008468628
2.0549991130828857
2.1533565521240234
0.0
1.324769377708435
0.0
0.15615496039390564
1.3157943487167358
0.0
1.7831941843032837
0.0
0.5013032555580139
1.6343580484390259
1.2250040769577026
1.3192431926727295
2.6178667545318604
1.9724435806274414
0.26797667145729065
0.0
0.19373032450675964
0.0
1.1678918600082397
0.0
1.4283359050750732
0.617301344871521
0.7368848323822021
2.613273859024048
0.8122637867927551
0.0
2.129612922668457
0.8654378056526184
1.7379412651062012
0.0
1.1272311210632324
0.7166710495948792
0.7722170352935791
1.1386044025421143
1.6164402961730957
0.8366914391517639
1.4114665985107422
0.12529508769512177
0.0
0.3206484317779541
1.0579032897949219
1.529256820678711
2.5686278343200684
0.5730443596839905
1.571695327758789
0.8056420683860779
0.7454169392585754
0.5686677098274231
1.9987190961837769
0.0
0.8500044941902161
0.2933432459831238
0.791887640953064
0.641533613204956
2.0938796997070312
1.2395826578140259
2.7247486114501953
1.9535789489746094
1.0534287691116333
1.6599059104919434
1.337257742881775
4.233734607696533
1.2104320526123047
1.9147754907608032
1.1353671550750732
1.2165751457214355
0.9269445538520813
0.15526624023914337
1.7612906694412231
0.3681916296482086
0.3882293105125427
1.4519801139831543
1.0044797658920288
1.6143269538879395
2.0083653926849365
1.5530025959014893
1.2119640111923218
0.9492940902709961
1.7477409839630127
0.08417238295078278
0.42569491267204285
0.18783503770828247
0.0
0.0
1.2563279867172241
0.16042859852313995
0.1646449863910675
0.6627703309059143
0.8507032990455627
0.008859855122864246
0.0
0.2947331964969635
0.0
0.0
0.20180915296077728
1.8871572017669678
2.126526117324829
0.5629069209098816
0.35292163491249084
0.0
0.30585649609565735
2.0637803077697754
1.7859201431274414
1.1946443319320679
0.9443342089653015
0.5661928057670593
2.395453929901123
0.0
3.0437731742858887
0.8216733932495117
0.3999905288219452
0.7096633315086365
1.109307885169983
0.01778564415872097
3.123051404953003
0.26910027861595154
0.23893240094184875
0.3357601463794708
2.960095167160034
1.1645889282226562
0.3073502480983734
0.0
1.3045424222946167
0.0
0.0
1.8654704093933105
0.5013795495033264
0.2976526618003845
0.0
0.0
1.1351499557495117
0.017964236438274384
0.2415345460176468
1.9230988025665283
0.0
0.19781088829040527
0.7025277614593506
0.0
0.7820312976837158
0.014239397831261158
0.0
0.0
0.0
2.351649522781372
1.037683129310608
2.011103868484497
1.092134714126587
0.0
0.2691606879234314
0.2442416250705719
1.102131724357605
0.19279469549655914
1.9932411909103394
1.5290733575820923
0.5464804172515869
0.16992126405239105
0.5816673636436462
0.9849674105644226
0.7646363377571106
0.8528186678886414
0.0
1.3182491064071655
0.0
1.0287905931472778
1.2938151359558105
1.4137423038482666
0.5245789885520935
0.3156289756298065
0.22485461831092834
0.18499353528022766
0.3136996030807495
0.3084445595741272
0.4105963110923767
2.072089433670044
1.6916208267211914
1.76390540599823
2.6124820709228516
0.0
3.081537961959839
0.291467547416687
0.0
2.080225706100464
0.9198295474052429
0.8413193821907043
3.378467082977295
1.429619312286377
0.0
0.0
1.2268636226654053
1.7042605876922607
2.156390428543091
0.37870287895202637
0.0
1.7940081357955933
0.8937775492668152
2.3778436183929443
0.7914712429046631
1.1822985410690308
0.6737037301063538
2.2966952323913574
1.0066993236541748
0.0
1.8436745405197144
0.0
1.143463373184204
1.891445517539978
0.28157803416252136
0.0
1.2021520137786865
1.0518203973770142
1.081336498260498
2.6301581859588623
0.7208234667778015
0.2995041608810425
1.0795289278030396
2.098381519317627
1.4608556032180786
1.721193552017212
0.24129880964756012
0.02842310070991516
0.16721174120903015
0.8913833498954773
0.056560155004262924
0.5675119161605835
1.3108463287353516
0.06754535436630249
0.4235583543777466
0.0
0.0
1.4179710149765015
1.1539967060089111
0.0
1.316847324371338
2.4176084995269775
1.9046761989593506
0.948009192943573
1.2400529384613037
0.26585114002227783
1.2136410474777222
0.6686762571334839
0.5233035683631897
1.4446399211883545
0.15784123539924622
4.021132946014404
0.0
0.0
0.6880632638931274
0.8515775799751282
0.0
0.9859257340431213
0.7635641098022461
0.2004462480545044
3.0916600227355957
2.0549471378326416
0.5726783871650696
1.9165492057800293
0.17070125043392181
0.6812317371368408
0.9523164629936218
0.6160777807235718
2.0082390308380127
0.3912161886692047
0.0
0.0
1.9000251293182373
0.39183205366134644
0.8739437460899353
1.4861394166946411
0.877975344657898
0.1428374946117401
0.0
0.0
0.0
0.0029781728517264128
1.1062039136886597
1.308905839920044
1.7046780586242676
0.250728040933609
0.9233256578445435
1.2595447301864624
0.8942022919654846
0.4357331693172455
1.6161739826202393
0.003950673155486584
1.4706753492355347
0.3937958776950836
0.0
0.2199251353740692
0.0
0.575354278087616
2.144920825958252
2.3380160331726074
1.7428135871887207
0.1873435378074646
3.1453092098236084
0.9727116227149963
0.9986392259597778
0.08636850118637085
0.0
1.7288072109222412
0.0
0.5248004198074341
0.0
1.3672325611114502
0.8719026446342468
0.1408950686454773
2.091315746307373
2.7719225883483887
1.483105182647705
0.4013591408729553
1.9185255765914917
1.3474979400634766
0.39222460985183716
0.7255282998085022
0.0
0.7195704579353333
2.783968448638916
1.7198938131332397
0.0
1.1097440719604492
1.9160584211349487
0.018670745193958282
0.0
4.849884510040283
1.4859765768051147
1.6383771896362305
1.6598129272460938
0.0
2.032972812652588
0.0
0.0
1.9579980373382568
1.2765331268310547
0.36566105484962463
0.0
2.652531147003174
1.351435661315918
0.7497308254241943
0.38981685042381287
0.9336023926734924
0.0
0.0
0.568503201007843
1.4413706064224243
2.163489580154419
0.0
4.877525806427002
2.3242990970611572
1.2181031703948975
1.0791988372802734
0.2684428095817566
1.8029406070709229
0.0
1.3807806968688965
1.5516691207885742
0.6822718381881714
0.6248358488082886
0.10864144563674927
1.082737684249878
0.6749796867370605
1.3892080783843994
1.1058470010757446
0.12144671380519867
2.00063157081604
0.0
0.9819603562355042
0.045159753412008286
2.2288899421691895
0.0
1.2382839918136597
1.6703722476959229
0.49751028418540955
0.5879930853843689
3.726445436477661
1.006419062614441
0.5295839905738831
0.46877315640449524
0.0
1.269648790359497
0.4178132712841034
1.5628836154937744
0.0933169275522232
1.4836584329605103
1.8939697742462158
0.07114341855049133
0.0
3.99171781539917
1.3899033069610596
1.151271939277649
1.1738144159317017
0.5686154961585999
1.7902023792266846
3.304863214492798
0.7315956354141235
1.3092882633209229
1.0941920280456543
1.2551685571670532
0.22281096875667572
3.0281622409820557
1.367714762687683
0.0
1.3494192361831665
0.23525658249855042
2.2216379642486572
0.6587937474250793
0.5182057619094849
0.750621497631073
2.300636053085327
0.06065823510289192
0.0
1.7801460027694702
1.5424320697784424
0.8529717326164246
0.9060747027397156
1.1779450178146362
1.7676880359649658
0.07621099799871445
0.0
0.2155390828847885
0.5726954340934753
1.9153236150741577
1.4260066747665405
1.3726046085357666
0.6947890520095825
0.0
1.6509642601013184
0.06712793558835983
1.2221599817276
0.9067278504371643
1.870701789855957
0.9244410991668701
0.7782692909240723
0.0
0.7327224016189575
0.0
0.8243095278739929
1.5394611358642578
4.151179313659668
0.3778793215751648
2.9174728393554688
0.8736530542373657
0.2096630334854126
1.5133042335510254
0.0
1.0883933305740356
0.0
0.6522620916366577
0.13648882508277893
0.7007368206977844
1.0100219249725342
1.7882617712020874
2.1407899856567383

PAL2
0.08394325524568558
3.6283786296844482
1.8361588716506958
2.055145025253296
1000
1000
3.2703239917755127
0.0
0.9125814437866211
0.7404870986938477
1.6896538734436035
7.162286281585693
0.0
7.688648700714111
7.87372350692749
4.2039642333984375
2.3691649436950684
4.252305507659912
1.2394742965698242
1000
1.3330942392349243
3.320338487625122
0.0
9.94308853149414
0.0
0.9042412638664246
0.919955849647522
1.8098394870758057
2.1404213905334473
1000
1.5127328634262085
2.1903061866760254
0.21962928771972656
3.535205841064453
6.794486045837402
0.0
0.0
1.3415409326553345
8.240415573120117
4.035956382751465
6.800578594207764
1000
3.3667402267456055
1.696600317955017
2.3896491527557373
7.249095916748047
1.3848155736923218
1.9257889986038208
1.735862374305725
1000
3.050016403198242
3.2591490745544434
0.0
0.0
1.3190288543701172
1.8714004755020142
3.194685697555542
0.3196803033351898
0.0
0.0
6.408034801483154
0.027049914002418518
1000
0.0
1000
0.12352406233549118
2.54201602935791
4.914379596710205
1.3762874603271484
1.3701847791671753
0.728350043296814
2.6673970222473145
1.6858906745910645
3.752549648284912
1.2405210733413696
4.117563247680664
2.4723122119903564
0.9522119760513306
0.6884835362434387
1.4031968116760254
3.005841016769409
0.0
3.2925500869750977
2.891873598098755
1.8767879009246826
0.0
2.741529703140259
1.2678500413894653
2.44020414352417
6.833136081695557
2.0569710731506348
0.0
4.1058502197265625
1000
1.885182499885559
1000
1000
1.0145905017852783
6.276453971862793
5.441629886627197
1.0620301961898804
2.0190072059631348
2.92368745803833
2.425902843475342
6.625832557678223
3.6528618335723877
0.0
1000
2.5566117763519287
1.9753148555755615
1.0296903848648071
4.473311424255371
0.0
1.1501219272613525
0.9208140969276428
2.067776918411255
3.831850051879883
0.8442676067352295
0.0
0.0
1.0485485792160034
0.0
2.633403778076172
4.618624687194824
1.0501577854156494
0.0
2.289745569229126
1.4208765029907227
1.7994276285171509
0.06118744611740112
1.387071967124939
6.499718189239502
1.6602529287338257
8.72671890258789
4.08880615234375
2.474693536758423
9.292369842529297
4.157269477844238
2.251652717590332
0.0
1000
7.440673351287842
1000
0.0
3.7738633155822754
2.262148380279541
1000
0.0
2.301398992538452
1.5136734247207642
2.6549839973449707
1.741806149482727
1000
1.7879520654678345
2.939785957336426
3.5394303798675537
1.6823277473449707
6.378509044647217
0.1225585862994194
6.999214172363281
1.679620385169983
3.661444902420044
3.0247199535369873
1000
0.0
0.0
1.9048082828521729
0.2835027277469635
2.165454387664795
1.5866175889968872
6.700425624847412
2.35001802444458
0.673692524433136
3.1688921451568604
6.069668769836426
8.020447731018066
0.8278633952140808
5.189327239990234
1.0324362516403198
5.180832386016846
3.0445399284362793
4.690798759460449
3.6407599449157715
2.2774622440338135
0.0
4.30009126663208
1000
0.7856237292289734
0.0
0.0
2.571035861968994
1.7046517133712769
2.5610198974609375
3.7448441982269287
3.484760284423828
0.9603015780448914
5.838815212249756
1.2512558698654175
4.287924766540527
3.464108943939209
2.7605652809143066
1.6146987676620483
2.0411643981933594
9.994787216186523
4.6288652420043945
1.4580332040786743
2.6234357357025146
4.363799095153809
5.905700206756592
3.3010189533233643
0.6506338119506836
2.581817865371704
2.7345430850982666
0.10431503504514694
2.2618889808654785
5.89658260345459
3.716735601425171
3.3724679946899414
0.0
2.678856134414673
6.941926002502441
1000
7.573639392852783
1.3097352981567383
0.0
2.245129108428955
0.0
2.435800790786743
1.0245298147201538
2.7763710021972656
7.26625919342041
7.807162761688232
1.387151837348938
0.5507811903953552
2.1610329151153564
5.838235855102539
2.6891651153564453
0.0
0.0
4.058769226074219
6.579288005828857
4.269721031188965
0.696922242641449
6.188398361206055
5.277120590209961
0.0
2.73275089263916
0.0
5.1923136711120605
1.2519527673721313
5.091694355010986
0.0
7.901565074920654
2.7045135498046875
0.0
0.1678561568260193
0.0
4.700190544128418
0.2898545265197754
7.010327339172363
2.5287437438964844
3.173860549926758
0.0
0.0
0.0
2.7833921909332275
0.3788137137889862
3.762723922729492
3.7050137519836426
0.0
0.5487697720527649
0.0
1000
0.0
1.4734567403793335
0.0
3.6102986335754395
0.0
1.7200030088424683
0.6714810729026794
3.67299485206604
0.6995299458503723
1000
5.405777931213379
1.9378095865249634
7.352969169616699
3.7329468727111816
0.0
6.592746734619141
4.4129638671875
7.396633148193359
2.0919196605682373
1000
0.0
0.4366421401500702
1.136196255683899
1000
5.031556129455566
3.914410352706909
1000
1000
1000
0.0
1.9713205099105835
1000
2.5785977840423584
0.0
1.611365556716919
3.1395840644836426
0.0
2.4287428855895996
1000
0.17218971252441406
0.0
0.0
5.569698333740234
1.0142128467559814
3.395494222640991
4.585829734802246
4.759134292602539
0.8558245897293091
2.2675516605377197
2.0499792098999023
0.786489725112915
0.9749979972839355
3.2063703536987305
1.5871163606643677
3.6380343437194824
2.4665029048919678
0.0
4.4575700759887695
9.832018852233887
0.0
1000
1000
7.347074031829834
5.016528129577637
2.5374703407287598
2.278837203979492
4.544906139373779
0.0
1000
0.0
2.497891902923584
3.1440629959106445
6.558159828186035
1.101859211921692
1000
4.747935771942139
0.0
7.83804178237915
0.41703349351882935
0.7715986371040344
4.566639423370361
0.0
0.5621471405029297
0.0
0.0
1.0130994319915771
2.8496077060699463
5.877102851867676
1.8609139919281006
8.233783721923828
1.7900673151016235
9.80116081237793
2.809171438217163
2.1832849979400635
2.396578073501587
0.0
2.686624050140381
1.3428691625595093
5.946451187133789
7.553006172180176
1.6066665649414062
4.896142482757568
6.177698135375977
2.0840003490448
1.928162932395935
0.0
1000
1000
8.3203706741333
3.4392082691192627
1.8752737045288086
0.0
0.909338116645813
3.476093053817749
0.0
2.834272623062134
4.531269073486328
5.549704074859619
3.7790510654449463
1000
0.0
1.3986866474151611
1000
2.3570632934570312
2.548553705215454
1.1498132944107056
0.8413634896278381
7.828165054321289
0.5094301700592041
2.253972053527832
1.0872496366500854
1.0874239206314087
0.0
6.773736000061035
2.880089521408081
1.4599725008010864
2.6688079833984375
4.603696346282959
1.770020604133606
0.3724367618560791
1000
3.522242546081543
9.149276733398438
2.882260322570801
3.7150683403015137
0.0
2.505030870437622
2.144418478012085
1.1944911479949951
0.0
6.356181621551514
1.680739164352417
7.300217151641846
0.0
1.4037377834320068
2.1517186164855957
1000
2.111724615097046
2.735398769378662
0.0
0.0
0.13669586181640625
5.01453971862793
3.815493583679199
0.0
1.6168378591537476
0.0
3.122044801712036
2.9347105026245117
7.858791828155518
3.679079055786133
2.4239699840545654
2.753279447555542
1.7503951787948608
2.9269824028015137
1.61077082157135
0.0
3.362029790878296
7.570192813873291
4.8714704513549805
0.9053159356117249
2.687558174133301
0.0
0.0
2.339772939682007
0.0
0.24823454022407532
5.8760504722595215
1000
4.444016933441162
0.1203298568725586
1.8749494552612305
0.9466549158096313
2.3161377906799316
4.943299293518066
0.8730848431587219
6.085696220397949
0.0
5.624759674072266
4.228543281555176
1.8806143999099731
4.895761013031006
6.514160633087158
1000
1.0153987407684326
2.379289388656616
1.7938387393951416
0.7392728924751282
1000
2.035235643386841
0.6549173593521118
5.863134384155273
0.0
4.148294925689697
4.614640235900879
2.013115882873535
6.372751235961914
4.825289249420166
3.118359088897705
1.1196818351745605
4.738160133361816
2.9272990226745605
1.7662320137023926
2.885530710220337
2.6361470222473145
3.536756753921509
1.6427539587020874
0.6231750249862671
1000
0.7058271169662476
2.2111682891845703
6.209681510925293
3.6822361946105957
4.5336198806762695
4.206720352172852
0.9940381050109863
2.208710193634033
5.90557336807251
1000
1000
0.9987694621086121
7.624608039855957
1.6493571996688843
4.482553958892822
1.427931547164917
0.0
1.817820429801941
2.023451328277588
7.989604949951172
2.888536214828491
4.670375823974609
0.9361965656280518
0.0
0.0
7.788322925567627
1.9431356191635132
1000
7.414484024047852
2.2898547649383545
1.8102725744247437
5.532287120819092
1000
1000
1000
0.6554823517799377
0.806333065032959
4.032288551330566
3.1225438117980957
0.3719358742237091
1000
6.142062664031982
5.703648567199707
8.77719497680664
4.597354888916016
1000
0.0
3.510514259338379
0.0
0.544801652431488
1.7234737873077393
0.0
6.120985984802246
0.0
1000
5.790069580078125
3.4563403129577637
2.339716911315918
2.8889567852020264
3.547687292098999
1000
0.0
0.8638890385627747
0.0
7.166606903076172
0.0
2.828754186630249
2.9741902351379395
0.9387852549552917
7.485058307647705
2.843870162963867
0.0
5.706981182098389
1000
2.5977253913879395
0.0
6.774824619293213
4.15448522567749
2.543070077896118
5.932268142700195
5.302349090576172
4.011552810668945
4.046295166015625
0.529592752456665
0.0
2.76509165763855
2.6191205978393555
8.65052318572998
1000
2.1195285320281982
2.1321816444396973
1000
1.7179101705551147
2.4775869846343994
4.893616676330566
0.0
2.865766763687134
1.805526852607727
3.6012349128723145
2.8952298164367676
4.271559715270996
1.887641191482544
4.131965637207031
1000
3.6065316200256348
5.273616313934326
4.122114181518555
9.101479530334473
1000
5.118548393249512
4.276243686676025
1.7349534034729004
3.208461284637451
0.7803515791893005
4.349066257476807
1000
1.3767668008804321
5.562288284301758
3.699753761291504
8.330145835876465
4.91076135635376
3.344877243041992
8.155471801757812
9.274906158447266
8.340510368347168
0.5964338779449463
2.0906174182891846
0.8588049411773682
0.0
0.0
1000
1.0427395105361938
0.6875756978988647
1000
1.420553207397461
0.2409825474023819
0.0
1.263432502746582
0.0
0.0
0.9609378576278687
7.342419624328613
5.266948223114014
1.581585168838501
1.3950148820877075
0.0
1.377123475074768
6.727659702301025
5.463159084320068
3.7230238914489746
3.475874185562134
1.6959203481674194
6.068264007568359
0.0
5.959975242614746
3.0846688747406006
1.8872560262680054
2.24265456199646
4.977945804595947
0.08550125360488892
9.03046703338623
1000
1.8661348819732666
1.148276925086975
8.864252090454102
3.48191237449646
1.6139898300170898
0.0
1000
0.0
0.0
6.2732133865356445
1.3202592134475708
6.5783772468566895
0.0
0.0
4.023632049560547
0.09912687540054321
1.6369792222976685
1000
0.0
0.7655231952667236
5.712804317474365
0.0
2.734574794769287
0.07889895886182785
0.0
0.0
0.0
4.0293049812316895
1.7724387645721436
6.434756755828857
1.7270005941390991
0.0
0.880382776260376
1.1633838415145874
3.892327308654785
1.163432002067566
3.883103847503662
4.3758368492126465
1.186107873916626
0.5655831694602966
3.3252451419830322
2.4174370765686035
1.7143644094467163
3.5009796619415283
0.0
2.788114547729492
0.0
2.013859748840332
2.1925134658813477
2.479722261428833
1.6486397981643677
1.5837225914001465
0.6992897391319275
1.2304953336715698
1.1042343378067017
1.3069604635238647
1.5111162662506104
3.2910408973693848
2.6185405254364014
5.386876106262207
4.7697038650512695
0.0
5.3633904457092285
1.208837866783142
0.0
5.82711124420166
4.618221282958984
1.8557573556900024
6.3359270095825195
5.313875198364258
0.0
0.0
3.346980094909668
3.3961758613586426
4.151665687561035
0.7191888093948364
0.0
6.043126583099365
6.857271671295166
6.574650287628174
4.056223392486572
3.5556771755218506
1000
1000
3.102071762084961
0.0
4.416729927062988
0.0
3.3891584873199463
5.394865989685059
0.7778940796852112
0.0
1000
1.246482491493225
2.810971736907959
4.173489570617676
1.8432023525238037
1.3065778017044067
1000
3.929044008255005
4.552135467529297
3.9699747562408447
1.6261353492736816
0.22178809344768524
0.662171483039856
2.5630295276641846
0.2238597720861435
1.7740647792816162
1000
0.36630305647850037
1.5411663055419922
0.0
0.0
1000
2.5239040851593018
0.0
3.988384962081909
5.862537384033203
7.847504615783691
1000
3.42616868019104
1.8470104932785034
3.3774361610412598
3.405050039291382
1000
1.969987392425537
0.8481602072715759
6.835854530334473
0.0
0.0
2.6402533054351807
2.1443793773651123
0.0
4.248438358306885
2.6162068843841553
0.8489246964454651
7.008376598358154
4.112838268280029
2.372579574584961
6.751655578613281
0.662630021572113
1.8423457145690918
1.8140532970428467
1.907416820526123
4.16918420791626
1.1093765497207642
0.0
0.0
7.190577507019043
1.1500234603881836
2.6825201511383057
2.3560268878936768
6.305149078369141
0.9940469861030579
0.0
0.0
0.0
0.029196083545684814
4.089365482330322
3.0288398265838623
5.973097324371338
1.402124047279358
4.100503444671631
1000
2.817092180252075
2.558872699737549
4.141402244567871
0.028817862272262573
3.468113660812378
1.1636223793029785
0.0
1.8192203044891357
0.0
1.9473333358764648
5.302861213684082
3.6439969539642334
9.709817886352539
0.9782071709632874
6.689256191253662
3.3845880031585693
3.1173675060272217
0.3885769844055176
0.0
4.114168167114258
0.0
2.6693010330200195
0.0
9.607624053955078
1.7893141508102417
0.8589996695518494
2.8983821868896484
4.651363849639893
3.2679550647735596
2.7157013416290283
7.147215843200684
4.439748287200928
1.1155871152877808
1000
0.0
2.288334369659424
3.599653959274292
4.977286338806152
0.0
4.534885406494141
4.498342990875244
0.26308852434158325
0.0
6.703510761260986
3.1730422973632812
2.8200254440307617
4.102121829986572
0.0
4.139766216278076
0.0
0.0
6.467660903930664
2.7629921436309814
1.505462884902954
0.0
2.875478982925415
7.637154579162598
2.1919002532958984
1.8373934030532837
3.043654441833496
0.0
0.0
3.5423150062561035
1000
7.692467212677002
0.0
6.888169288635254
3.754634141921997
4.936695575714111
5.2921366691589355
1.5199867486953735
5.3603739738464355
0.0
1000
1000
3.052536964416504
2.16336727142334
0.7889873385429382
3.650631904602051
2.4499199390411377
3.089731454849243
3.020167589187622
0.9874801635742188
4.273176193237305
0.0
4.067348480224609
0.2752933204174042
4.138493537902832
0.0
1.4048653841018677
4.314436435699463
1.2321616411209106
1000
9.343265533447266
5.36431360244751
3.0052027702331543
2.743513345718384
0.0
2.7325689792633057
1000
2.7894113063812256
0.6117830276489258
3.749350070953369
3.078411102294922
0.5434772968292236
0.0
9.293313980102539
2.8908560276031494
3.072789192199707
5.2532243728637695
2.9879729747772217
3.854947805404663
8.532992362976074
2.4562129974365234
3.9654815196990967
2.3774075508117676
3.791266918182373
1.0313624143600464
5.318605422973633
3.8646790981292725
0.0
1.989808440208435
1.6287442445755005
4.216144561767578
1000
1.765393853187561
3.1830625534057617
6.461520671844482
0.32904988527297974
0.0
5.379879951477051
3.9537856578826904
3.4492270946502686
3.90358567237854
3.3430216312408447
1000
0.24970783293247223
0.0
0.9985343813896179
3.577308177947998
2.2084758281707764
4.199488162994385
5.163092613220215
2.071418046951294
0.0
2.898578405380249
0.2891603708267212
2.0877528190612793
1000
3.11136794090271
3.2747721672058105
6.392866611480713
0.0
3.384634017944336
0.0
1.8183997869491577
6.663843154907227
2.74216628074646
1.1526917219161987
5.018125057220459
4.684443473815918
4.673669338226318
3.7858850955963135
0.0
2.434561252593994
0.0
1.611897587776184
1.1958808898925781
1.5861471891403198
2.4670398235321045
7.221148490905762
2.950223922729492
