
BA
1.0847901105880737
1.2051352262496948
0.40448620915412903
0.43634533882141113
1000
1000
0.49460142850875854
0.0
0.515705406665802
0.07338497042655945
0.42137545347213745
2.2309389114379883
0.0
2.629913806915283
2.2120730876922607
1.3990460634231567
0.5660934448242188
1.273822546005249
0.38274410367012024
1000
0.16957518458366394
1.11710524559021
0.0
3.2519564628601074
0.0
0.26253706216812134
0.17082248628139496
0.29796791076660156
0.4187036156654358
1000
1000
0.5752067565917969
0.7767294049263
0.7165302634239197
1.5439097881317139
0.0
0.0
0.2576674520969391
2.397383451461792
0.898052990436554
1.313421607017517
1000
0.601032018661499
1000
0.9140650629997253
1.2050665616989136
1.4675487279891968
0.2207200676202774
0.43137603998184204
0.02365555427968502
0.7140145301818848
1.1458842754364014
0.0
0.0
0.892727792263031
0.7450074553489685
0.8970181345939636
0.05106286704540253
0.0
0.0
1.9500449895858765
0.6477091908454895
1000
0.0
1000
0.010088547132909298
0.5214980244636536
1.683444619178772
1.0071589946746826
0.4356223940849304
0.27559247612953186
1000
0.6865832209587097
2.5787644386291504
0.3739304840564728
1.8033406734466553
0.6172707080841064
1.0831776857376099
0.6302260756492615
0.5662413239479065
1.5699386596679688
0.0
1.2203412055969238
0.6808918118476868
0.6804947853088379
0.0
0.6789634227752686
0.3310098648071289
0.6536870002746582
1.5687271356582642
0.5332021117210388
0.0
0.8984025716781616
1000
0.5422924757003784
1000
1000
0.3774682581424713
2.2910163402557373
1.9467097520828247
0.20525968074798584
0.32011285424232483
1000
1.33940589427948
1.1459600925445557
1.2447195053100586
0.0
1000
0.5679100155830383
1.2636384963989258
0.7324504256248474
1.2500274181365967
0.0
0.9557450413703918
0.32972076535224915
1.6584380865097046
0.902489423751831
0.2555879056453705
0.0
0.0
0.49332156777381897
0.0
0.846805989742279
1.5011712312698364
0.6621970534324646
0.0
0.8568276166915894
0.5285387635231018
0.3216404318809509
0.0022544332314282656
0.2821187674999237
1.7684382200241089
0.5705058574676514
2.75339674949646
0.9583622813224792
0.7269360423088074
2.0532915592193604
1.6221407651901245
0.8980100750923157
0.0
1000
3.0490057468414307
1000
0.0
1.2352579832077026
0.4883671700954437
1000
0.0
0.5540428757667542
0.45543330907821655
1.223868489265442
0.7448341250419617
1000
0.8746667504310608
1.299644947052002
0.596184492111206
0.7022055387496948
2.0291085243225098
0.02032012864947319
0.958884060382843
0.9356598258018494
1.0115902423858643
1000
1000
0.0
0.0
0.8410177826881409
0.05821551755070686
0.330680251121521
0.979871928691864
1.8405319452285767
1.1377029418945312
0.09474939852952957
1.707802653312683
1.5063849687576294
2.251173734664917
0.7092189788818359
1.047633171081543
0.20309413969516754
1.4041537046432495
1.5614914894104004
1.0306322574615479
0.8502845168113708
0.4218403100967407
0.0
2.1442904472351074
1000
0.5511677861213684
0.0
0.0
0.7083736658096313
0.5336846113204956
0.636983335018158
1.1127172708511353
0.8904926180839539
0.3290395438671112
1.4925075769424438
0.4994117021560669
1.7432119846343994
0.4935635030269623
0.6991219520568848
0.527239203453064
0.8823212385177612
1.8174028396606445
1.457405924797058
1.0462944507598877
1.2258803844451904
0.9913905262947083
1.855461597442627
0.8909004330635071
0.11868409812450409
0.40846577286720276
0.681976854801178
0.008586804382503033
0.6618201732635498
1.1611725091934204
2.7325234413146973
0.7040038704872131
0.0
0.6225452423095703
0.8560112118721008
1000
0.9298660159111023
1.233791708946228
0.0
0.298473984003067
0.0
0.6168614625930786
0.24447618424892426
1000
2.1500277519226074
2.0976147651672363
0.485810786485672
0.17098285257816315
0.6989909410476685
1.9625601768493652
0.9078558683395386
0.0
0.0
0.7642357349395752
1.9639590978622437
1.4700596332550049
0.19885462522506714
0.9770742654800415
1.3590068817138672
0.0
0.8906551599502563
0.0
1.518989086151123
0.6623009443283081
1.6785303354263306
0.0
2.260180711746216
0.5797751545906067
0.0
0.012893295846879482
0.0
2.02109432220459
0.05426668003201485
1.4458328485488892
0.5112855434417725
0.6948968768119812
0.0
0.0
0.0
0.8294387459754944
0.030461842194199562
1.436380386352539
1.0977442264556885
0.0
0.13100144267082214
0.0
1000
0.0
0.4665292501449585
0.0
1.1543283462524414
0.0
0.5953262448310852
0.4609542787075043
0.8284684419631958
0.07243905961513519
1000
1.6527070999145508
0.3040411174297333
1.8407113552093506
1.334864616394043
0.0
1.6804118156433105
1.4240866899490356
2.4791884422302246
1.2186063528060913
1000
0.0
0.14606167376041412
0.8128306865692139
1000
3.589824676513672
1.2422884702682495
1000
1000
1000
0.0
0.8637812733650208
1000
0.8859867453575134
0.0
0.37906286120414734
0.5964682102203369
0.0
0.7915169596672058
1000
0.03496963158249855
0.0
0.0
2.252885341644287
0.29917657375335693
0.9963546395301819
1.136433482170105
0.8493471741676331
1.1727745532989502
0.5167566537857056
0.5655968189239502
0.45512503385543823
0.2020968794822693
0.5686779022216797
0.32004404067993164
0.5292075872421265
0.456595242023468
0.0
1.5513031482696533
1.330974817276001
0.0
1000
1000
2.173767566680908
1.0998790264129639
0.7371408939361572
1.222467303276062
0.848519504070282
0.0
1000
0.0
0.6417098641395569
0.7836619019508362
1.2619695663452148
0.38746628165245056
1000
1.6292247772216797
0.0
1.9110372066497803
0.260198712348938
0.11412274092435837
1.6226673126220703
0.0
0.045272041112184525
0.0
0.0
0.5154021978378296
1.30545175075531
1.0278784036636353
0.5001199245452881
1.1959787607192993
0.23042120039463043
1.1771267652511597
0.6318389177322388
0.5231800079345703
1.4388281106948853
0.0
0.9323459267616272
1.2729825973510742
1.7822715044021606
1.9471700191497803
0.8642926216125488
1.8177318572998047
1.268336534500122
0.5049965977668762
0.3097917437553406
0.0
1000
1000
1.1247482299804688
1.2236158847808838
0.6623650193214417
0.0
0.1575888693332672
0.6849329471588135
0.0
0.7387576103210449
1.9140379428863525
1.2737071514129639
1.246364951133728
1000
0.0
0.9314761161804199
1000
0.5877726078033447
0.8756227493286133
0.4671522080898285
0.07463019341230392
1.859063982963562
0.13868656754493713
0.35237783193588257
0.4810248911380768
0.584316074848175
0.0
1.8939653635025024
0.7951291799545288
0.5524716973304749
0.7101688385009766
1.5838427543640137
1.0760523080825806
0.12547318637371063
1000
0.8669867515563965
1.2399953603744507
0.9400238394737244
0.977787435054779
0.0
0.7287980318069458
0.7764036655426025
0.2097097784280777
0.0
1.555997371673584
0.5453876256942749
1.188797950744629
0.0
0.475104957818985
0.32023873925209045
1000
0.3996499478816986
0.6389649510383606
0.0
0.0
0.8402038812637329
0.8604507446289062
0.4852294325828552
0.0
0.42651763558387756
0.0
1.033812165260315
0.6650829911231995
1.7020690441131592
1.2230591773986816
0.44032108783721924
0.3788319528102875
0.2353893518447876
1.7488893270492554
0.5525778532028198
0.0
0.8905827403068542
2.1284584999084473
1.6871275901794434
0.5256069302558899
0.7954858541488647
0.0
0.0
0.47101348638534546
0.0
0.014321365393698215
1.5430301427841187
1000
1.3783619403839111
0.8147242665290833
0.6559990644454956
0.17925336956977844
1.774698257446289
1.5170042514801025
0.24678575992584229
1.5820358991622925
0.0
1.2252649068832397
0.9057396650314331
0.7903149724006653
2.342174530029297
1.3107147216796875
1000
0.2973574101924896
0.6703321933746338
0.4839688241481781
0.22666336596012115
1000
0.876950740814209
0.11199989169836044
1.6410439014434814
0.0
1.255442500114441
1.941265344619751
0.21616145968437195
0.9728595614433289
1.671396255493164
1.0678068399429321
0.4889551103115082
1.3187167644500732
0.5916811227798462
0.8266188502311707
0.8788337707519531
0.7391155362129211
1.9918212890625
0.7051689028739929
0.09218718856573105
1000
0.22440050542354584
0.36261916160583496
1.4720306396484375
0.7298104166984558
1.1452994346618652
1.4305946826934814
0.15699204802513123
0.4646332263946533
1.226101279258728
1000
1000
0.4638799726963043
1.930018424987793
0.3137663006782532
1.7169768810272217
0.23250600695610046
0.0
0.5615553855895996
0.5859075784683228
1.4918385744094849
1.0124602317810059
1.299338698387146
0.32300955057144165
0.0
0.0
2.09490966796875
0.40499821305274963
1000
0.9760755896568298
0.6257107853889465
0.34331202507019043
1.6298377513885498
1000
1000
1000
0.18508271872997284
0.3003476858139038
0.857043981552124
1.0863009691238403
0.080990269780159
1000
1.6808562278747559
2.009077310562134
1.0903923511505127
1.168045997619629
1000
0.0
1.1266051530838013
0.0
1.0953209400177002
0.8792878985404968
0.0
1.2660435438156128
0.0
1000
1.5715731382369995
1.5402029752731323
0.7805083394050598
1.408827781677246
1.254780888557434
1000
0.0
0.18210263550281525
0.0
1.068029522895813
0.0
1.2210413217544556
0.549648106098175
1000
1.6177575588226318
0.6937676668167114
0.0
1000
1000
1.1633578538894653
0.0
0.9509692192077637
0.549385130405426
0.6323022246360779
1.7547799348831177
1.2134846448898315
0.834351122379303
1.175344705581665
0.12368179112672806
0.0
0.6275758743286133
0.8127865195274353
2.1502492427825928
1000
0.4774351119995117
1.2357985973358154
1000
0.8120627999305725
0.5068414807319641
1.4630539417266846
0.0
1.097351312637329
0.28155502676963806
1.0218733549118042
0.5494643449783325
1.2719368934631348
0.7930228114128113
1.440760850906372
1000
0.8487748503684998
1.3072363138198853
1.5822993516921997
2.7864511013031006
1000
1.1752820014953613
0.9218051433563232
0.9424432516098022
0.752101719379425
0.15142133831977844
1000
1000
0.3432937264442444
0.9536028504371643
0.8982419371604919
1.208253026008606
2.014216184616089
1.0800833702087402
0.8576334714889526
2.54372239112854
2.168926477432251
0.08372674137353897
1.426703691482544
0.18339170515537262
0.0
0.0
1000
0.14918175339698792
0.16125254333019257
1000
0.5262224674224854
0.009001302532851696
0.0
0.27437344193458557
0.0
0.0
0.19302646815776825
1.2250769138336182
1.5110840797424316
0.45162251591682434
0.3135848939418793
0.0
0.8530660271644592
2.430208683013916
1.4292157888412476
1.7029378414154053
0.6260215640068054
1000
1.6970864534378052
0.0
2.030050754547119
0.6848515868186951
0.5068175196647644
0.5946508646011353
1.487992525100708
0.9272568821907043
1.9385510683059692
1000
2.4067318439483643
0.3031264841556549
2.6775691509246826
0.9108680486679077
0.28888368606567383
0.0
1000
0.0
0.0
1.4172557592391968
0.7071301937103271
1.087751865386963
0.0
0.0
0.8787322640419006
0.018233859911561012
0.5474744439125061
1000
0.0
0.18740585446357727
1.1005817651748657
0.0
0.6133699417114258
1000
0.0
0.0
0.0
1.5774914026260376
0.78343266248703
2.3154332637786865
1.6004465818405151
0.0
0.2559939920902252
0.23891490697860718
0.8610435724258423
0.3834227919578552
1.2877274751663208
1.222541332244873
0.5187661051750183
0.14542517066001892
0.5821153521537781
0.7746444940567017
0.5610100626945496
0.668965220451355
0.0
1.8506280183792114
0.0
0.7218664288520813
0.8804575800895691
1.1627018451690674
0.4909629225730896
0.5435917973518372
0.21762503683567047
0.1714826226234436
0.3010331690311432
0.2860878109931946
0.3637332320213318
0.8994470238685608
0.9137352705001831
1.4141243696212769
1.95529043674469
0.0
1.666787028312683
0.4783017337322235
0.0
1.5671907663345337
0.8802935481071472
0.7002325057983398
1.9406334161758423
1.2268693447113037
0.0
0.0
0.8054914474487305
1.0760918855667114
1.8890661001205444
0.33152198791503906
0.0
1.3974018096923828
1.043366551399231
1.4737014770507812
0.6735023260116577
0.9984886646270752
1000
1000
2.0643928050994873
0.0
1.2651879787445068
0.0
0.9586607813835144
1.4147508144378662
0.26655492186546326
0.0
1000
0.5951452851295471
0.8011516332626343
2.349590539932251
0.6016845107078552
1000
1000
1.0609382390975952
0.9681003093719482
1.1434218883514404
0.23281903564929962
0.0278564915060997
0.5826883316040039
0.7093824148178101
0.054895803332328796
0.4968380630016327
1000
0.06561236083507538
0.367478609085083
0.0
0.0
1000
0.7685009837150574
0.0
1.276070475578308
1.6095105409622192
1.4610791206359863
1000
0.8954848051071167
0.2669871747493744
1.992287278175354
0.7636300921440125
1000
0.8159562349319458
0.14389866590499878
2.535642147064209
0.0
0.0
0.5151305794715881
0.8273895978927612
0.0
1.4291207790374756
0.6803667545318604
0.19523240625858307
1.9889671802520752
1.1729419231414795
0.5225204229354858
1.6557893753051758
0.16507373750209808
0.5358496308326721
0.6530806422233582
0.428658664226532
1.2568888664245605
0.4645012617111206
0.0
0.0
1.4594557285308838
0.3532014787197113
0.6787694096565247
1.1186548471450806
1.1378250122070312
0.14078272879123688
0.0
0.0
0.0
0.0033918393310159445
2.2059810161590576
0.9123268723487854
1.8457376956939697
0.23010428249835968
1.2090345621109009
1000
0.73030024766922
0.3901880383491516
1.354073166847229
0.004059323109686375
1.7842109203338623
0.36088669300079346
0.0
0.21318189799785614
0.0
0.46405312418937683
1.395866870880127
1.7286850214004517
1.389574646949768
0.18234194815158844
2.0605292320251465
0.8995085954666138
0.7809209227561951
0.08348599076271057
0.0
1.680694580078125
0.0
0.8105571269989014
0.0
2.6393892765045166
1.4801448583602905
0.13898956775665283
1.2470097541809082
1.7690547704696655
1.1357542276382446
0.5346271991729736
1.484867811203003
0.9489011168479919
1.3857604265213013
1000
0.0
0.6474422812461853
1.4521113634109497
1.1675235033035278
0.0
0.8689796328544617
2.55026912689209
0.018567420542240143
0.0
1.813558578491211
1.0781970024108887
1.1136870384216309
2.2118022441864014
0.0
1.3468729257583618
0.0
0.0
1.801717758178711
0.8336721658706665
0.765875518321991
0.0
2.067237377166748
0.9735965132713318
0.6815847158432007
0.3639720380306244
1.4653152227401733
0.0
0.0
0.5171836018562317
1000
1.5287418365478516
0.0
2.4306201934814453
1.3540669679641724
0.9774203300476074
0.9698646664619446
1.6894092559814453
1.6721482276916504
0.0
1000
1000
0.53846275806427
0.5360023975372314
0.1048601046204567
0.7691217064857483
1000
0.9437548518180847
0.6572931408882141
0.1205158531665802
1.962013840675354
0.0
1.3382940292358398
0.044594526290893555
1.7119629383087158
0.0
0.7067440748214722
1.3052784204483032
0.42941102385520935
1000
1.8920902013778687
1.2017359733581543
0.49813035130500793
0.4201682507991791
0.0
1.0298794507980347
1000
0.7525989413261414
0.09198455512523651
1.5549801588058472
1.9851255416870117
0.07105942815542221
0.0
3.178149938583374
0.917698323726654
0.9131345152854919
1.9004151821136475
1.0721455812454224
1.5838232040405273
2.677549362182617
0.5485632419586182
1.0961889028549194
0.8962588310241699
0.8621598482131958
2.2523066997528076
2.025132179260254
1.0055490732192993
0.0
1.7659623622894287
0.4179645776748657
1.501784324645996
1000
0.41161206364631653
0.6740444898605347
1.8058232069015503
0.2156885266304016
0.0
1.0676730871200562
0.9672219157218933
0.702413022518158
0.6994310021400452
1.046629786491394
1000
1000
0.0
1000
1.3755066394805908
1.0413140058517456
1.0763068199157715
1.0592436790466309
0.5883000493049622
0.0
1.4484046697616577
0.06448382884263992
2.0428378582000732
1000
1.1077529191970825
0.6660653352737427
1.5038700103759766
0.0
0.6145212650299072
0.0
1.1367015838623047
1.045037865638733
0.9830371737480164
0.4387572109699249
1.2352135181427002
0.7858508229255676
0.1980680227279663
1.1185425519943237
0.0
0.8673213720321655
0.0
1000
0.20997639000415802
0.5667641758918762
0.7120224833488464
2.265742540359497
1.3226243257522583
