
FGSM
0.000250011682510376
0.08900000154972076
0.034000009298324585
0.022000014781951904
0.03100001811981201
0.2710000276565552
0.03800000250339508
0.0
0.025000005960464478
0.003000020980834961
0.021000027656555176
0.6949999928474426
0.0
0.3149999976158142
0.05700001120567322
0.05300000309944153
0.02000001072883606
0.08700001239776611
0.02000001072883606
0.2540000081062317
0.008550003170967102
0.17400002479553223
0.0
1000
0.0
0.014000000432133675
0.008000016212463379
0.012000024318695068
0.018000006675720215
0.1470000147819519
0.012000024318695068
0.030000001192092896
0.0013000071048736572
0.02799999713897705
0.3160000145435333
0.0
0.0
0.012000024318695068
1000
0.04900002479553223
0.07999999821186066
0.21899999678134918
0.041999999433755875
0.02000001072883606
0.07300001382827759
0.08100000023841858
0.3310000002384186
0.009000003337860107
0.018000006675720215
0.001100003719329834
0.04000002145767212
0.05700001120567322
0.0
0.0
0.3720000088214874
0.04100000858306885
0.041999999433755875
0.0027000010013580322
0.0
0.0
0.10700000077486038
0.0013000071048736572
0.07999999821186066
0.0
0.050000011920928955
0.0004000067710876465
0.032999999821186066
0.10400000214576721
0.03200000524520874
0.01900000125169754
0.01600000262260437
0.01600000262260437
0.050000011920928955
0.15000000596046448
0.011000007390975952
0.10300000011920929
0.026000022888183594
0.008550003170967102
0.017000019550323486
0.05300000309944153
0.04500001668930054
0.0
0.17800000309944153
0.03800000250339508
0.03800000250339508
0.0
0.039000004529953
0.021000027656555176
0.04900002479553223
0.11400002241134644
0.04900002479553223
0.0
0.06100000441074371
0.050000011920928955
0.03600001335144043
0.023000001907348633
0.12400001287460327
0.04100000858306885
0.2710000276565552
0.12200000882148743
0.009000003337860107
0.021000027656555176
0.10600000619888306
0.12600000202655792
0.1510000228881836
0.3680000305175781
0.0
0.039000004529953
0.027000010013580322
0.11400002241134644
0.013300001621246338
0.0910000205039978
0.0
0.032999999821186066
0.015000000596046448
0.03100001811981201
0.07100000977516174
0.01000000536441803
0.0
0.0
0.02000001072883606
0.0
0.078000009059906
0.09700000286102295
0.04000002145767212
0.0
0.05900001525878906
0.0690000057220459
0.014000000432133675
0.00010001659393310547
0.024000003933906555
0.20800000429153442
0.027000010013580322
1000
0.07200002670288086
0.03100001811981201
1000
0.08900000154972076
0.050000011920928955
0.0
0.04400002956390381
0.15000000596046448
0.07400000095367432
0.0
0.11000001430511475
0.026000022888183594
0.07200002670288086
0.0
0.021000027656555176
0.025000005960464478
0.08600002527236938
0.030000001192092896
0.034000009298324585
0.07300001382827759
0.07999999821186066
0.04100000858306885
0.050999999046325684
0.06000000238418579
0.0009500086307525635
0.13600003719329834
0.062000006437301636
0.10100001096725464
0.01900000125169754
0.03700000047683716
0.0
0.0
0.07400000095367432
0.0034000277519226074
0.01600000262260437
0.023000001907348633
0.20900000631809235
0.03700000047683716
0.004500001668930054
0.04800000786781311
0.07999999821186066
0.3799999952316284
0.015000000596046448
0.050000011920928955
0.00950002670288086
0.08600002527236938
0.15000000596046448
0.0690000057220459
0.04500001668930054
0.024000003933906555
0.0
0.12300002574920654
0.012350022792816162
0.00475001335144043
0.0
0.0
0.06100000441074371
0.024000003933906555
0.039000004529953
0.08900000154972076
0.03800000250339508
0.010450005531311035
0.12600000202655792
0.05900001525878906
0.203000009059906
0.025000005960464478
0.04699999839067459
0.030000001192092896
0.08799999952316284
0.20499999821186066
0.09399999678134918
0.14399999380111694
0.054000020027160645
0.057999998331069946
0.12700000405311584
0.046000003814697266
0.005000002682209015
0.01900000125169754
0.050999999046325684
0.000350000336766243
0.028999999165534973
0.07700002193450928
0.30300000309944153
0.02000001072883606
0.0
0.028999999165534973
0.03600001335144043
0.013000011444091797
0.06000000238418579
0.028999999165534973
0.0
0.01600000262260437
0.0
0.032999999821186066
0.012350022792816162
0.011000007390975952
0.09799999743700027
0.2200000286102295
0.022000014781951904
0.008000016212463379
0.03800000250339508
0.3930000066757202
0.1679999977350235
0.0
0.0
0.046000003814697266
0.2200000286102295
0.10100001096725464
0.008000016212463379
0.07100000977516174
0.296999990940094
0.0
0.054000020027160645
0.0
0.09399999678134918
0.030000001192092896
0.06300002336502075
0.0
0.33399999141693115
0.026000022888183594
0.0
0.000550001859664917
0.0
0.2879999876022339
0.0020000040531158447
0.06300002336502075
0.022000014781951904
0.03600001335144043
0.0
0.0
0.0
0.05500000715255737
0.001399993896484375
0.21899999678134918
0.10199999809265137
0.0
0.004999995231628418
0.0
0.1980000138282776
0.0
0.022000014781951904
0.0
0.05500000715255737
0.0
0.02799999713897705
0.012000024318695068
0.04500001668930054
0.003000020980834961
0.10199999809265137
0.2630000114440918
0.017000019550323486
0.10899999737739563
0.14900000393390656
0.0
0.12700000405311584
0.11100000143051147
0.27000001072883606
0.08300000429153442
0.16100001335144043
0.0
0.006300002336502075
0.023000001907348633
0.09700000286102295
0.652999997138977
0.06700003147125244
1000
0.09300000220537186
0.06800001859664917
0.0
0.027000010013580322
0.06800001859664917
0.07500000298023224
0.0
0.015000000596046448
0.026000022888183594
0.0
0.07000000029802322
0.7429999709129333
0.0022500157356262207
0.0
0.0
0.15399999916553497
0.017000019550323486
0.054000020027160645
0.09500002861022949
0.05500000715255737
0.026000022888183594
0.024000003933906555
0.034000009298324585
0.01600000262260437
0.007600009441375732
0.02800000086426735
0.013000011444091797
0.028999999165534973
0.023000001907348633
0.0
0.17500001192092896
0.15000000596046448
0.0
0.1420000195503235
0.409000039100647
0.04699999839067459
0.05900001525878906
0.050000011920928955
0.26899999380111694
0.08500000834465027
0.0
0.05300000309944153
0.0
0.039000004529953
0.04000002145767212
0.1860000044107437
0.034000009298324585
0.04100000858306885
0.1770000010728836
0.0
0.31299999356269836
0.012000024318695068
0.005700007081031799
0.26899999380111694
0.0
0.0018000006675720215
0.0
0.0
0.027000010013580322
0.11400002241134644
0.05500000715255737
0.034000009298324585
0.2329999953508377
0.01600000262260437
0.1380000114440918
0.039000004529953
0.024000003933906555
0.05300000309944153
0.0
0.0560000017285347
0.026000022888183594
0.47099998593330383
0.09200000762939453
0.041999995708465576
0.13199999928474426
0.07999999821186066
0.046000003814697266
0.014000000432133675
0.0
0.08600002527236938
1000
0.574999988079071
0.5149999856948853
0.04500001668930054
0.0
0.011000007390975952
0.032999999821186066
0.0
0.03600001335144043
0.1510000228881836
0.09700000286102295
0.07300001382827759
0.13899999856948853
0.0
0.0054000020027160645
0.017100006341934204
0.032999999821186066
0.032999999821186066
0.04100000858306885
0.003800004720687866
1000
0.006000012159347534
0.015000000596046448
0.034000009298324585
0.04400002956390381
0.0
0.5690000057220459
0.05700001120567322
0.03100001811981201
0.03200000524520874
0.09700000286102295
0.04900002479553223
0.007600009441375732
1000
0.07000000029802322
0.609000027179718
0.03600001335144043
0.050000011920928955
0.0
0.03600001335144043
0.10300000011920929
0.011000007390975952
0.0
0.20499999821186066
0.05900001525878906
0.2200000286102295
0.0
0.018000006675720215
0.014000000432133675
0.375
0.01900000125169754
0.050000011920928955
0.0
0.0
0.0007500052452087402
0.05300000309944153
0.030000001192092896
0.0
0.021000027656555176
0.0
0.04900002479553223
0.03700000047683716
0.2940000295639038
0.0820000171661377
0.034000009298324585
0.01900000125169754
0.013300001621246338
0.44999998807907104
0.025000005960464478
0.0
0.08600002527236938
0.10000002384185791
0.10100001096725464
0.03600001335144043
0.05500000715255737
0.0
0.0
0.03100001811981201
0.0
0.0007500052452087402
0.15800000727176666
0.078000009059906
0.11300000548362732
0.001600027084350586
0.04300001263618469
0.009000003337860107
0.04900002479553223
0.08600002527236938
0.012000024318695068
0.16699999570846558
0.0
0.06499999761581421
0.09799999743700027
0.024000003933906555
0.05900001525878906
0.09600001573562622
0.013999998569488525
0.01600000262260437
0.02800000086426735
0.04800000786781311
0.00950002670288086
0.24900001287460327
0.07200002670288086
0.006650000810623169
0.12300002574920654
0.0
1000
0.06000000238418579
0.012000024318695068
0.24900001287460327
0.1679999977350235
0.07500000298023224
0.028999999165534973
0.11800003051757812
0.10899999737739563
0.08700001239776611
0.028999999165534973
0.04300001263618469
0.04699999839067459
0.41100001335144043
0.003800004720687866
0.024000003933906555
0.008550003170967102
0.024000003933906555
1000
0.054000020027160645
0.07100000977516174
0.09300000220537186
0.008550003170967102
0.02800000086426735
0.1550000011920929
0.21899999678134918
0.11599999666213989
0.026000022888183594
0.12099999934434891
0.01614999957382679
0.12099999934434891
0.013300001621246338
0.0
0.04699999839067459
0.028999999165534973
0.08700001239776611
0.04699999839067459
0.08799999952316284
0.009000003337860107
0.0
0.0
0.18400001525878906
0.018000006675720215
0.057999998331069946
0.06499999761581421
0.0350000262260437
0.013300001621246338
0.13600003719329834
1000
0.06800001859664917
0.018000006675720215
0.011000007390975952
0.013000011444091797
0.050999999046325684
0.0560000017285347
0.0032000020146369934
0.1120000034570694
0.13600003719329834
0.1860000044107437
0.40299999713897705
0.16100001335144043
1000
0.0
0.06400001049041748
0.0
0.011000007390975952
0.05500000715255737
0.0
0.11100000143051147
0.0
0.017000019550323486
0.08399999886751175
0.06300002336502075
0.07999999821186066
0.10899999737739563
0.09600001573562622
0.00950002670288086
0.0
0.008550003170967102
0.0
0.18799999356269836
0.0
0.06100000441074371
0.026000022888183594
0.026000022888183594
0.2720000147819519
0.04900002479553223
0.0
0.1120000034570694
0.0690000057220459
0.11100000143051147
0.0
0.050999999046325684
0.06100000441074371
0.039000004529953
0.15299999713897705
0.07500000298023224
0.06499999761581421
0.07100000977516174
0.006650000810623169
0.0
0.07600000500679016
0.050000011920928955
1000
1000
0.026000022888183594
0.12400001287460327
0.030000001192092896
0.034000009298324585
0.027000010013580322
0.11400002241134644
0.0
0.04400002956390381
0.012350022792816162
0.03600001335144043
0.03200000524520874
0.37400001287460327
0.054000020027160645
0.1290000081062317
1000
0.0560000017285347
0.09700000286102295
0.09399999678134918
1000
0.0560000017285347
0.13500000536441803
0.04800000786781311
0.08700001239776611
0.046000003814697266
0.006300002336502075
0.09600001573562622
0.012350022792816162
0.017000019550323486
0.05700001120567322
0.046000003814697266
0.09799999743700027
0.10500001907348633
0.09799999743700027
0.062000006437301636
0.04000002145767212
0.09399999678134918
0.0040000081062316895
0.018000006675720215
0.008000016212463379
0.0
0.0
0.06100000441074371
0.007600009441375732
0.006300002336502075
0.03700000047683716
0.04100000858306885
0.0004000067710876465
0.0
0.011400014162063599
0.0
0.0
0.008000016212463379
0.078000009059906
0.0990000069141388
0.027000010013580322
0.018000006675720215
0.0
0.02000001072883606
0.09700000286102295
0.1290000081062317
0.04500001668930054
0.04300001263618469
0.02000001072883606
0.13699999451637268
0.0
0.14300000667572021
0.030000001192092896
0.03600001335144043
0.03800000250339508
0.30000001192092896
0.0010000020265579224
0.30900001525878906
0.017000019550323486
0.012000024318695068
0.012000024318695068
1000
0.05900001525878906
0.013300001621246338
0.0
0.0820000171661377
0.0
0.0
0.0910000205039978
0.028999999165534973
0.013000011444091797
0.0
0.0
0.05700001120567322
0.0009500086307525635
0.023000001907348633
1000
0.0
0.008550003170967102
1000
0.0
0.0350000262260437
0.0006500035524368286
0.0
0.0
0.0
0.0990000069141388
0.050000011920928955
0.11100000143051147
0.046000003814697266
0.0
0.015000000596046448
0.010450005531311035
0.03800000250339508
0.008550003170967102
0.08300000429153442
0.078000009059906
0.028999999165534973
0.00700002908706665
0.023000001907348633
0.08799999952316284
0.034000009298324585
0.04100000858306885
0.0
0.11800003051757812
0.0
0.04699999839067459
0.06999999284744263
0.1080000102519989
0.026000022888183594
0.024000003933906555
0.007600009441375732
0.007600009441375732
0.014250010251998901
0.013000011444091797
0.018000006675720215
0.21700000762939453
0.09399999678134918
0.1679999977350235
0.11100000143051147
0.0
0.30799999833106995
0.021000027656555176
0.0
0.14300000667572021
0.04100000858306885
0.04100000858306885
0.1380000114440918
0.06499999761581421
0.0
0.0
0.06599999964237213
0.12800002098083496
0.3400000333786011
0.021000027656555176
0.0
0.06800001859664917
0.04500001668930054
0.14499999582767487
0.04699999839067459
0.04400002956390381
0.030000001192092896
0.1640000343322754
0.05900001525878906
0.0
0.09200000762939453
0.0
0.04800000786781311
0.07300001382827759
0.012000024318695068
0.0
1000
0.07300001382827759
0.046000003814697266
0.1470000147819519
0.0350000262260437
0.013000011444091797
0.05300000309944153
0.10300000011920929
0.06000000238418579
0.08799999952316284
0.012000024318695068
0.001100003719329834
0.01000000536441803
0.050000011920928955
0.003000020980834961
0.028999999165534973
0.054000020027160645
0.0032000020146369934
0.022000014781951904
0.0
0.0
0.2070000171661377
0.05500000715255737
0.0
0.07000000029802322
0.15399999916553497
0.14600002765655518
0.04100000858306885
0.04900002479553223
0.012000024318695068
0.06300002336502075
0.05700001120567322
0.02800000086426735
0.07999999821186066
0.008550003170967102
0.5879999995231628
0.0
0.0
0.027000010013580322
0.03800000250339508
0.0
0.06100000441074371
0.025000005960464478
0.00950002670288086
0.14399999380111694
0.0910000205039978
0.028999999165534973
0.08700001239776611
0.007600009441375732
0.03100001811981201
0.046000003814697266
0.026000022888183594
0.14900000393390656
0.017100006341934204
0.0
0.0
0.10899999737739563
0.01900000125169754
0.03200000524520874
0.14000000059604645
0.06700003147125244
0.007600009441375732
0.0
0.0
0.0
0.0001500248908996582
0.04400002956390381
0.06700003147125244
0.156000018119812
0.012350022792816162
0.17599999904632568
0.19599999487400055
0.046000003814697266
0.022000014781951904
0.07100000977516174
0.00020000338554382324
0.26100003719329834
0.01600000262260437
0.0
0.00950002670288086
0.0
0.028999999165534973
0.09200000762939453
0.21899999678134918
0.07400000095367432
0.012000024318695068
0.13099999725818634
0.04100000858306885
0.04400002956390381
0.004250004887580872
0.0
0.13300001621246338
0.0
0.050999999046325684
0.0
0.050999999046325684
0.04100000858306885
0.006650000810623169
0.3450000286102295
0.1080000102519989
0.07300001382827759
0.027000010013580322
0.25699999928474426
0.07300001382827759
0.03800000250339508
0.03700000047683716
0.0
0.04699999839067459
0.5720000267028809
0.12000000476837158
0.0
0.04400002956390381
0.09399999678134918
0.0006999969482421875
0.0
0.34200000762939453
0.08300000429153442
0.07200002670288086
0.07300001382827759
0.0
0.11900001764297485
0.0
0.0
0.09399999678134918
0.07500000298023224
0.02000001072883606
0.0
0.3230000138282776
0.07400000095367432
0.04000002145767212
0.015000000596046448
0.03800000250339508
0.0
0.0
0.024000003933906555
0.21700000762939453
0.12300002574920654
0.0
0.30400002002716064
0.10400000214576721
0.07700002193450928
0.03700000047683716
0.011000007390975952
0.12099999934434891
0.0
0.5320000052452087
1000
0.04100000858306885
0.026000022888183594
0.005700007081031799
0.05700001120567322
0.18299999833106995
0.08700001239776611
0.050000011920928955
0.0054000020027160645
0.12099999934434891
0.0
0.04100000858306885
0.0018000006675720215
0.11599999666213989
0.0
0.13500000536441803
0.11000001430511475
0.018000006675720215
0.02000001072883606
0.4729999899864197
0.052000001072883606
0.021000027656555176
0.023000001907348633
0.0
0.046000003814697266
0.018000006675720215
0.06300002336502075
0.004250004887580872
0.20600000023841858
0.1290000081062317
0.0040000081062316895
0.0
0.22200000286102295
0.08300000429153442
0.04300001263618469
0.050000011920928955
0.02799999713897705
0.09300000220537186
1000
0.028999999165534973
0.06400001049041748
0.05900001525878906
0.06100000441074371
0.00950002670288086
0.5049999952316284
0.05900001525878906
0.0
0.07000000029802322
0.011000007390975952
0.2250000238418579
0.03100001811981201
0.030000001192092896
0.03800000250339508
0.13500000536441803
0.005000002682209015
0.0
0.05300000309944153
0.06700003147125244
0.04900002479553223
0.08500000834465027
0.04800000786781311
0.12700000405311584
0.0032000020146369934
0.0
0.009000003337860107
0.03100001811981201
0.09500002861022949
0.07000000029802322
0.04900002479553223
0.03800000250339508
0.0
0.07500000298023224
0.003800004720687866
0.06499999761581421
0.054000020027160645
0.078000009059906
0.03800000250339508
0.032999999821186066
0.0
0.032999999821186066
0.0
0.04000002145767212
0.07100000977516174
0.1899999976158142
0.018000006675720215
0.18900001049041748
0.04000002145767212
0.011000007390975952
0.07100000977516174
0.0
0.0690000057220459
0.0
0.023000001907348633
0.014250010251998901
0.034000009298324585
0.062000006437301636
0.08399999886751175
0.12999999523162842

PGD
0.00021946430206298828
0.055484965443611145
0.023509621620178223
0.01971304416656494
0.026989459991455078
0.056207090616226196
0.03402900695800781
0.0
0.02193775773048401
0.0029050856828689575
0.018468767404556274
0.06536865234375
0.0
0.1314854621887207
0.04327555000782013
0.044016554951667786
0.017863094806671143
0.056769564747810364
0.01846390962600708
0.06165248155593872
0.00814276933670044
0.13197298347949982
0.0
0.11979848146438599
0.0
0.012360766530036926
0.007435232400894165
0.01152735948562622
0.01625576615333557
0.06621523201465607
0.010747149586677551
0.026430130004882812
0.001278311014175415
0.02578611671924591
0.0736209899187088
0.0
0.0
0.011582016944885254
0.08331957459449768
0.0388340950012207
0.05434170365333557
0.0632755309343338
0.033174991607666016
0.017597869038581848
0.04648418724536896
0.058870986104011536
0.04134666919708252
0.008243471384048462
0.01676073670387268
0.001076340675354004
0.03345537185668945
0.04540044069290161
0.0
0.0
0.06829118728637695
0.03603917360305786
0.034723952412605286
0.002540305256843567
0.0
0.0
0.07779407501220703
0.0012230873107910156
0.05040951073169708
0.0
0.03479033708572388
0.0003644973039627075
0.026852130889892578
0.07502806186676025
0.02628481388092041
0.017707735300064087
0.014907658100128174
0.01488792896270752
0.03869420289993286
0.05583488941192627
0.010346606373786926
0.07310199737548828
0.022957995533943176
0.008167654275894165
0.014182686805725098
0.04446430504322052
0.03557939827442169
0.0
0.08219718933105469
0.03361731767654419
0.033004194498062134
0.0
0.03402388095855713
0.018718242645263672
0.04102194309234619
0.05105096101760864
0.04003286361694336
0.0
0.05126924812793732
0.03548040986061096
0.028710365295410156
0.021625041961669922
0.0748031735420227
0.039501577615737915
0.13519078493118286
0.08193570375442505
0.008591651916503906
0.019720464944839478
0.059660911560058594
0.07678814232349396
0.0959598571062088
0.0921209454536438
0.0
0.03103037178516388
0.023896127939224243
0.0756809264421463
0.010545730590820312
0.07321816682815552
0.0
0.02339458465576172
0.014240741729736328
0.02624073624610901
0.049187302589416504
0.009558677673339844
0.0
0.0
0.01751747727394104
0.0
0.04712648689746857
0.08459301292896271
0.03150445222854614
0.0
0.04651995003223419
0.03727884590625763
0.012765049934387207
8.32676887512207e-05
0.020619690418243408
0.0984744131565094
0.023437798023223877
0.13053789734840393
0.04482424259185791
0.028248310089111328
0.05224430561065674
0.0659337043762207
0.04359084367752075
0.0
0.03259420394897461
0.09430104494094849
0.05020895600318909
0.0
0.05982285737991333
0.022784054279327393
0.05157911777496338
0.0
0.017962366342544556
0.023563101887702942
0.06640321016311646
0.02361518144607544
0.02551060914993286
0.045045673847198486
0.049844175577163696
0.030792057514190674
0.039359092712402344
0.04769611358642578
0.00089263916015625
0.06092119216918945
0.05408850312232971
0.06444740295410156
0.01764965057373047
0.028487801551818848
0.0
0.0
0.047414302825927734
0.0031456947326660156
0.014321446418762207
0.02163076400756836
0.07989521324634552
0.03194132447242737
0.00442659854888916
0.040007978677749634
0.05121345818042755
0.07771599292755127
0.014091968536376953
0.03918972611427307
0.009351849555969238
0.06303578615188599
0.10781164467334747
0.0579071044921875
0.0370124876499176
0.021329224109649658
0.0
0.07000553607940674
0.010822415351867676
0.004536151885986328
0.0
0.0
0.03878176212310791
0.021721184253692627
0.034626394510269165
0.05975276231765747
0.032666876912117004
0.009638503193855286
0.07302963733673096
0.03660309314727783
0.0922187864780426
0.022174954414367676
0.0368625670671463
0.025563538074493408
0.06883078813552856
0.07454395294189453
0.06522732973098755
0.07462865114212036
0.03852570056915283
0.04716682434082031
0.08504736423492432
0.038792043924331665
0.00469207763671875
0.01771831512451172
0.044934093952178955
0.0003087073564529419
0.025490283966064453
0.06355535984039307
0.15138502418994904
0.01820814609527588
0.0
0.025486290454864502
0.030854418873786926
0.012035191059112549
0.04219694435596466
0.026374056935310364
0.0
0.014765173196792603
0.0
0.02828150987625122
0.011698439717292786
0.010690808296203613
0.06307640671730042
0.11817541718482971
0.021035969257354736
0.00766010582447052
0.03168153762817383
0.14679022133350372
0.04849177598953247
0.0
0.0
0.040680885314941406
0.10611850023269653
0.06328153610229492
0.00744667649269104
0.04727812111377716
0.10442304611206055
0.0
0.042802631855010986
0.0
0.0602542906999588
0.027473270893096924
0.049407005310058594
0.0
0.1266632080078125
0.02319832146167755
0.0
0.0005095601081848145
0.0
0.14913053810596466
0.00195467472076416
0.04566708207130432
0.02117672562599182
0.027985960245132446
0.0
0.0
0.0
0.04218435287475586
0.0013378262519836426
0.09431076049804688
0.049374401569366455
0.0
0.00484544038772583
0.0
0.09081459045410156
0.0
0.019646361470222473
0.0
0.040695786476135254
0.0
0.022130876779556274
0.011994004249572754
0.03667803108692169
0.0028444528579711914
0.06038618087768555
0.08318167924880981
0.016040325164794922
0.06057673692703247
0.080681711435318
0.0
0.08698427677154541
0.08177605271339417
0.07461519539356232
0.06577177345752716
0.0655137300491333
0.0
0.0060713887214660645
0.01910419762134552
0.06050148606300354
0.2976722717285156
0.0500982403755188
0.05423814058303833
0.05770599842071533
0.03779125213623047
0.0
0.023594290018081665
0.051482975482940674
0.05944406986236572
0.0
0.01319761574268341
0.023127079010009766
0.0
0.05454225838184357
0.12206840515136719
0.0021772384643554688
0.0
0.0
0.1118806004524231
0.015590012073516846
0.0386478453874588
0.05687028169631958
0.0478740930557251
0.025540649890899658
0.02112722396850586
0.03056889772415161
0.015768826007843018
0.0072612762451171875
0.02420741319656372
0.011691570281982422
0.026427268981933594
0.020003437995910645
0.0
0.08876553177833557
0.07833424210548401
0.0
0.07017546892166138
0.059473514556884766
0.03887873888015747
0.044805049896240234
0.03647661209106445
0.07634353637695312
0.053189873695373535
0.0
0.04095354676246643
0.0
0.03542490303516388
0.03163118660449982
0.07183802127838135
0.030246734619140625
0.028396248817443848
0.09638100862503052
0.0
0.066925048828125
0.011052131652832031
0.005573272705078125
0.15347957611083984
0.0
0.0017080307006835938
0.0
0.0
0.023626327514648438
0.05899173021316528
0.043357670307159424
0.03029710054397583
0.103706955909729
0.014879345893859863
0.06458646059036255
0.03313636779785156
0.02098245918750763
0.0474795401096344
0.0
0.04239463806152344
0.023327946662902832
0.10400277376174927
0.05266600847244263
0.02748727798461914
0.09582510590553284
0.05264914035797119
0.035741329193115234
0.013153553009033203
0.0
0.06174030900001526
0.056385338306427
0.04716940224170685
0.10829658806324005
0.03677302598953247
0.0
0.010652735829353333
0.02744007110595703
0.0
0.030792057514190674
0.05506725609302521
0.06490117311477661
0.06535607576370239
0.06706839799880981
0.0
0.0050296783447265625
0.01621285080909729
0.02762746810913086
0.02358829975128174
0.028884053230285645
0.0036727190017700195
0.08117008209228516
0.0058004409074783325
0.013734057545661926
0.02919846773147583
0.03468132019042969
0.0
0.08389520645141602
0.04452639818191528
0.026751160621643066
0.028589636087417603
0.06297226250171661
0.04170715808868408
0.007046416401863098
0.07855427265167236
0.05863553285598755
0.07654523849487305
0.032474905252456665
0.04266500473022461
0.0
0.02818480134010315
0.05159226059913635
0.010371804237365723
0.0
0.09289140999317169
0.0492473840713501
0.07820522785186768
0.0
0.01495543122291565
0.012724697589874268
0.09297811985015869
0.01752634346485138
0.047341346740722656
0.0
0.0
0.0007184147834777832
0.035614013671875
0.027330219745635986
0.0
0.01953965425491333
0.0
0.04235631227493286
0.031611740589141846
0.07554188370704651
0.051226913928985596
0.031422048807144165
0.015694141387939453
0.012418568134307861
0.19010239839553833
0.021073997020721436
0.0
0.07281506061553955
0.04956066608428955
0.07185202836990356
0.025896847248077393
0.04476815462112427
0.0
0.0
0.027415752410888672
0.0
0.0007066726684570312
0.11601562798023224
0.04452724754810333
0.06390380859375
0.0015326738357543945
0.025079160928726196
0.007972240447998047
0.04317426681518555
0.0727543830871582
0.011208057403564453
0.05471678078174591
0.0
0.03792315721511841
0.06309729814529419
0.020902931690216064
0.04788237810134888
0.05816316604614258
0.012041479349136353
0.014168381690979004
0.026077091693878174
0.02685701847076416
0.009161293506622314
0.07883578538894653
0.06364262104034424
0.006271660327911377
0.07792539894580841
0.0
0.05281651020050049
0.04395592212677002
0.011476710438728333
0.07886183261871338
0.08744974434375763
0.06568995118141174
0.02537357807159424
0.07755804061889648
0.049686551094055176
0.054679036140441895
0.026248455047607422
0.03941059112548828
0.030868440866470337
0.08616858720779419
0.003604888916015625
0.02100163698196411
0.008083820343017578
0.019985109567642212
0.060887157917022705
0.04009866714477539
0.05282449722290039
0.06656056642532349
0.008136466145515442
0.020647719502449036
0.09814083576202393
0.06714478135108948
0.06624901294708252
0.023623183369636536
0.07587118446826935
0.015615180134773254
0.0847509503364563
0.012705802917480469
0.0
0.03851337730884552
0.024850279092788696
0.06580781936645508
0.03392231464385986
0.060406506061553955
0.008797943592071533
0.0
0.0
0.08188849687576294
0.016359925270080566
0.044793903827667236
0.0466192364692688
0.03036576509475708
0.01262599229812622
0.08690185844898224
0.04552316665649414
0.04622498154640198
0.016228869557380676
0.010589241981506348
0.01204979419708252
0.039402008056640625
0.04389353096485138
0.003101065754890442
0.07843609154224396
0.0791410505771637
0.09314119815826416
0.04963761568069458
0.07787591218948364
0.07009392976760864
0.0
0.05379754304885864
0.0
0.010288238525390625
0.043871521949768066
0.0
0.050533413887023926
0.0
0.01568928360939026
0.0638217031955719
0.04704868793487549
0.04628963768482208
0.0781213790178299
0.06420564651489258
0.008700087666511536
0.0
0.008339881896972656
0.0
0.056530117988586426
0.0
0.0480194091796875
0.02283354103565216
0.02365553379058838
0.09382182359695435
0.039628028869628906
0.0
0.08192196488380432
0.03004331886768341
0.07371711730957031
0.0
0.041401296854019165
0.04302150011062622
0.029885411262512207
0.057290852069854736
0.052546411752700806
0.04160356521606445
0.05114594101905823
0.006443887948989868
0.0
0.020227432250976562
0.04025602340698242
0.05343790352344513
0.08115291595458984
0.023103907704353333
0.06268072128295898
0.025492310523986816
0.029511749744415283
0.024207979440689087
0.06359425187110901
0.0
0.0389745831489563
0.011608600616455078
0.027990251779556274
0.029806137084960938
0.07393085956573486
0.04195147752761841
0.08700628578662872
0.0701262503862381
0.04599781334400177
0.06501904129981995
0.05329886078834534
0.12870140373706818
0.04416161775588989
0.07695066928863525
0.04202157258987427
0.04984588921070099
0.03688088059425354
0.006023049354553223
0.0547911673784256
0.011330798268318176
0.01600658893585205
0.047092437744140625
0.03576993942260742
0.059579670429229736
0.06345176696777344
0.05306711792945862
0.04411184787750244
0.03319072723388672
0.06168222427368164
0.0037015974521636963
0.0169907808303833
0.00783434510231018
0.0
0.0
0.04606790840625763
0.0072272419929504395
0.006225883960723877
0.02571660280227661
0.03257131576538086
0.0003662109375
0.0
0.010827258229255676
0.0
0.0
0.007371142506599426
0.056638240814208984
0.06488199532032013
0.025106340646743774
0.016089826822280884
0.0
0.01763021945953369
0.07889099419116974
0.07363386452198029
0.03588438034057617
0.03737384080886841
0.017871975898742676
0.07393485307693481
0.0
0.08407890796661377
0.02768869698047638
0.03873711824417114
0.034094810485839844
0.04160243272781372
0.0009819269180297852
0.09434539079666138
0.015547394752502441
0.011652112007141113
0.010952591896057129
0.07944631576538086
0.04251396656036377
0.012623697519302368
0.0
0.05105555057525635
0.0
0.0
0.06311245262622833
0.0234469473361969
0.011919617652893066
0.0
0.0
0.04590053856372833
0.0008946657180786133
0.022291958332061768
0.06997489929199219
0.0
0.00824892520904541
0.036995887756347656
0.0
0.030108273029327393
0.0006262809038162231
0.0
0.0
0.0
0.0720754861831665
0.046227842569351196
0.06371784210205078
0.03809109330177307
0.0
0.013821601867675781
0.00993490219116211
0.03327484428882599
0.00811988115310669
0.06241065263748169
0.05387134850025177
0.02444314956665039
0.006673634052276611
0.019596874713897705
0.04561901092529297
0.031231224536895752
0.03181286156177521
0.0
0.05812627077102661
0.0
0.03790941834449768
0.050537705421447754
0.04408150911331177
0.022784054279327393
0.018054485321044922
0.007511049509048462
0.007234394550323486
0.013470292091369629
0.012405991554260254
0.015703588724136353
0.06416046619415283
0.04755079746246338
0.07248087227344513
0.09146519005298615
0.0
0.09482747316360474
0.019133955240249634
0.0
0.07327079772949219
0.028227999806404114
0.03489363193511963
0.09026587009429932
0.04690819978713989
0.0
0.0
0.0440036803483963
0.07027216255664825
0.09344416856765747
0.021865367889404297
0.0
0.05177536606788635
0.03797435760498047
0.09088554978370667
0.034083664417266846
0.03535309433937073
0.024491220712661743
0.08074092864990234
0.040703773498535156
0.0
0.06413784623146057
0.0
0.039483264088630676
0.05590009689331055
0.011725619435310364
0.0
0.05064411461353302
0.05164891481399536
0.03792285919189453
0.07945376634597778
0.03113880753517151
0.012255191802978516
0.03359329700469971
0.07304108142852783
0.049942612648010254
0.06722775101661682
0.011380016803741455
0.0010774731636047363
0.009128093719482422
0.035640060901641846
0.002881348133087158
0.025163844227790833
0.03901977837085724
0.002986624836921692
0.020868897438049316
0.0
0.0
0.05312919616699219
0.04381886124610901
0.0
0.05149126052856445
0.05971813201904297
0.07481348514556885
0.034696489572525024
0.040874868631362915
0.01105499267578125
0.05410595238208771
0.04207479953765869
0.02288360893726349
0.05610781908035278
0.008212000131607056
0.1370561718940735
0.0
0.0
0.022801220417022705
0.030597805976867676
0.0
0.03207436203956604
0.023123934864997864
0.009086325764656067
0.08569365739822388
0.0640222579240799
0.027484416961669922
0.06158752739429474
0.007264137268066406
0.03245431184768677
0.036325275897979736
0.022181227803230286
0.06288643181324005
0.014713674783706665
0.0
0.0
0.05455601215362549
0.017045140266418457
0.028199970722198486
0.06817591190338135
0.033290863037109375
0.007269576191902161
0.0
0.0
0.0
0.00014221668243408203
0.03442412614822388
0.046416670083999634
0.05321216583251953
0.011028677225112915
0.042158037424087524
0.04767638444900513
0.033002495765686035
0.020286083221435547
0.05253811180591583
0.00016823410987854004
0.0617443323135376
0.015032961964607239
0.0
0.009152710437774658
0.0
0.02398681640625
0.0596591979265213
0.0953298807144165
0.06352300941944122
0.011416912078857422
0.09024238586425781
0.036248594522476196
0.03612127900123596
0.004195988178253174
0.0
0.06317968666553497
0.0
0.04412984848022461
0.0
0.044695764780044556
0.03203946352005005
0.006557762622833252
0.1119721531867981
0.08118438720703125
0.04393589496612549
0.024327576160430908
0.06733790040016174
0.05319929122924805
0.0216616690158844
0.02800971269607544
0.0
0.0376201868057251
0.1006385087966919
0.05950212478637695
0.0
0.03389626741409302
0.06554174423217773
0.0006992369890213013
0.0
0.16644632816314697
0.0701909065246582
0.0569583922624588
0.049813270568847656
0.0
0.06228905916213989
0.0
0.0
0.056940943002700806
0.059912681579589844
0.0164794921875
0.0
0.13005895912647247
0.039440929889678955
0.03367939591407776
0.013498902320861816
0.03250151872634888
0.0
0.0
0.020603090524673462
0.04517155885696411
0.07853364944458008
0.0
0.18163979053497314
0.07558709383010864
0.04486286640167236
0.031912147998809814
0.010105729103088379
0.08325719833374023
0.0
0.043032944202423096
0.052001386880874634
0.034665584564208984
0.022424697875976562
0.005634218454360962
0.045273974537849426
0.04453384876251221
0.046396076679229736
0.040563881397247314
0.005173325538635254
0.06945133209228516
0.0
0.03206177055835724
0.0017612576484680176
0.06244555115699768
0.0
0.07013940811157227
0.06217777729034424
0.016372501850128174
0.018099695444107056
0.12177629768848419
0.04127085208892822
0.018854141235351562
0.020270943641662598
0.0
0.038379788398742676
0.015934765338897705
0.04658663272857666
0.004119306802749634
0.05869618058204651
0.07037031650543213
0.003973960876464844
0.0
0.1273183822631836
0.07302990555763245
0.03658246994018555
0.042560875415802
0.02391129732131958
0.06915464997291565
0.11589117348194122
0.025963783264160156
0.05058661103248596
0.05276528000831604
0.049235060811042786
0.008991360664367676
0.11551065742969513
0.05011796951293945
0.0
0.05148869752883911
0.010145783424377441
0.079376220703125
0.027545645833015442
0.02483367919921875
0.031059563159942627
0.07338380813598633
0.004687517881393433
0.0
0.040829092264175415
0.05129128694534302
0.03763163089752197
0.03867931663990021
0.0370582640171051
0.05277271568775177
0.003093913197517395
0.0
0.008210569620132446
0.025021672248840332
0.06145679950714111
0.05294123291969299
0.04035043716430664
0.031884387135505676
0.0
0.05354577302932739
0.0037293434143066406
0.04685699939727783
0.0384063720703125
0.056757569313049316
0.03057117760181427
0.02782660722732544
0.0
0.027508169412612915
0.0
0.02558441460132599
0.0532473623752594
0.09262049198150635
0.017792999744415283
0.07644397020339966
0.03031742572784424
0.010634422302246094
0.051456645131111145
0.0
0.04411125183105469
0.0
0.021253108978271484
0.01180887222290039
0.027690410614013672
0.03851538896560669
0.06071463227272034
0.0646662712097168

IGM
0.00021973252296447754
0.06187620759010315
0.024533867835998535
0.019913315773010254
0.027280449867248535
0.06612598896026611
0.03463870286941528
0.0
0.02232113480567932
0.0029196739196777344
0.018909096717834473
0.0723186731338501
0.0
0.13996267318725586
0.04453296959400177
0.045445919036865234
0.018253043293952942
0.06077241897583008
0.01868307590484619
0.06455069780349731
0.008147358894348145
0.13475334644317627
0.0
0.134205162525177
0.0
0.012529566884040833
0.0074867308139801025
0.011491015553474426
0.016460329294204712
0.06754417717456818
0.01095515489578247
0.027099326252937317
0.0012803077697753906
0.02608710527420044
0.07965290546417236
0.0
0.0
0.011646941304206848
0.09198017418384552
0.040688902139663696
0.05678701400756836
0.06685811281204224
0.03450167179107666
0.01784992218017578
0.050444990396499634
0.060568153858184814
0.04641953110694885
0.008275508880615234
0.016876891255378723
0.0010774731636047363
0.034461021423339844
0.04756796360015869
0.0
0.0
0.07116854190826416
0.03684253990650177
0.03534966707229614
0.0025463104248046875
0.0
0.0
0.08113260567188263
0.0012193918228149414
0.05222912132740021
0.0
0.03643627464771271
0.0003644973039627075
0.02814789116382599
0.07797777652740479
0.02752476930618286
0.01791059970855713
0.014774039387702942
0.014715388417243958
0.04061079025268555
0.06228819489479065
0.010394960641860962
0.07689085602760315
0.023245245218276978
0.008230596780776978
0.014654159545898438
0.045542359352111816
0.036320120096206665
0.0
0.09336119890213013
0.03414231538772583
0.033904269337654114
0.0
0.035276129841804504
0.01893368363380432
0.04210968315601349
0.055940449237823486
0.04343605041503906
0.0
0.05272752046585083
0.040393948554992676
0.028607964515686035
0.021561264991760254
0.07912075519561768
0.03986406326293945
0.13849985599517822
0.08490830659866333
0.00864344835281372
0.020417988300323486
0.06269848346710205
0.08612453937530518
0.10634708404541016
0.1023038923740387
0.0
0.03237362205982208
0.024148762226104736
0.08156663179397583
0.010867893695831299
0.07635870575904846
0.0
0.02459278702735901
0.014339745044708252
0.027012065052986145
0.05238676071166992
0.009657680988311768
0.0
0.0
0.01807624101638794
0.0
0.05048048496246338
0.08537092804908752
0.032824814319610596
0.0
0.0499546080827713
0.03936511278152466
0.012835696339607239
8.32676887512207e-05
0.020950987935066223
0.10730066895484924
0.023737072944641113
0.14597797393798828
0.04770040512084961
0.02892124652862549
0.05981655418872833
0.06919756531715393
0.04539930820465088
0.0
0.033239662647247314
0.10122901201248169
0.05197221040725708
0.0
0.06358367204666138
0.023308470845222473
0.053449347615242004
0.0
0.018492817878723145
0.023711875081062317
0.06846943497657776
0.02480137348175049
0.026347458362579346
0.048924922943115234
0.05396634340286255
0.03223973512649536
0.041165828704833984
0.049421027302742004
0.0008952170610427856
0.06533432006835938
0.05531501770019531
0.06959953904151917
0.017755508422851562
0.02966594696044922
0.0
0.0
0.050373464822769165
0.0031568557024002075
0.014556601643562317
0.02182704210281372
0.08632250130176544
0.032466888427734375
0.004434302449226379
0.04105883836746216
0.053464800119400024
0.08268728852272034
0.014105990529060364
0.04077187180519104
0.00937528908252716
0.06548511981964111
0.11798059940338135
0.05980511009693146
0.038678765296936035
0.021668821573257446
0.0
0.07673752307891846
0.011084198951721191
0.004601672291755676
0.0
0.0
0.04111206531524658
0.02201385796070099
0.03526240587234497
0.06304293870925903
0.033614158630371094
0.009801030158996582
0.07918596267700195
0.03837919235229492
0.09531128406524658
0.022432714700698853
0.04014959931373596
0.026015877723693848
0.07169926166534424
0.07987689971923828
0.06867945194244385
0.08162528276443481
0.04039794206619263
0.04853096604347229
0.08864536881446838
0.03952789306640625
0.004717543721199036
0.01799812912940979
0.04604044556617737
0.000308990478515625
0.026218414306640625
0.06520843505859375
0.15873444080352783
0.018421843647956848
0.0
0.02589571475982666
0.031400322914123535
0.01203031837940216
0.04428064823150635
0.026708513498306274
0.0
0.014849856495857239
0.0
0.02856588363647461
0.01179659366607666
0.010666191577911377
0.06766863167285919
0.12983667850494385
0.02109690010547638
0.007655531167984009
0.032408833503723145
0.15873757004737854
0.052671730518341064
0.0
0.0
0.04141274094581604
0.11713142693042755
0.06693851947784424
0.007563412189483643
0.0495758056640625
0.1129002571105957
0.0
0.04417765140533447
0.0
0.06525135040283203
0.02810525894165039
0.05325651168823242
0.0
0.14774151146411896
0.023459553718566895
0.0
0.0005095601081848145
0.0
0.16219539940357208
0.001956373453140259
0.047294437885284424
0.021070003509521484
0.028628259897232056
0.0
0.0
0.0
0.04413814842700958
0.00134296715259552
0.10036268830299377
0.0532047301530838
0.0
0.004848599433898926
0.0
0.10383540391921997
0.0
0.01990528404712677
0.0
0.04241696000099182
0.0
0.023018956184387207
0.011879831552505493
0.03786277770996094
0.0028481483459472656
0.06254711747169495
0.09115619957447052
0.01608295738697052
0.06427803635597229
0.08414554595947266
0.0
0.09131470322608948
0.0870334655046463
0.08038502931594849
0.06752729415893555
0.06992140412330627
0.0
0.006120592355728149
0.01935882866382599
0.06375819444656372
0.28359633684158325
0.0517115592956543
0.06011897325515747
0.06049919128417969
0.0398411750793457
0.0
0.023989975452423096
0.05405302345752716
0.061774641275405884
0.0
0.013460829854011536
0.023658663034439087
0.0
0.05485868453979492
0.13932037353515625
0.002178668975830078
0.0
0.0
0.1194399893283844
0.01568499207496643
0.04093897342681885
0.06674423813819885
0.04771442711353302
0.025103211402893066
0.021622180938720703
0.031037241220474243
0.015670418739318848
0.007305338978767395
0.025005340576171875
0.011883854866027832
0.02633887529373169
0.020583629608154297
0.0
0.09465152025222778
0.08350439369678497
0.0
0.0778799057006836
0.06035442650318146
0.03967154026031494
0.04658776521682739
0.037627339363098145
0.08037674427032471
0.057616427540779114
0.0
0.04195690155029297
0.0
0.03539887070655823
0.03235359489917755
0.07540112733840942
0.030584633350372314
0.03047819435596466
0.10772383213043213
0.0
0.0714869499206543
0.011151134967803955
0.0055907368659973145
0.1627853512763977
0.0
0.0017080307006835938
0.0
0.0
0.023972511291503906
0.06487083435058594
0.04462137818336487
0.03074944019317627
0.11158247292041779
0.01495659351348877
0.06947250664234161
0.03354835510253906
0.02136784791946411
0.051034361124038696
0.0
0.044157326221466064
0.023713022470474243
0.11191380023956299
0.054967403411865234
0.029225945472717285
0.09730255603790283
0.05534449219703674
0.03757584095001221
0.013170719146728516
0.0
0.06464624404907227
0.062228113412857056
0.05379095673561096
0.11316747963428497
0.03823871910572052
0.0
0.010681629180908203
0.028090670704841614
0.0
0.031661227345466614
0.06283837556838989
0.06866627931594849
0.06640692055225372
0.07148325443267822
0.0
0.0050414204597473145
0.016357332468032837
0.028462886810302734
0.025176435708999634
0.030451595783233643
0.003678441047668457
0.0852813720703125
0.005832493305206299
0.013873696327209473
0.029614746570587158
0.036079227924346924
0.0
0.1005011796951294
0.0457463264465332
0.027486443519592285
0.02908201515674591
0.06544160842895508
0.042367756366729736
0.007026970386505127
0.08678999543190002
0.060215383768081665
0.08292046189308167
0.032955288887023926
0.0437258780002594
0.0
0.02914983034133911
0.056113243103027344
0.010392963886260986
0.0
0.09823980927467346
0.04910004138946533
0.08321543037891388
0.0
0.015403181314468384
0.013006210327148438
0.09963655471801758
0.017758086323738098
0.04660749435424805
0.0
0.0
0.0007218420505523682
0.03748971223831177
0.027667522430419922
0.0
0.019792556762695312
0.0
0.043470680713653564
0.03237992525100708
0.08279800415039062
0.05390799045562744
0.031402587890625
0.01586294174194336
0.01253671944141388
0.2507552206516266
0.02161446213722229
0.0
0.073499396443367
0.0535660982131958
0.07545633614063263
0.026988327503204346
0.045937180519104004
0.0
0.0
0.028233438730239868
0.0
0.0007066726684570312
0.12136431038379669
0.04697972536087036
0.06799280643463135
0.0015312433242797852
0.027887538075447083
0.008114159107208252
0.04400825500488281
0.07452765107154846
0.011250972747802734
0.05773288011550903
0.0
0.03960686922073364
0.06648388504981995
0.02136555314064026
0.049083709716796875
0.06208992004394531
0.012470066547393799
0.014455914497375488
0.026297688484191895
0.029764652252197266
0.009177327156066895
0.08645553886890411
0.0669659674167633
0.006352335214614868
0.08197832107543945
0.0
0.055811405181884766
0.04576665163040161
0.011527925729751587
0.09192097187042236
0.09378492832183838
0.06688356399536133
0.025639653205871582
0.08252449333667755
0.05685454607009888
0.05812883377075195
0.02648937702178955
0.03987951576709747
0.032319262623786926
0.09626483917236328
0.0036226511001586914
0.021284013986587524
0.008117318153381348
0.020278647541999817
0.0648382306098938
0.04185450077056885
0.0546489953994751
0.07014399766921997
0.00816422700881958
0.0214422345161438
0.10552425682544708
0.07202282547950745
0.0689234733581543
0.02383863925933838
0.07868874073028564
0.015624910593032837
0.08974142372608185
0.012783914804458618
0.0
0.03988039493560791
0.02540045976638794
0.0688176155090332
0.03458291292190552
0.064293771982193
0.008781075477600098
0.0
0.0
0.09264451265335083
0.016590505838394165
0.047223761677742004
0.0485939085483551
0.031269267201423645
0.012667179107666016
0.09523546695709229
0.04699373245239258
0.04882252216339111
0.016386806964874268
0.010578349232673645
0.012111008167266846
0.040374189615249634
0.04525911808013916
0.0031110793352127075
0.08332958817481995
0.08619947731494904
0.10002394020557404
0.05242311954498291
0.0837864875793457
0.07558679580688477
0.0
0.055249810218811035
0.0
0.010348036885261536
0.045435622334480286
0.0
0.0538330078125
0.0
0.015943914651870728
0.0673954039812088
0.048546433448791504
0.05103464424610138
0.08341856300830841
0.06875868141651154
0.008767038583755493
0.0
0.008328735828399658
0.0
0.06203785538673401
0.0
0.04943819344043732
0.023293882608413696
0.023793697357177734
0.09957677125930786
0.041012197732925415
0.0
0.08483076095581055
0.032303810119628906
0.0767180472612381
0.0
0.042498499155044556
0.048159897327423096
0.032188236713409424
0.06418764591217041
0.056738972663879395
0.043256402015686035
0.05182516574859619
0.006455063819885254
0.0
0.023795992136001587
0.04105997085571289
0.06110888719558716
0.08736792206764221
0.023448944091796875
0.06824226677417755
0.025744915008544922
0.029937177896499634
0.024468615651130676
0.06744605302810669
0.0
0.03849077224731445
0.011655524373054504
0.02914181351661682
0.029875949025154114
0.07910528779029846
0.04575319588184357
0.09389276802539825
0.0760740339756012
0.04730302095413208
0.06777364015579224
0.05764132738113403
0.14682312309741974
0.04583245515823364
0.08063822984695435
0.04266989231109619
0.05182516574859619
0.03808422386646271
0.006043627858161926
0.057789236307144165
0.011509612202644348
0.016089260578155518
0.048752427101135254
0.03718501329421997
0.06119900941848755
0.06727325916290283
0.06006947159767151
0.04582071304321289
0.03392830491065979
0.06472864747047424
0.0037588179111480713
0.017154991626739502
0.007867246866226196
0.0
0.0
0.04763861000537872
0.0072578489780426025
0.006206989288330078
0.026717662811279297
0.033623337745666504
0.00036707520484924316
0.0
0.010881900787353516
0.0
0.0
0.007416367530822754
0.0582575798034668
0.06962957978248596
0.025308609008789062
0.016460895538330078
0.0
0.01828165352344513
0.08023625612258911
0.07899713516235352
0.0365484356880188
0.037998974323272705
0.018154338002204895
0.07767277956008911
0.0
0.09093475341796875
0.027965664863586426
0.03592701256275177
0.0347110778093338
0.044094085693359375
0.0009621679782867432
0.1045784056186676
0.015752792358398438
0.011708170175552368
0.01098090410232544
0.08395957946777344
0.04416161775588989
0.012708663940429688
0.0
0.0519072562456131
0.0
0.0
0.065941721200943
0.024084091186523438
0.012080386281013489
0.0
0.0
0.0471007376909256
0.0008992254734039307
0.02214346081018448
0.0799759030342102
0.0
0.008142471313476562
0.04626762866973877
0.0
0.030736267566680908
0.0006251335144042969
0.0
0.0
0.0
0.0749027281999588
0.04680176079273224
0.07040119171142578
0.039675235748291016
0.0
0.01392403244972229
0.010006725788116455
0.034165769815444946
0.008181959390640259
0.06458073854446411
0.05704107880592346
0.024902060627937317
0.0066856443881988525
0.020304113626480103
0.05215245485305786
0.03164234757423401
0.032793641090393066
0.0
0.06519901752471924
0.0
0.03874140977859497
0.05274152755737305
0.04767352342605591
0.023089885711669922
0.018824100494384766
0.007520794868469238
0.007243543863296509
0.013386443257331848
0.012457191944122314
0.015899300575256348
0.06945878267288208
0.04985934495925903
0.07805386185646057
0.09527093172073364
0.0
0.11038199067115784
0.019712746143341064
0.0
0.08029690384864807
0.030055910348892212
0.03580084443092346
0.0966608077287674
0.04951345920562744
0.0
0.0
0.04649907350540161
0.07299843430519104
0.1006510853767395
0.021106064319610596
0.0
0.05309629440307617
0.03839579224586487
0.09595328569412231
0.03543293476104736
0.03624117374420166
0.025697141885757446
0.08593684434890747
0.04335653781890869
0.0
0.06742173433303833
0.0
0.040633976459503174
0.05935966968536377
0.011686444282531738
0.0
0.05654783546924591
0.05428791046142578
0.038547709584236145
0.08661460876464844
0.0316503643989563
0.012311279773712158
0.03446274995803833
0.07580108940601349
0.05184173583984375
0.06979265809059143
0.011455535888671875
0.0010746121406555176
0.009154438972473145
0.037055134773254395
0.002872467041015625
0.025609314441680908
0.0410691499710083
0.0029934942722320557
0.02100449800491333
0.0
0.0
0.056724369525909424
0.04608452320098877
0.0
0.053432464599609375
0.0641058087348938
0.07829418778419495
0.03562803566455841
0.041800692677497864
0.01123267412185669
0.054889023303985596
0.044396787881851196
0.02277517318725586
0.05809652805328369
0.008247196674346924
0.16318359971046448
0.0
0.0
0.023120522499084473
0.03177940845489502
0.0
0.03720390796661377
0.023382574319839478
0.009133249521255493
0.09491701424121857
0.06704378128051758
0.02767696976661682
0.06355991959571838
0.007277309894561768
0.03191271424293518
0.03964263200759888
0.023058131337165833
0.06953945755958557
0.015088200569152832
0.0
0.0
0.058408647775650024
0.017589867115020752
0.028684616088867188
0.0752420425415039
0.035769104957580566
0.007285311818122864
0.0
0.0
0.0
0.00014219433069229126
0.03522033989429474
0.04801197350025177
0.058513641357421875
0.0113067626953125
0.046308815479278564
0.0551905632019043
0.03443355858325958
0.020578503608703613
0.054215818643569946
0.00016796588897705078
0.06693422794342041
0.015137672424316406
0.0
0.009195327758789062
0.0
0.024541020393371582
0.06257572770118713
0.10176458954811096
0.0642969161272049
0.011470988392829895
0.09653723239898682
0.037107184529304504
0.03733721375465393
0.004211723804473877
0.0
0.06534376740455627
0.0
0.04242098331451416
0.0
0.04553920030593872
0.032720088958740234
0.006569772958755493
0.12325716018676758
0.0857059508562088
0.04791584610939026
0.02452927827835083
0.07017117738723755
0.0552409291267395
0.022594645619392395
0.029443085193634033
0.0
0.038417816162109375
0.10942983627319336
0.06493063271045685
0.0
0.034894466400146484
0.06925880908966064
0.000698387622833252
0.0
0.17942535877227783
0.07417860627174377
0.059302449226379395
0.05253639817237854
0.0
0.06897497177124023
0.0
0.0
0.060132697224617004
0.0614871084690094
0.017085745930671692
0.0
0.13565683364868164
0.0416722297668457
0.03471393883228302
0.013647079467773438
0.033168986439704895
0.0
0.0
0.02102223038673401
0.04817420244216919
0.08207988739013672
0.0
0.20132561028003693
0.079914391040802
0.0499514639377594
0.032652854919433594
0.010213851928710938
0.08745205402374268
0.0
0.044690608978271484
0.055274128913879395
0.03598368167877197
0.022845864295959473
0.005613043904304504
0.047407448291778564
0.04777565598487854
0.049120619893074036
0.04153376817703247
0.005197048187255859
0.07471819221973419
0.0
0.033321499824523926
0.0017606765031814575
0.06621837615966797
0.0
0.07541599869728088
0.06907053291797638
0.016531288623809814
0.018370062112808228
0.14317333698272705
0.04225790500640869
0.019114211201667786
0.020726680755615234
0.0
0.03940659761428833
0.016313552856445312
0.048916056752204895
0.0041255950927734375
0.06399364769458771
0.07865753769874573
0.003947079181671143
0.0
0.13852444291114807
0.07470560073852539
0.03753490746021271
0.041926294565200806
0.024367928504943848
0.07118940353393555
0.1336003541946411
0.026485636830329895
0.05267059803009033
0.05133819580078125
0.051282405853271484
0.008996784687042236
0.12501728534698486
0.05144062638282776
0.0
0.053237080574035645
0.010415852069854736
0.08562213182449341
0.028124719858169556
0.025186732411384583
0.031723618507385254
0.07991898059844971
0.004778772592544556
0.0
0.04269734025001526
0.054433539509773254
0.039868950843811035
0.04196491837501526
0.038462162017822266
0.056231409311294556
0.003094494342803955
0.0
0.008288979530334473
0.025908291339874268
0.06521673500537872
0.05520516633987427
0.04129743576049805
0.03228724002838135
0.0
0.0555882453918457
0.003731638193130493
0.048776447772979736
0.04047718644142151
0.06025087833404541
0.03105241060256958
0.028213977813720703
0.0
0.028074651956558228
0.0
0.027089029550552368
0.055521875619888306
0.09817400574684143
0.01742565631866455
0.08748149871826172
0.03137540817260742
0.010675624012947083
0.05353231728076935
0.0
0.04618722200393677
0.0
0.021423637866973877
0.012084677815437317
0.028472900390625
0.04211655259132385
0.06353159248828888
0.06973400712013245
