
BA
1.3596841096878052
1.399165391921997
0.8341753482818604
1.4417804479599
0.9001978635787964
2.029094934463501
0.5468016862869263
0.0
1.2091912031173706
0.2406831979751587
0.7455018162727356
2.665419816970825
0.29203811287879944
2.9795420169830322
2.529256820678711
1.8185003995895386
0.9857062697410583
1.4752590656280518
0.3733273446559906
2.175973653793335
0.3599729537963867
2.0845448970794678
0.0
3.8006045818328857
0.0
1.501288890838623
0.18246722221374512
0.6538951992988586
0.42852354049682617
1.4859987497329712
1.7812978029251099
0.42793235182762146
0.23023991286754608
0.5884258151054382
3.0660653114318848
0.0
0.0
0.0
2.6854639053344727
1.3001034259796143
2.19012713432312
2.210698366165161
2.2827842235565186
0.2778369188308716
1.5797604322433472
1.8451604843139648
1.9605865478515625
0.170530304312706
0.39082303643226624
0.0
1.2916313409805298
1.292098879814148
0.0
0.0
2.8583600521087646
1.2756845951080322
0.03534115105867386
0.0
0.0
0.0
2.22583270072937
1.1697262525558472
1.8632968664169312
0.0
1.9064419269561768
0.0
0.5918131470680237
2.581669807434082
1.2693660259246826
0.4244031310081482
0.9968233704566956
0.8434396386146545
0.8335598707199097
1.7152611017227173
0.2517184317111969
1.8237956762313843
1.117411732673645
0.0
0.9737097024917603
0.953014075756073
1.636491060256958
0.07399013638496399
1.9524940252304077
1.4479237794876099
1.7778419256210327
0.0
2.465878486633301
0.0
1.1033852100372314
2.160780668258667
0.8974690437316895
0.0
1.7395355701446533
1.4788811206817627
0.9207565784454346
0.9540001749992371
1.7351549863815308
1.0725634098052979
3.132301092147827
2.4231977462768555
0.08120717108249664
0.22649668157100677
1.7775166034698486
1.7392104864120483
2.3858704566955566
2.2017338275909424
0.0
1.5622471570968628
1.3008843660354614
1.5267349481582642
0.4400850236415863
3.4564809799194336
0.0
1.069540023803711
1.0168424844741821
1.1347310543060303
1.4771018028259277
0.5154014229774475
0.9545347094535828
0.0
0.8062265515327454
0.0
1.585010051727295
1.7889541387557983
0.7276001572608948
0.0
1.1741265058517456
0.9592565298080444
0.33019107580184937
0.0
0.9748798608779907
2.6493051052093506
0.8115183711051941
3.3253448009490967
1.6866157054901123
0.8980770111083984
2.679755926132202
1.5767666101455688
0.9524702429771423
0.0
1.2509263753890991
3.025613307952881
2.015402317047119
0.0
1.4177972078323364
0.11332432925701141
1.8284056186676025
0.0
1.3803237676620483
1.0698717832565308
1.6007474660873413
1.2883622646331787
0.8224603533744812
1.1043413877487183
1.924673318862915
0.833107054233551
0.7713263630867004
2.5247511863708496
0.0
1.5620231628417969
1.5002464056015015
1.2661598920822144
0.4594430923461914
1.7783031463623047
0.0
0.0
1.0866721868515015
0.0
0.45228052139282227
1.5192168951034546
1.4566298723220825
0.5796869993209839
0.12530654668807983
1.153382658958435
2.1333765983581543
3.5425400733947754
0.9660931825637817
1.4476069211959839
0.5283128023147583
1.8258922100067139
2.2690768241882324
2.095076560974121
1.555153250694275
0.42600810527801514
0.0
2.8446922302246094
1.2456244230270386
0.20558129251003265
0.0
0.0
0.761934220790863
0.38910460472106934
1.1252868175506592
1.719107747077942
0.6310598850250244
0.20942652225494385
2.1098783016204834
0.5979008078575134
2.8633978366851807
0.7191770076751709
0.5375309586524963
0.523797333240509
1.8925747871398926
2.0368080139160156
1.9133611917495728
0.0
1.473876953125
1.126791000366211
2.4477455615997314
0.9190751314163208
0.0
0.2531201243400574
1.2829444408416748
0.0
1.3552558422088623
1.0767234563827515
4.020021915435791
1.2751778364181519
0.0
0.7753450274467468
2.540027618408203
1.4197982549667358
2.3975107669830322
1.5760315656661987
0.29151099920272827
0.41336682438850403
0.0
1.1467653512954712
0.44748765230178833
0.6777675747871399
3.1534855365753174
3.764068126678467
0.5058473348617554
0.7682713866233826
1.3832052946090698
2.875291585922241
0.6623286604881287
0.0
0.5352488160133362
1.5869739055633545
2.882167339324951
1.9505934715270996
0.36032941937446594
1.3941099643707275
1.854950189590454
0.0
1.669684886932373
0.0
1.9024267196655273
0.08666194975376129
1.5469661951065063
0.0
3.08939790725708
0.6365659832954407
0.0
0.5682249665260315
0.10358282178640366
3.612614870071411
0.11079327017068863
1.4682551622390747
0.6346756219863892
1.2672667503356934
0.0
0.20287536084651947
0.0
1.3225634098052979
0.20657847821712494
2.725343942642212
1.419362187385559
0.3486728072166443
0.41867974400520325
0.0
2.0376460552215576
0.10600637644529343
1.3048276901245117
0.04762478172779083
1.2619975805282593
0.0
0.7752116918563843
0.0
1.7728614807128906
0.48957911133766174
1.6877593994140625
1.6868083477020264
0.0
2.807377338409424
1.5076974630355835
0.0
2.5435712337493896
3.361368179321289
3.26777720451355
1.3238370418548584
1.4017072916030884
0.0
0.15860728919506073
0.0
2.089944839477539
3.3398711681365967
1.7820961475372314
1.6960619688034058
2.4154574871063232
1.617323875427246
0.02420233003795147
1.0639445781707764
1.1674344539642334
0.999358594417572
0.0
0.3789431154727936
1.0601509809494019
0.0
1.5835856199264526
3.1494300365448
0.0
1.3246450424194336
0.0
2.7200849056243896
0.0
1.2864640951156616
1.623958706855774
1.1193286180496216
1.5080519914627075
3.052259683609009
0.8879798054695129
0.48655229806900024
0.0
0.834974467754364
0.3447053134441376
0.7039932012557983
0.5331961512565613
0.06336609274148941
2.422980546951294
2.464777708053589
0.0
2.205348491668701
1.748720645904541
2.849785566329956
1.336429476737976
1.4299660921096802
1.693689227104187
1.3813313245773315
0.0
2.443758726119995
0.0
0.6220927238464355
1.3949358463287354
1.8167093992233276
0.3228555917739868
1.085129737854004
2.353785514831543
0.0
2.4707164764404297
0.6099175214767456
0.23999245464801788
4.226836204528809
0.13079071044921875
0.0
0.0
0.7920778393745422
0.15482720732688904
1.348146677017212
1.2440625429153442
0.13518203794956207
2.85622501373291
0.18216107785701752
1.8288612365722656
1.1593266725540161
0.6201722621917725
1.7616350650787354
0.0
1.1842384338378906
1.8923702239990234
2.3323562145233154
1.3723392486572266
0.5340285301208496
2.0541956424713135
1.5002663135528564
1.0621144771575928
0.40734225511550903
0.0
2.0519065856933594
1.6581306457519531
1.6173748970031738
1.6182461977005005
0.9116422533988953
0.0
0.19519701600074768
1.4127898216247559
0.0
0.9401123523712158
1.6232314109802246
1.955321192741394
0.6536535024642944
1.9078553915023804
0.0
1.5178074836730957
1.4723705053329468
0.9225918054580688
0.923368513584137
0.5286129117012024
0.0
2.1641926765441895
0.1867150217294693
0.45881685614585876
0.666232168674469
1.392701506614685
0.0
2.5186843872070312
1.0708255767822266
0.7190829515457153
1.1177456378936768
1.6011292934417725
1.7806429862976074
0.0
2.19502592086792
1.2460322380065918
3.5250792503356934
0.6980814337730408
0.8939340710639954
0.0
0.8621865510940552
1.1414843797683716
0.014897730201482773
0.0
1.7847298383712769
1.2835618257522583
3.246967315673828
0.0
0.9172371625900269
0.688149631023407
2.5851736068725586
0.24905793368816376
1.8666582107543945
0.0
0.04795706272125244
0.0
1.1915396451950073
0.2924632430076599
0.0
1.9680665731430054
0.0
1.5727378129959106
0.5955836176872253
3.258042573928833
1.5497169494628906
0.6437410712242126
0.2171543836593628
0.521873950958252
3.5043106079101562
1.220445156097412
0.46125560998916626
1.5637614727020264
1.9411855936050415
2.306250810623169
0.8629384636878967
1.0862318277359009
0.0
0.0
0.7243978381156921
0.0
0.08518211543560028
2.677757740020752
1.293938398361206
2.303385019302368
0.0
0.3384849429130554
0.2605398893356323
2.4319207668304443
0.9296846389770508
0.0
2.0188159942626953
0.5293287038803101
1.008504867553711
2.7559828758239746
0.6352587342262268
2.127357244491577
1.7113157510757446
0.6345784664154053
0.08449814468622208
0.714523434638977
0.49042269587516785
0.010826176032423973
2.2222774028778076
1.6491124629974365
0.0666758343577385
2.4216854572296143
0.0
1.912683367729187
2.704890489578247
0.23057539761066437
2.1741061210632324
2.8882410526275635
1.4950132369995117
0.8703051209449768
2.380068063735962
0.7006804347038269
1.9322668313980103
1.2475831508636475
4.10681676864624
2.278569221496582
1.702304720878601
0.45886191725730896
1.5124540328979492
0.29033902287483215
0.3891476094722748
1.6839392185211182
1.2831710577011108
1.4163026809692383
2.441157817840576
0.3301328420639038
0.7173119783401489
2.2729434967041016
2.4135825634002686
1.5517771244049072
0.70878666639328
2.7208914756774902
0.6990949511528015
2.393115520477295
0.8404566049575806
0.0
1.744305968284607
2.232146978378296
2.4429547786712646
1.1394140720367432
1.7360035181045532
1.3042694330215454
0.0
0.0
3.2603976726531982
0.37818795442581177
1.1311891078948975
1.6668552160263062
0.3952695429325104
0.4010733664035797
2.418973922729492
1.4153465032577515
2.146989583969116
0.6998820900917053
0.18006859719753265
0.21158863604068756
1.2434877157211304
1.294039011001587
0.5428295731544495
3.148617744445801
1.9895963668823242
2.7406954765319824
2.229811668395996
1.9137506484985352
1.4597039222717285
0.0
1.2750128507614136
0.030335845425724983
1.847921371459961
1.3891738653182983
0.0
1.7844070196151733
0.0
0.7728878259658813
2.002730369567871
1.664170742034912
1.2194160223007202
2.3043525218963623
1.678291916847229
0.21291583776474
0.0
0.0
0.0
2.679013729095459
0.0
1.3807123899459839
0.7062565684318542
1.8477423191070557
1.7793846130371094
0.853361189365387
0.0
2.1218748092651367
1.7269843816757202
2.8306896686553955
0.0
1.4450852870941162
0.5764038562774658
0.7654458284378052
2.1099040508270264
2.2150397300720215
1.167992353439331
2.176635503768921
0.0
0.0
0.7286377549171448
1.504246473312378
1.78542959690094
2.202805280685425
0.23455692827701569
1.8734005689620972
1.1930640935897827
1.2133935689926147
0.9353352189064026
1.8946466445922852
0.0
1.3271206617355347
0.20486125349998474
1.3296735286712646
0.6470364332199097
1.4058665037155151
0.8226335644721985
2.8204994201660156
2.5580618381500244
1.2248176336288452
1.5938920974731445
1.9277979135513306
3.7593231201171875
2.0962369441986084
2.094555377960205
0.723710834980011
1.607784628868103
0.7451257109642029
0.14662864804267883
1.7838048934936523
0.5872175097465515
0.7299194931983948
2.0451748371124268
1.3637135028839111
2.4089465141296387
2.5712924003601074
1.6968978643417358
1.1396551132202148
1.2386553287506104
3.3793396949768066
0.29886430501937866
2.289717674255371
0.07247381657361984
0.0
0.0
1.9797003269195557
0.4744351804256439
0.09960757195949554
0.9717708230018616
0.7444231510162354
0.0
0.05037388950586319
0.0
0.0
0.0
0.9899705648422241
2.5606577396392822
1.7277237176895142
0.4331176280975342
0.5891017317771912
0.0
1.0059713125228882
2.7667348384857178
1.6894636154174805
1.0385931730270386
1.4114961624145508
1.267055869102478
2.1950578689575195
0.0
2.217012882232666
0.7519941926002502
0.664324164390564
0.8859869241714478
2.3257951736450195
1.1679643392562866
2.2324016094207764
0.8945872187614441
0.5121228098869324
0.23010283708572388
3.255335569381714
1.134149193763733
0.2184566706418991
0.0
1.3570947647094727
0.0
0.0
1.9739093780517578
0.9474318623542786
1.0482648611068726
0.0
0.0
0.9641960859298706
0.2751747667789459
0.0
2.256653308868408
0.0
0.8521623611450195
1.3196380138397217
0.0
0.4701482355594635
0.0
0.0
0.0
0.0
1.9918931722640991
0.0
2.1916098594665527
1.3259551525115967
0.0
1.3735308647155762
0.06456741690635681
0.7592235803604126
0.6790767312049866
1.7790051698684692
1.30976402759552
0.38485535979270935
0.22564536333084106
0.830029308795929
1.033705472946167
0.742766261100769
1.0050796270370483
0.03892819210886955
1.7794930934906006
0.0
1.256169319152832
1.3082531690597534
1.5414395332336426
0.24633826315402985
0.7490658164024353
0.5616270899772644
0.0
0.012758980505168438
0.45393484830856323
0.09474960714578629
2.342482328414917
1.7373713254928589
2.006700277328491
2.5755038261413574
0.0
2.062814950942993
0.07407196611166
0.05441608279943466
1.9871844053268433
1.4385145902633667
0.0
2.7780282497406006
1.3116304874420166
0.0
0.0
1.546878695487976
1.4917694330215454
3.047344446182251
0.05719361454248428
0.0
2.1500508785247803
1.227428913116455
2.539626121520996
0.9167777895927429
1.2808310985565186
0.8110108971595764
1.8064028024673462
1.2621582746505737
0.0
2.7218732833862305
0.0
1.036584734916687
1.510298490524292
0.6679989695549011
0.0
1.6546963453292847
1.3731663227081299
0.9912184476852417
2.090381622314453
0.7287719249725342
0.35335978865623474
1.4833844900131226
2.025160074234009
1.9163994789123535
2.3394477367401123
0.20804059505462646
0.0
0.5728448629379272
0.9118033647537231
0.0
0.9672565460205078
1.2085134983062744
0.0
0.5987144112586975
0.0
0.0
1.8029454946517944
1.1256908178329468
0.0
2.5214147567749023
1.9899095296859741
1.7951018810272217
1.3356486558914185
1.1192060708999634
2.347433090209961
2.6910672187805176
0.9539772868156433
0.8249157071113586
1.8748795986175537
0.0
3.605772018432617
0.0
0.0
0.553171694278717
1.1060656309127808
0.0
1.6775647401809692
0.8564063310623169
0.18800431489944458
2.7159361839294434
2.1122496128082275
0.25042933225631714
2.068798065185547
0.2274395227432251
0.6779618859291077
1.4332069158554077
0.49190253019332886
1.6546545028686523
0.20625609159469604
0.0
0.0
1.6560896635055542
1.365135908126831
0.10356631129980087
1.459420919418335
1.3899608850479126
0.0
0.0
0.0
0.0
0.0
2.794304132461548
2.688316583633423
2.4696245193481445
0.0
1.906296730041504
1.828894019126892
0.7193511128425598
0.956728994846344
1.755430817604065
0.24930410087108612
2.047703981399536
0.43800821900367737
0.0
0.06941626220941544
0.0
0.5505965948104858
1.7205779552459717
2.595336675643921
2.2555720806121826
0.22657044231891632
2.5843942165374756
0.5753480792045593
0.793819010257721
0.0896841436624527
0.0
1.9099003076553345
0.043429844081401825
1.0499972105026245
0.0
3.2379536628723145
1.865633249282837
0.17938664555549622
2.05391001701355
2.240483045578003
1.2808561325073242
1.5301499366760254
3.17981219291687
1.3414465188980103
1.564527153968811
1.015741229057312
0.0
1.9058948755264282
3.391143560409546
1.5471751689910889
0.0
1.1308691501617432
3.476606845855713
0.3668113946914673
0.0
2.99573016166687
1.8337241411209106
1.520838975906372
2.8605499267578125
1.3654497861862183
1.8606748580932617
0.5139566659927368
0.14694844186306
2.109851598739624
1.6973527669906616
0.1333099603652954
0.0
2.6565005779266357
1.3939223289489746
1.481224536895752
0.8031947016716003
1.7671653032302856
0.0
0.0
1.2990299463272095
1.3924018144607544
2.1055731773376465
0.0
3.2162978649139404
1.5532004833221436
1.3281680345535278
1.5109350681304932
1.947242021560669
2.2735555171966553
0.0
1.5830708742141724
1.9953898191452026
0.8757244944572449
0.938877522945404
0.351808100938797
1.3092283010482788
1.409201979637146
1.9050371646881104
1.2985361814498901
0.0
2.815782308578491
0.21292492747306824
1.3865163326263428
0.0
1.715039610862732
0.0
1.3586702346801758
1.6191316843032837
0.37238413095474243
0.40445294976234436
3.5224449634552
1.566084384918213
0.5369197726249695
0.3940405249595642
0.0
1.8425365686416626
0.4669502377510071
0.6017981171607971
0.09112844616174698
2.018296718597412
2.5489118099212646
0.0
0.0
3.7580482959747314
2.54644775390625
1.0151623487472534
2.852764129638672
0.0
2.2763195037841797
3.594365119934082
0.21307800710201263
1.013049840927124
0.17361882328987122
1.0024237632751465
1000
2.075653553009033
1.670884370803833
0.0
2.095975160598755
0.584737241268158
2.4778480529785156
1.1090131998062134
0.26832395792007446
0.4156266748905182
2.6818578243255615
0.1879039704799652
0.0
1.4654747247695923
2.0492677688598633
0.32974475622177124
1.1486186981201172
1.105774164199829
1.8539972305297852
0.1529909074306488
0.14360395073890686
0.0
0.8008139729499817
1.847159504890442
1.6928926706314087
2.925839900970459
0.39173710346221924
0.0
1.524509310722351
0.0
2.965852975845337
1.115697979927063
1.9310197830200195
1.1807644367218018
1.936205267906189
0.0
0.6887831687927246
0.0
1.5817201137542725
1.0643082857131958
2.5821871757507324
0.0
1.582658052444458
1.8631573915481567
1.2009429931640625
1.643079400062561
0.0
1.365519404411316
1.4958511590957642
1.3523298501968384
0.1090187355875969
1.0811059474945068
0.7084704637527466
2.4225547313690186
2.0750787258148193
