
SAPA
3.0
336.0
111.0
189.0
1000
1000
185.0
0.0
87.0
27.0
342.0
456.0
63.0
675.0
528.0
306.0
244.0
273.0
27.0
1000
42.0
213.0
0.0
896.0
0.0
291.0
12.0
132.0
69.0
1000
1000
42.0
18.0
81.0
552.0
0.0
0.0
0.0
572.0
234.0
510.0
1000
345.0
1000
162.0
605.0
78.0
30.0
129.0
0.0
395.0
201.0
0.0
0.0
360.0
225.0
3.0
0.0
0.0
0.0
447.0
3.0
1000
0.0
1000
0.0
210.0
671.0
245.0
42.0
15.0
1000
78.0
585.0
18.0
294.0
249.0
0.0
102.0
105.0
294.0
3.0
576.0
387.0
231.0
0.0
174.0
0.0
237.0
471.0
375.0
0.0
276.0
1000
75.0
1000
1000
48.0
432.0
411.0
9.0
27.0
1000
336.0
531.0
533.0
0.0
1000
442.0
546.0
45.0
546.0
0.0
228.0
243.0
135.0
267.0
48.0
69.0
0.0
54.0
0.0
471.0
369.0
36.0
0.0
162.0
177.0
42.0
0.0
249.0
483.0
207.0
792.0
375.0
99.0
610.0
450.0
99.0
0.0
1000
482.0
1000
0.0
309.0
6.0
1000
0.0
198.0
171.0
243.0
128.0
1000
135.0
264.0
117.0
135.0
561.0
0.0
441.0
105.0
183.0
1000
1000
0.0
0.0
171.0
0.0
42.0
180.0
414.0
51.0
9.0
258.0
400.0
735.0
3.0
363.0
66.0
414.0
198.0
246.0
246.0
81.0
0.0
453.0
1000
30.0
0.0
0.0
125.0
81.0
186.0
276.0
54.0
27.0
386.0
48.0
663.0
258.0
123.0
33.0
327.0
837.0
267.0
0.0
324.0
222.0
465.0
651.0
0.0
9.0
183.0
0.0
90.0
466.0
753.0
499.0
0.0
114.0
540.0
1000
649.0
123.0
18.0
285.0
0.0
162.0
33.0
804.0
561.0
739.0
12.0
3.0
147.0
690.0
63.0
0.0
30.0
419.0
573.0
465.0
21.0
576.0
384.0
0.0
339.0
0.0
477.0
3.0
198.0
0.0
663.0
168.0
0.0
144.0
6.0
561.0
3.0
780.0
123.0
384.0
0.0
6.0
0.0
174.0
12.0
603.0
285.0
60.0
33.0
0.0
1000
6.0
111.0
3.0
117.0
0.0
102.0
0.0
385.0
132.0
1000
381.0
0.0
546.0
557.0
0.0
711.0
660.0
609.0
132.0
1000
0.0
6.0
0.0
1000
664.0
546.0
1000
1000
1000
3.0
132.0
1000
291.0
0.0
48.0
336.0
0.0
258.0
1000
0.0
57.0
0.0
759.0
0.0
309.0
222.0
147.0
3.0
168.0
91.0
21.0
0.0
132.0
39.0
135.0
78.0
1000
630.0
953.0
0.0
1000
1000
618.0
198.0
342.0
531.0
380.0
0.0
1000
0.0
105.0
309.0
388.0
18.0
1000
495.0
0.0
644.0
69.0
15.0
410.0
3.0
0.0
0.0
36.0
3.0
183.0
486.0
3.0
600.0
12.0
846.0
516.0
300.0
301.0
0.0
306.0
216.0
720.0
480.0
84.0
573.0
402.0
153.0
198.0
0.0
1000
1000
546.0
189.0
96.0
0.0
3.0
282.0
0.0
87.0
330.0
474.0
99.0
1000
0.0
381.0
1000
198.0
174.0
33.0
0.0
886.0
3.0
74.0
63.0
186.0
0.0
597.0
123.0
87.0
300.0
426.0
497.0
0.0
1000
422.0
813.0
66.0
207.0
0.0
138.0
165.0
3.0
0.0
435.0
132.0
685.0
0.0
90.0
120.0
1000
24.0
210.0
0.0
3.0
0.0
483.0
87.0
0.0
33.0
0.0
407.0
63.0
600.0
521.0
48.0
33.0
81.0
321.0
237.0
24.0
317.0
687.0
495.0
6.0
231.0
0.0
0.0
195.0
0.0
3.0
441.0
1000
483.0
0.0
33.0
15.0
290.0
132.0
0.0
459.0
3.0
480.0
629.0
60.0
503.0
459.0
1000
3.0
72.0
63.0
3.0
1000
168.0
3.0
324.0
0.0
525.0
594.0
42.0
486.0
576.0
167.0
93.0
537.0
168.0
255.0
138.0
375.0
309.0
141.0
96.0
1000
57.0
36.0
337.0
273.0
177.0
378.0
24.0
105.0
309.0
1000
1000
132.0
480.0
78.0
561.0
439.0
0.0
313.0
111.0
638.0
237.0
315.0
261.0
0.0
0.0
624.0
63.0
1000
651.0
78.0
390.0
408.0
1000
1000
1000
6.0
648.0
319.0
367.0
72.0
1000
366.0
300.0
645.0
390.0
1000
0.0
282.0
3.0
210.0
141.0
0.0
528.0
0.0
1000
601.0
530.0
144.0
378.0
276.0
1000
0.0
0.0
0.0
556.0
0.0
266.0
87.0
1000
693.0
213.0
0.0
732.0
1000
492.0
0.0
457.0
174.0
87.0
360.0
552.0
228.0
474.0
0.0
0.0
102.0
312.0
639.0
1000
42.0
345.0
1000
252.0
102.0
324.0
0.0
237.0
15.0
325.0
141.0
417.0
87.0
678.0
1000
471.0
282.0
408.0
908.0
1000
641.0
432.0
291.0
72.0
12.0
1000
1000
132.0
594.0
153.0
645.0
501.0
480.0
591.0
727.0
909.0
27.0
477.0
3.0
0.0
0.0
1000
54.0
9.0
1000
73.0
0.0
3.0
0.0
0.0
0.0
156.0
597.0
246.0
24.0
96.0
0.0
126.0
429.0
297.0
237.0
237.0
1000
959.0
0.0
410.0
219.0
33.0
219.0
708.0
30.0
786.0
1000
267.0
48.0
660.0
288.0
12.0
0.0
1000
0.0
0.0
366.0
114.0
392.0
0.0
0.0
150.0
51.0
0.0
1000
0.0
207.0
475.0
0.0
30.0
0.0
0.0
0.0
0.0
576.0
0.0
472.0
192.0
0.0
207.0
3.0
423.0
51.0
498.0
273.0
33.0
15.0
153.0
159.0
90.0
348.0
3.0
342.0
0.0
125.0
234.0
237.0
57.0
57.0
51.0
0.0
3.0
72.0
3.0
576.0
549.0
671.0
300.0
0.0
636.0
3.0
1000
363.0
453.0
0.0
639.0
276.0
0.0
0.0
354.0
426.0
735.0
3.0
0.0
684.0
375.0
522.0
327.0
180.0
1000
1000
243.0
0.0
441.0
0.0
174.0
298.0
60.0
0.0
1000
150.0
93.0
585.0
72.0
1000
1000
431.0
479.0
252.0
12.0
0.0
3.0
360.0
0.0
192.0
1000
0.0
540.0
0.0
0.0
1000
90.0
0.0
384.0
362.0
528.0
1000
246.0
354.0
428.0
550.0
1000
378.0
0.0
675.0
0.0
0.0
225.0
282.0
0.0
222.0
108.0
24.0
523.0
501.0
195.0
507.0
12.0
30.0
162.0
39.0
558.0
39.0
0.0
0.0
456.0
141.0
9.0
204.0
420.0
0.0
0.0
0.0
0.0
0.0
375.0
603.0
471.0
0.0
273.0
1000
81.0
189.0
531.0
15.0
558.0
39.0
0.0
18.0
0.0
165.0
444.0
483.0
688.0
330.0
462.0
54.0
291.0
3.0
0.0
435.0
3.0
78.0
0.0
846.0
150.0
12.0
294.0
259.0
401.0
246.0
585.0
300.0
180.0
1000
0.0
555.0
504.0
537.0
0.0
432.0
339.0
72.0
0.0
798.0
207.0
171.0
573.0
69.0
264.0
48.0
9.0
363.0
180.0
6.0
0.0
205.0
479.0
483.0
138.0
282.0
0.0
0.0
357.0
1000
711.0
0.0
895.0
574.0
228.0
345.0
3.0
384.0
0.0
1000
1000
123.0
150.0
45.0
213.0
1000
168.0
549.0
0.0
610.0
18.0
234.0
0.0
465.0
0.0
216.0
396.0
27.0
1000
811.0
471.0
186.0
45.0
0.0
348.0
1000
51.0
3.0
438.0
435.0
0.0
0.0
715.0
219.0
159.0
351.0
0.0
408.0
954.0
12.0
180.0
6.0
336.0
6.0
483.0
336.0
0.0
356.0
66.0
784.0
1000
36.0
54.0
474.0
12.0
0.0
459.0
318.0
498.0
357.0
278.0
1000
15.0
1000
0.0
459.0
465.0
426.0
426.0
33.0
0.0
693.0
0.0
321.0
1000
249.0
351.0
558.0
0.0
558.0
0.0
168.0
348.0
414.0
0.0
534.0
381.0
306.0
255.0
0.0
380.0
177.0
1000
6.0
123.0
99.0
438.0
345.0

PA
2.0
76.0
35.0
76.0
1000
1000
26.0
0.0
89.0
10.0
138.0
221.0
16.0
149.0
208.0
112.0
93.0
88.0
10.0
1000
13.0
65.0
0.0
321.0
0.0
81.0
8.0
46.0
25.0
1000
1000
20.0
10.0
34.0
281.0
0.0
0.0
0.0
258.0
82.0
222.0
1000
124.0
1000
64.0
145.0
17.0
9.0
23.0
0.0
74.0
100.0
0.0
0.0
68.0
100.0
1.0
0.0
0.0
0.0
280.0
3.0
1000
0.0
1000
0.0
32.0
127.0
77.0
17.0
13.0
1000
35.0
255.0
9.0
161.0
67.0
0.0
48.0
26.0
100.0
2.0
165.0
110.0
45.0
0.0
62.0
0.0
74.0
263.0
59.0
0.0
118.0
1000
54.0
1000
1000
28.0
114.0
129.0
5.0
10.0
1000
145.0
187.0
98.0
0.0
1000
84.0
72.0
31.0
109.0
0.0
82.0
42.0
31.0
114.0
22.0
21.0
0.0
35.0
0.0
69.0
122.0
23.0
0.0
56.0
45.0
16.0
0.0
68.0
180.0
59.0
237.0
139.0
70.0
242.0
88.0
77.0
0.0
1000
247.0
1000
0.0
76.0
3.0
1000
0.0
54.0
49.0
73.0
23.0
1000
56.0
144.0
72.0
41.0
215.0
0.0
299.0
34.0
68.0
1000
1000
0.0
0.0
56.0
0.0
28.0
31.0
119.0
20.0
9.0
66.0
190.0
269.0
2.0
144.0
28.0
162.0
85.0
70.0
104.0
60.0
0.0
272.0
1000
14.0
0.0
0.0
45.0
14.0
68.0
101.0
33.0
10.0
151.0
26.0
100.0
82.0
15.0
19.0
97.0
149.0
116.0
0.0
100.0
136.0
243.0
61.0
0.0
5.0
44.0
0.0
25.0
67.0
73.0
91.0
0.0
55.0
96.0
1000
137.0
34.0
11.0
35.0
0.0
76.0
20.0
1000
120.0
259.0
5.0
3.0
78.0
255.0
36.0
0.0
13.0
95.0
198.0
201.0
13.0
81.0
117.0
0.0
64.0
0.0
181.0
2.0
87.0
0.0
251.0
24.0
0.0
52.0
5.0
151.0
2.0
183.0
39.0
91.0
0.0
5.0
0.0
85.0
6.0
170.0
130.0
18.0
20.0
0.0
1000
4.0
33.0
3.0
55.0
0.0
33.0
0.0
102.0
32.0
1000
114.0
0.0
294.0
81.0
0.0
232.0
150.0
249.0
88.0
1000
0.0
5.0
0.0
1000
170.0
102.0
1000
1000
1000
1.0
45.0
1000
49.0
0.0
25.0
74.0
0.0
106.0
1000
0.0
37.0
0.0
188.0
0.0
119.0
112.0
91.0
2.0
45.0
37.0
17.0
0.0
43.0
20.0
75.0
34.0
10.0
119.0
226.0
0.0
1000
1000
285.0
105.0
77.0
93.0
70.0
0.0
1000
0.0
50.0
95.0
161.0
9.0
1000
134.0
0.0
203.0
26.0
9.0
102.0
3.0
0.0
0.0
21.0
3.0
60.0
168.0
2.0
169.0
7.0
99.0
46.0
31.0
56.0
0.0
56.0
145.0
144.0
209.0
28.0
135.0
152.0
53.0
43.0
0.0
1000
1000
298.0
59.0
26.0
0.0
2.0
92.0
0.0
36.0
133.0
142.0
31.0
1000
0.0
149.0
1000
46.0
43.0
11.0
0.0
237.0
3.0
27.0
30.0
73.0
0.0
231.0
39.0
39.0
53.0
126.0
71.0
0.0
1000
60.0
258.0
24.0
24.0
0.0
53.0
56.0
1.0
0.0
100.0
73.0
187.0
0.0
22.0
39.0
1000
11.0
88.0
0.0
2.0
0.0
138.0
26.0
0.0
27.0
0.0
182.0
39.0
305.0
308.0
28.0
7.0
57.0
104.0
116.0
15.0
114.0
126.0
161.0
4.0
86.0
0.0
0.0
57.0
0.0
2.0
157.0
1000
142.0
0.0
18.0
8.0
45.0
55.0
0.0
213.0
3.0
188.0
195.0
13.0
132.0
222.0
1000
3.0
36.0
26.0
1.0
1000
100.0
2.0
188.0
0.0
132.0
277.0
22.0
269.0
206.0
66.0
74.0
180.0
41.0
92.0
36.0
117.0
160.0
46.0
42.0
1000
11.0
25.0
196.0
75.0
75.0
143.0
16.0
71.0
200.0
1000
1000
31.0
251.0
39.0
174.0
41.0
0.0
70.0
30.0
169.0
91.0
122.0
84.0
0.0
0.0
379.0
15.0
1000
112.0
17.0
30.0
197.0
1000
1000
1000
6.0
14.0
113.0
73.0
23.0
1000
231.0
198.0
293.0
106.0
1000
0.0
46.0
1.0
11.0
86.0
0.0
184.0
0.0
1000
166.0
127.0
94.0
132.0
135.0
1000
0.0
0.0
0.0
236.0
0.0
91.0
47.0
1000
148.0
39.0
0.0
91.0
1000
107.0
0.0
80.0
71.0
65.0
216.0
151.0
130.0
158.0
0.0
0.0
62.0
137.0
255.0
1000
11.0
138.0
1000
79.0
52.0
181.0
0.0
116.0
12.0
97.0
56.0
133.0
56.0
284.0
1000
60.0
123.0
112.0
287.0
1000
67.0
39.0
142.0
54.0
9.0
1000
1000
48.0
163.0
118.0
260.0
211.0
84.0
140.0
337.0
306.0
18.0
181.0
2.0
0.0
0.0
1000
20.0
9.0
1000
25.0
0.0
2.0
0.0
0.0
0.0
43.0
266.0
131.0
9.0
32.0
0.0
37.0
229.0
142.0
87.0
71.0
1000
171.0
0.0
142.0
42.0
37.0
56.0
277.0
18.0
223.0
1000
76.0
18.0
310.0
71.0
10.0
0.0
1000
0.0
0.0
154.0
44.0
152.0
0.0
0.0
37.0
13.0
0.0
1000
0.0
61.0
138.0
0.0
19.0
0.0
0.0
0.0
0.0
84.0
0.0
257.0
100.0
0.0
76.0
2.0
81.0
23.0
108.0
75.0
13.0
9.0
78.0
80.0
32.0
69.0
2.0
193.0
0.0
67.0
82.0
66.0
22.0
16.0
31.0
0.0
1.0
21.0
3.0
186.0
161.0
140.0
160.0
0.0
95.0
3.0
4.0
202.0
152.0
0.0
199.0
180.0
0.0
0.0
115.0
40.0
189.0
2.0
0.0
151.0
202.0
160.0
123.0
122.0
1000
1000
62.0
0.0
133.0
0.0
66.0
93.0
32.0
0.0
1000
58.0
57.0
131.0
13.0
1000
1000
104.0
161.0
182.0
6.0
0.0
3.0
43.0
0.0
53.0
1000
0.0
24.0
0.0
0.0
1000
68.0
0.0
86.0
139.0
201.0
1000
77.0
233.0
90.0
58.0
1000
88.0
0.0
219.0
0.0
0.0
45.0
52.0
0.0
64.0
71.0
14.0
272.0
106.0
9.0
179.0
9.0
36.0
51.0
36.0
115.0
15.0
0.0
0.0
237.0
48.0
10.0
37.0
170.0
0.0
0.0
0.0
0.0
0.0
126.0
176.0
281.0
0.0
107.0
1000
42.0
50.0
159.0
12.0
111.0
23.0
0.0
3.0
0.0
50.0
167.0
129.0
132.0
154.0
250.0
37.0
33.0
2.0
0.0
179.0
2.0
64.0
0.0
367.0
27.0
8.0
91.0
118.0
115.0
106.0
264.0
88.0
117.0
1000
0.0
86.0
163.0
168.0
0.0
125.0
75.0
28.0
0.0
300.0
68.0
104.0
142.0
19.0
128.0
28.0
5.0
202.0
85.0
5.0
0.0
42.0
255.0
77.0
50.0
51.0
0.0
0.0
60.0
1000
77.0
0.0
170.0
76.0
118.0
156.0
1.0
145.0
0.0
1000
1000
66.0
56.0
22.0
70.0
1000
128.0
111.0
0.0
235.0
7.0
118.0
0.0
149.0
0.0
62.0
89.0
14.0
1000
319.0
159.0
57.0
26.0
0.0
116.0
1000
18.0
3.0
165.0
239.0
0.0
0.0
301.0
62.0
63.0
156.0
0.0
93.0
322.0
8.0
64.0
6.0
58.0
5.0
111.0
58.0
0.0
39.0
40.0
84.0
1000
8.0
33.0
256.0
7.0
0.0
112.0
162.0
12.0
71.0
71.0
1000
1000
1000
0.0
44.0
55.0
131.0
120.0
18.0
0.0
75.0
0.0
91.0
1000
110.0
99.0
45.0
0.0
38.0
0.0
49.0
82.0
138.0
0.0
203.0
147.0
106.0
99.0
0.0
52.0
46.0
1000
4.0
50.0
34.0
235.0
132.0

IGD
0.08310861885547638
1.4012352228164673
0.6470610499382019
1.5809352397918701
0.8117243647575378
1.8242348432540894
0.5553260445594788
0.0
0.7142964601516724
0.2394149750471115
0.7488498091697693
2.1104135513305664
0.4471038281917572
2.9655165672302246
1.3322908878326416
1.8983681201934814
1.1287764310836792
1.4723912477493286
0.41535285115242004
1.5295095443725586
0.35755255818367004
2.2849984169006348
0.0
3.195765733718872
0.0
1.150295615196228
0.1865781545639038
0.7142646908760071
0.42486730217933655
2.151611328125
0.7412223815917969
0.4430081248283386
0.27804359793663025
0.6319328546524048
2.2379863262176514
0.0
0.0
0.0
2.0247294902801514
1.5040582418441772
1.999015212059021
1.751513123512268
1.4504284858703613
0.3119782507419586
1.4728182554244995
1.4626638889312744
0.6259233951568604
0.18178918957710266
0.3895687162876129
0.0
1.4394521713256836
1.4872812032699585
0.0
0.0
1.8040801286697388
1.41336989402771
0.032586947083473206
0.0
0.0
0.0
2.485314130783081
0.19891519844532013
1.747596025466919
0.0
0.9930853843688965
0.0
0.6391800045967102
2.129103899002075
1.1200237274169922
0.423708975315094
0.3853505849838257
0.9457035064697266
0.8225865960121155
2.154386043548584
0.25124460458755493
2.2977209091186523
1.1215144395828247
0.0
1.1769994497299194
0.9709295034408569
1.135437250137329
0.07150077819824219
2.161442518234253
1.378213882446289
1.6305819749832153
0.0
0.6097804307937622
0.0
1.156226396560669
1.7190210819244385
0.9657147526741028
0.0
1.855642318725586
1.1972013711929321
1.5026789903640747
0.7965329885482788
2.3542211055755615
0.715644359588623
3.355424404144287
2.496070146560669
0.08271219581365585
0.32060056924819946
1.629187822341919
2.021595001220703
2.9270200729370117
2.2367115020751953
0.0
1.259458065032959
1.2741416692733765
1.5233012437820435
0.5842021703720093
1.6915453672409058
0.0
0.8397759795188904
1.0127960443496704
0.6005196571350098
1.6431913375854492
0.5256965160369873
0.5848329663276672
0.0
0.8471179604530334
0.0
1.6771419048309326
1.8580430746078491
0.7517198920249939
0.0
1.3040013313293457
1.1082576513290405
0.35335037112236023
0.0
1.0859780311584473
2.8715975284576416
0.8357164263725281
2.9111733436584473
1.7821812629699707
0.8964028358459473
1.715864896774292
1.676571011543274
1.0217397212982178
0.0
1.2282029390335083
3.121929407119751
1.750675082206726
0.0
1.6622200012207031
0.1355014145374298
1.7617568969726562
0.0
1.6276190280914307
1.1001386642456055
1.8326842784881592
0.701798677444458
0.8858417272567749
1.3946740627288818
1.9144634008407593
0.8526521921157837
0.8294845223426819
1.2447264194488525
0.0
1.4622105360031128
0.9186825156211853
1.3311017751693726
0.4690455198287964
1.1189138889312744
0.0
0.0
1.1694331169128418
0.0
0.507340669631958
1.0037568807601929
1.4686298370361328
0.5946207046508789
0.13813379406929016
1.036835789680481
1.3804974555969238
2.7795791625976562
0.07976270467042923
1.5433212518692017
0.6733685731887817
1.9799226522445679
2.4580233097076416
1.7856959104537964
1.7941851615905762
0.4771490693092346
0.0
1.7663394212722778
0.5541050434112549
0.2870664894580841
0.0
0.0
0.7876052856445312
0.3889343738555908
1.1291894912719727
1.4995996952056885
0.6376893520355225
0.2517679035663605
1.945607304573059
0.5917980670928955
2.4475817680358887
0.7276642918586731
0.598315417766571
0.5317302942276001
1.889868974685669
2.034916400909424
2.0649664402008057
0.0
1.0217397212982178
1.2092691659927368
2.9930362701416016
0.9514595866203308
0.0
0.2558015286922455
1.2914899587631226
0.0
0.6648530960083008
1.055565357208252
3.873269557952881
0.9434833526611328
0.0
0.8206362128257751
0.9217746257781982
0.29562944173812866
1.8009873628616333
0.9293069243431091
0.36583009362220764
0.4063616693019867
0.0
0.8358433842658997
0.44870060682296753
0.7318823337554932
1.8948954343795776
4.14009952545166
0.45109522342681885
0.1823759526014328
1.4110832214355469
3.354473829269409
0.7208773493766785
0.0
0.4342818558216095
1.4993548393249512
2.8017923831939697
1.909674882888794
0.4510002136230469
1.5122567415237427
1.9676017761230469
0.0
1.3030822277069092
0.0
2.0045180320739746
0.08417107164859772
0.797309935092926
0.0
2.5031914710998535
0.620293915271759
0.0
0.6063551902770996
0.11775705218315125
2.140815258026123
0.10841701924800873
1.5801447629928589
0.568122386932373
1.3923577070236206
0.0
0.20980921387672424
0.0
1.2576026916503906
0.2410641312599182
2.586484432220459
1.500093936920166
0.34209156036376953
0.43690308928489685
0.0
2.971787214279175
0.11196908354759216
0.9167160987854004
0.049205489456653595
0.7851427793502808
0.0
0.9511266350746155
0.0
1.8382309675216675
0.4932602345943451
2.0499966144561768
1.726633071899414
0.0
2.124621629714966
1.5443476438522339
0.0
2.4484455585479736
2.014094829559326
2.71269154548645
1.6387192010879517
1.8990815877914429
0.0
0.15487916767597198
0.0
1.9839824438095093
7.204840183258057
1.7579283714294434
1.6912204027175903
1.759108543395996
1.312310814857483
0.32835909724235535
0.7732543349266052
1.2015783786773682
1.0021713972091675
0.0
0.3973229229450226
1.058290958404541
0.0
1.3106931447982788
3.0919690132141113
0.0
1.519043207168579
0.0
2.88452410697937
0.0
1.3625309467315674
1.7995294332504272
1.0823466777801514
0.03499729931354523
0.8167286515235901
0.919110119342804
0.5804441571235657
0.0
0.8634352684020996
0.3583296239376068
0.9003195762634277
0.5609236359596252
0.06890040636062622
2.2346243858337402
2.006878614425659
0.0
2.3019235134124756
1.6519285440444946
1.5358365774154663
1.4771958589553833
1.3683823347091675
1.7694001197814941
1.2727831602096558
0.0
1.88860023021698
0.0
0.7086511850357056
1.3819406032562256
1.8275011777877808
0.5257202386856079
1.1923177242279053
3.1852173805236816
0.0
1.9744046926498413
0.6063075661659241
0.25551027059555054
3.5045909881591797
0.14899608492851257
0.0
0.0
0.42588213086128235
0.1541338860988617
1.6220057010650635
1.2876840829849243
0.13313870131969452
2.9940783977508545
0.1809486746788025
1.8984237909317017
0.9484418630599976
0.6345949172973633
1.1913375854492188
0.0
1.1735424995422363
0.8039383292198181
3.3042373657226562
1.5089731216430664
0.5874531269073486
2.2176249027252197
1.543004035949707
0.8914492726325989
0.41666895151138306
0.0
1.672495722770691
1.8134994506835938
2.0221667289733887
1.8243792057037354
0.9137508273124695
0.0
0.19256815314292908
0.8793243765830994
0.0
0.9344128966331482
1.5955555438995361
2.0783329010009766
0.6459511518478394
2.1168830394744873
0.0
0.3527471721172333
1.4070110321044922
0.9710594415664673
0.9519197344779968
0.5580059289932251
0.0
2.162614107131958
0.1872917115688324
0.46626588702201843
0.6939038634300232
1.107258677482605
0.0
2.4404313564300537
1.3375874757766724
0.7696208953857422
1.1163290739059448
1.5622867345809937
1.826200246810913
0.0
2.4465901851654053
1.248271107673645
1.8434858322143555
0.521200954914093
0.5365763902664185
0.0
0.9636699557304382
1.3553000688552856
0.015159635804593563
0.0
1.8078534603118896
1.3905668258666992
2.3513331413269043
0.0
0.33511441946029663
0.7254279851913452
1.5896509885787964
0.2843390107154846
1.2152634859085083
0.0
0.04689033702015877
0.0
1.1982485055923462
0.2949475944042206
0.0
0.614014208316803
0.0
1.6370981931686401
0.7117593288421631
2.8131182193756104
1.562825322151184
0.5619068145751953
0.24244317412376404
0.5479364395141602
5.795992374420166
0.9381871223449707
0.45954734086990356
1.6379899978637695
1.6415255069732666
1.8815752267837524
0.2327231615781784
1.071563720703125
0.0
0.0
0.7990225553512573
0.0
0.10166174918413162
2.788424491882324
1.5835040807724
2.2238733768463135
0.0
0.5723949670791626
0.3227456212043762
1.1658514738082886
1.0367724895477295
0.0
2.114917278289795
0.16924619674682617
1.560786247253418
1.5423537492752075
0.47381898760795593
1.8971079587936401
1.660348892211914
0.6526111960411072
0.10028217732906342
0.7400646805763245
0.8477998971939087
0.009735207073390484
2.326724052429199
1.862388014793396
0.08542632311582565
2.6483757495880127
0.0
1.53000009059906
1.6277943849563599
0.24651913344860077
2.620197296142578
2.9085960388183594
1.5942926406860352
0.9978426694869995
2.167642831802368
0.7029425501823425
2.18617844581604
0.7990383505821228
2.122925281524658
1.4277843236923218
1.8524770736694336
0.564047634601593
0.9418501257896423
0.3044776916503906
0.47056829929351807
1.719820499420166
1.4532195329666138
1.4545834064483643
1.8220467567443848
0.3338284194469452
0.8097262382507324
2.030364990234375
2.293027400970459
1.7698441743850708
0.714502215385437
1.9732311964035034
1.0617949962615967
2.882066488265991
0.8330185413360596
0.0
1.5776801109313965
0.6416536569595337
2.463446855545044
0.6091936230659485
1.921155571937561
0.8622775673866272
0.0
0.0
1.6085724830627441
0.38565191626548767
1.1902720928192139
1.6867989301681519
0.40127137303352356
0.39781448245048523
3.2452003955841064
1.524783968925476
1.6183900833129883
0.6967423558235168
0.18619754910469055
0.20739875733852386
1.346423864364624
1.3146201372146606
0.5421327948570251
2.5392379760742188
2.4416747093200684
2.7161340713500977
1.95937180519104
2.19368052482605
2.0593526363372803
0.0
1.2641505002975464
0.0364561602473259
0.29727861285209656
1.4221231937408447
0.0
1.6239057779312134
0.0
0.8363350033760071
1.7089754343032837
1.8182786703109741
1.628697395324707
2.807647466659546
1.710188388824463
0.22013235092163086
0.0
0.0
0.0
1.4713128805160522
0.0
1.4217106103897095
0.7489765882492065
1.3006078004837036
1.8567631244659424
0.8406640291213989
0.0
2.1124565601348877
1.3152602910995483
1.9794471263885498
0.0
1.4755467176437378
0.6312671303749084
0.8292625546455383
0.8936278223991394
2.601231813430786
1.6578750610351562
2.3851585388183594
0.0
0.0
1.2893651723861694
1.5140960216522217
1.9013811349868774
1.9255480766296387
0.23468923568725586
2.4816513061523438
1.136864423751831
1.1959809064865112
0.9492777585983276
1.77169930934906
0.0
1.494987964630127
0.2454407811164856
1.3899160623550415
0.6610632538795471
1.3937758207321167
0.9180324077606201
2.6000871658325195
2.163241386413574
1.032173991203308
2.0079751014709473
1.745661735534668
3.5849478244781494
1.4429280757904053
1.3747162818908691
0.710014283657074
1.724190592765808
0.7631847858428955
0.16813595592975616
1.7452601194381714
0.5675652623176575
0.6379748582839966
2.0581576824188232
1.4518239498138428
2.127333402633667
2.2395153045654297
2.0267655849456787
1.1729241609573364
1.1062912940979004
1.709680438041687
0.45169797539711
0.7372937202453613
0.07397304475307465
0.0
0.0
1.2867802381515503
0.4802888333797455
0.1009957492351532
1.1047215461730957
0.758966326713562
0.0
0.049364086240530014
0.0
0.0
0.0
0.9928624629974365
2.2096805572509766
1.9846644401550293
0.43024060130119324
0.9259135127067566
0.0
1.1677387952804565
1.6080987453460693
2.472691535949707
1.0432580709457397
0.9669364094734192
0.8744720220565796
2.1431307792663574
0.0
2.3716635704040527
0.7468038201332092
0.9004940390586853
0.8799745440483093
1.8715217113494873
0.8800855875015259
2.529254913330078
1.0711989402770996
0.5215181112289429
0.23294517397880554
2.6947591304779053
1.1374036073684692
0.21561299264431
0.0
1.3062533140182495
0.0
0.0
2.8071398735046387
1.0680433511734009
0.6275089383125305
0.0
0.0
0.8542158603668213
0.31453028321266174
0.0
2.1947906017303467
0.0
0.9857434034347534
0.7356399297714233
0.0
0.49186477065086365
0.0
0.0
0.0
0.0
2.041069269180298
0.0
2.3682663440704346
1.4247078895568848
0.0
1.1218950748443604
0.067092664539814
0.7500866651535034
0.3783257305622101
1.7875412702560425
1.3061738014221191
0.40463313460350037
0.23533962666988373
0.8658614754676819
1.1056252717971802
0.7395573258399963
0.960577666759491
0.03764545917510986
1.5097194910049438
0.0
1.2837228775024414
1.2977852821350098
1.555214524269104
0.2606004774570465
0.509996771812439
0.5875007510185242
0.0
0.01533113606274128
0.4703938364982605
0.09522370994091034
2.8747246265411377
1.8431212902069092
2.113138437271118
2.721684455871582
0.0
2.223173141479492
0.1252889633178711
0.05494588986039162
2.2895545959472656
0.5858197808265686
0.0
3.1786630153656006
1.3652585744857788
0.0
0.0
1.494433045387268
1.536994218826294
2.6808996200561523
0.06756124645471573
0.0
2.264357089996338
1.2732857465744019
2.3162553310394287
0.922012448310852
1.3287866115570068
0.8884425163269043
2.325852632522583
1.3546814918518066
0.0
2.1759839057922363
0.0
1.042068600654602
1.6051640510559082
0.7133449912071228
0.0
1.6420811414718628
1.4430075883865356
1.2442983388900757
2.2948732376098633
0.5425766110420227
0.3949918746948242
1.485949158668518
2.3538711071014404
1.9367271661758423
2.1508026123046875
0.21071310341358185
0.0
0.21266351640224457
0.7555097937583923
0.0
0.9893907308578491
1.3085204362869263
0.0
0.5898793935775757
0.0
0.0
1.899398922920227
1.4286565780639648
0.0
1.292215347290039
1.8662887811660767
2.011415719985962
1.0857083797454834
1.1304421424865723
0.4447365999221802
1.943603754043579
0.9978107810020447
0.6688650250434875
1.9186499118804932
0.0
4.036678314208984
0.0
0.0
0.5732449293136597
0.9308449625968933
0.0
1.2565560340881348
0.8175757527351379
0.23725837469100952
3.3132739067077637
2.0579919815063477
0.24672521650791168
2.130378007888794
0.31372272968292236
0.8070781826972961
1.2924096584320068
0.5602418780326843
1.8830318450927734
0.2382097989320755
0.0
0.0
1.6745887994766235
1.1081287860870361
0.1021692305803299
1.197914958000183
1.4663811922073364
0.0
0.0
0.0
0.0
0.0
1.7433624267578125
1.9212030172348022
1.9658734798431396
0.0
1.414797067642212
1.988502025604248
0.7775670886039734
0.9767997860908508
1.56265127658844
0.2857661545276642
1.4634159803390503
0.4439277946949005
0.0
0.06937611848115921
0.0
0.5594806671142578
1.8466415405273438
2.6428258419036865
2.3276047706604004
0.22763293981552124
2.83657169342041
0.6522306203842163
0.7892342805862427
0.11510567367076874
0.0
1.8302925825119019
0.05177440121769905
1.500585675239563
0.0
1.6161541938781738
1.0426872968673706
0.17709539830684662
4.008702754974365
2.6907644271850586
1.3538404703140259
0.8999390006065369
2.5171399116516113
1.5210891962051392
1.0942554473876953
1.0829969644546509
0.0
2.0199666023254395
2.882209062576294
1.7300106287002563
0.0
1.0453513860702515
1.5543261766433716
0.4144483208656311
0.0
3.628674268722534
2.2362735271453857
2.1066555976867676
2.0034234523773193
0.33016684651374817
2.9064393043518066
0.5176330208778381
0.16729553043842316
1.590512990951538
1.8119455575942993
0.13477200269699097
0.0
1.6501648426055908
1.4722591638565063
1.4502860307693481
0.8542380928993225
0.9561999440193176
0.0
0.0
0.9238361120223999
1.5111942291259766
1.6752548217773438
0.0
3.726577043533325
1.702988862991333
1.5935255289077759
1.305825114250183
0.043144453316926956
2.195892572402954
0.0
1.581236481666565
1.5090850591659546
0.9349308013916016
0.936648964881897
0.37348929047584534
1.1920162439346313
1.250070333480835
2.0647759437561035
1.1244480609893799
0.0
1.9409925937652588
0.2243979424238205
1.4983654022216797
0.0
1.7736499309539795
0.0
1.517822504043579
1.653292179107666
0.3717925548553467
0.4458770751953125
2.4976038932800293
1.45426607131958
0.5734351873397827
0.4133230745792389
0.0
1.914559006690979
0.49310165643692017
0.5970944762229919
0.08976873755455017
1.5782076120376587
2.002297878265381
0.0
0.0
3.8044557571411133
1.8293571472167969
1.0070240497589111
1.6774908304214478
0.0
2.245915174484253
2.94273042678833
0.21746815741062164
1.2069917917251587
0.2507093846797943
0.9985878467559814
0.16230043768882751
2.206684112548828
1.0711979866027832
0.0
1.2089508771896362
0.5727057456970215
1.916953444480896
1.0939701795578003
0.271746963262558
0.46476447582244873
2.94881010055542
0.2034979909658432
0.0
1.5517414808273315
2.411719799041748
0.3268049955368042
1.1491855382919312
1.0784448385238647
1.7406506538391113
0.15323004126548767
0.15330931544303894
0.0
0.8666813969612122
2.192517042160034
1.9856945276260376
1.8716791868209839
0.41118231415748596
0.0
1.6057994365692139
0.0
1.7573072910308838
1.2270137071609497
1.834431529045105
1.1828349828720093
0.5400078296661377
0.0
0.7024351358413696
0.0
0.46792006492614746
1.1002962589263916
3.144395112991333
0.0
1.9019683599472046
0.9276418685913086
0.8907598257064819
1.5518683195114136
0.0
1.3752644062042236
0.5852329134941101
0.8475398421287537
0.15825684368610382
1.2178635597229004
0.8060790300369263
1.884905457496643
2.1233532428741455

AGNA
4.2393693923950195
7.591609954833984
5.440250873565674
7.23852014541626
16.821184158325195
14.241349220275879
19.057838439941406
0.0
9.34084701538086
3.388535261154175
7.570906639099121
13.693245887756348
3.7232892513275146
13.684056282043457
13.724727630615234
7.873449325561523
7.902122497558594
8.944568634033203
6.017758846282959
19.35125160217285
6.345293045043945
10.064704895019531
0.0
14.865412712097168
0.0
11.955586433410645
5.330082893371582
8.574788093566895
4.428178787231445
14.137472152709961
13.864262580871582
4.440986633300781
3.910736322402954
4.090644836425781
11.206591606140137
0.0
0.0
0.0
15.704915046691895
7.237999439239502
12.666657447814941
13.032857894897461
8.058267593383789
11.173933982849121
6.709979057312012
12.244564056396484
9.01551628112793
3.392416000366211
7.871245384216309
0.0
10.08454418182373
6.926860809326172
0.0
0.0
8.683065414428711
6.264649868011475
0.8454086780548096
0.0
0.0
0.0
10.666850090026855
1.8683500289916992
11.602631568908691
0.0
17.875288009643555
0.0
10.997171401977539
12.554769515991211
6.482022285461426
4.099722862243652
4.047906875610352
5.642704963684082
4.829855442047119
8.559046745300293
3.783444881439209
9.158405303955078
11.9396333694458
0.0
4.127630233764648
7.181052207946777
7.63673734664917
1.3467977046966553
11.846907615661621
9.59781265258789
9.56287670135498
0.0
9.253442764282227
0.0
8.221179962158203
10.372452735900879
8.205056190490723
0.0
7.318380832672119
11.944098472595215
3.8038976192474365
8.867856979370117
18.957468032836914
3.120459794998169
15.871456146240234
9.681172370910645
7.535660743713379
2.8196260929107666
16.926607131958008
8.166028022766113
16.578474044799805
18.03366470336914
0.0
10.470324516296387
8.245794296264648
12.191234588623047
3.3178279399871826
13.207066535949707
0.0
7.690672874450684
9.951179504394531
5.8153533935546875
7.4237823486328125
4.3065714836120605
9.378632545471191
0.0
4.180103302001953
0.0
18.240076065063477
9.268037796020508
4.198746681213379
0.0
5.343262672424316
6.186711311340332
3.1579816341400146
0.0
7.903107166290283
12.83445930480957
7.339143753051758
16.512250900268555
10.937797546386719
5.497237682342529
12.27675724029541
9.290810585021973
4.402138710021973
0.0
13.119657516479492
10.775200843811035
11.632490158081055
0.0
8.689874649047852
1.8441152572631836
16.237062454223633
0.0
8.051493644714355
8.820283889770508
7.984679222106934
8.9047212600708
11.880610466003418
5.733760356903076
7.730174541473389
4.922740459442139
6.3293232917785645
11.771459579467773
0.0
10.793478965759277
15.893634796142578
5.279539108276367
9.193909645080566
18.437406539916992
0.0
0.0
5.393276214599609
0.0
2.967535972595215
8.336831092834473
13.547589302062988
4.696460247039795
1.8233577013015747
7.9357123374938965
9.048489570617676
14.725966453552246
1.6949588060379028
9.157190322875977
3.571791410446167
10.066181182861328
8.66025161743164
7.371932029724121
9.803865432739258
3.8437764644622803
0.0
8.571170806884766
13.29835319519043
3.871046304702759
0.0
0.0
4.834625720977783
5.816410541534424
9.316563606262207
8.525262832641602
3.3112401962280273
2.13376784324646
10.466175079345703
4.9867963790893555
13.891181945800781
8.24152946472168
8.073898315429688
3.2915587425231934
9.176982879638672
13.198201179504395
11.227705955505371
0.0
7.3181471824646
6.372819423675537
12.229214668273926
9.188782691955566
0.0
3.3801074028015137
9.983560562133789
0.0
4.788488388061523
14.698999404907227
15.252126693725586
14.233529090881348
0.0
4.668981075286865
12.575766563415527
13.945781707763672
12.841938972473145
8.562508583068848
2.712932586669922
8.661761283874512
0.0
8.091588973999023
3.617716073989868
6.571204662322998
15.006479263305664
18.630634307861328
4.523891448974609
3.3216865062713623
5.823991775512695
11.764654159545898
3.5308356285095215
0.0
2.790262222290039
10.023137092590332
1000
15.036652565002441
3.1581969261169434
13.040276527404785
8.597827911376953
0.0
9.455207824707031
0.0
9.629250526428223
2.1262917518615723
7.3640875816345215
0.0
12.420500755310059
8.261302947998047
0.0
6.660307884216309
1.3591293096542358
13.53615951538086
1.7917448282241821
14.277451515197754
4.978072643280029
1000
0.0
2.0638234615325928
0.0
6.803652286529541
2.1445839405059814
11.605132102966309
7.687585830688477
6.999728679656982
2.58064603805542
0.0
15.028494834899902
1.6005074977874756
6.9790778160095215
0.7355703115463257
6.561163902282715
0.0
5.126945972442627
0.0
13.861774444580078
6.915271282196045
10.494903564453125
13.951725006103516
0.0
14.648837089538574
1000
0.0
12.611675262451172
11.283811569213867
1000
4.577718257904053
15.825716972351074
0.0
2.1718475818634033
0.0
11.318140983581543
15.759171485900879
11.614908218383789
16.91570472717285
18.632173538208008
10.41794490814209
0.5567864775657654
6.378026485443115
15.332130432128906
15.006695747375488
0.0
3.623321771621704
1000
0.0
9.353536605834961
18.634469985961914
0.0
5.888627529144287
0.0
13.814225196838379
0.0
7.465757846832275
8.407712936401367
6.6811017990112305
8.082849502563477
11.953786849975586
4.488680362701416
2.1179471015930176
0.0
6.903435230255127
2.786256790161133
5.909219741821289
7.227736949920654
10.943049430847168
16.49706268310547
17.9650821685791
0.0
16.634309768676758
12.338693618774414
13.74679946899414
7.142421245574951
8.54400634765625
12.522029876708984
8.027128219604492
0.0
17.190608978271484
0.0
5.922371864318848
7.668000221252441
12.329228401184082
2.5540735721588135
14.685709953308105
11.205083847045898
0.0
10.644498825073242
5.38681697845459
5.15553092956543
16.413076400756836
1.1493030786514282
0.0
0.0
3.446983575820923
1.5860517024993896
7.426985263824463
10.47382926940918
1.9516316652297974
10.151985168457031
2.5408291816711426
13.168595314025879
8.895394325256348
10.968265533447266
7.7657365798950195
0.0
10.734963417053223
7.245300769805908
14.280671119689941
12.474421501159668
6.3537797927856445
9.998152732849121
9.224386215209961
7.69471549987793
7.253468036651611
0.0
15.67220687866211
11.77004337310791
14.959467887878418
13.561318397521973
12.27951717376709
0.0
1.8642264604568481
8.260571479797363
0.0
5.413835525512695
6.275388717651367
1000
6.032037258148193
19.475662231445312
0.0
9.803021430969238
15.86976146697998
7.6680073738098145
5.286552429199219
3.894148111343384
0.0
21.241113662719727
4.097451210021973
4.68391752243042
3.3730967044830322
6.243927001953125
0.0
10.284075736999512
8.8555269241333
4.111822605133057
13.614299774169922
8.934895515441895
10.497004508972168
0.0
16.955230712890625
1000
13.93739128112793
12.103840827941895
10.454633712768555
0.0
4.941626071929932
6.243114471435547
0.3165627121925354
0.0
11.549894332885742
4.8783416748046875
15.476483345031738
0.0
4.704663276672363
9.63106632232666
15.366652488708496
3.001211166381836
6.469059944152832
0.0
0.8688918352127075
0.0
10.868180274963379
8.77590274810791
0.0
4.2828898429870605
0.0
11.660109519958496
3.6056129932403564
13.45205020904541
14.831904411315918
5.060038089752197
4.808963775634766
3.4074862003326416
10.588098526000977
9.413125991821289
2.9115867614746094
9.007404327392578
10.111377716064453
12.268471717834473
3.2854459285736084
8.764397621154785
0.0
0.0
6.362022876739502
0.0
1.886236548423767
13.069558143615723
16.87049102783203
1000
0.0
2.5948662757873535
3.445399522781372
10.242677688598633
5.101248264312744
0.0
11.107845306396484
2.7240378856658936
8.585976600646973
9.5795316696167
4.700415134429932
13.167147636413574
10.890247344970703
17.590593338012695
1.9032576084136963
3.648984670639038
3.8925015926361084
0.3616422712802887
12.671878814697266
7.269986629486084
1.253014326095581
8.75831413269043
0.0
10.741036415100098
14.261837005615234
2.263051748275757
7.784364223480225
1000
6.244965553283691
4.981411933898926
13.705552101135254
6.642611026763916
8.333274841308594
6.264299392700195
13.61877155303955
11.647538185119629
9.663986206054688
4.42293643951416
11.950214385986328
9.794256210327148
2.9721195697784424
15.9209623336792
8.253683090209961
7.426161766052246
8.06845760345459
4.419494152069092
4.852505207061768
8.592278480529785
19.06673812866211
19.43727684020996
5.709200859069824
12.186931610107422
3.7076358795166016
10.126455307006836
7.815766334533691
0.0
7.080662250518799
7.216987133026123
11.425174713134766
8.55887508392334
8.588677406311035
8.030647277832031
0.0
0.0
11.010384559631348
4.767505645751953
11.818778038024902
11.120782852172852
5.417036056518555
9.493890762329102
8.834903717041016
11.738053321838379
18.542869567871094
17.699783325195312
1.278745412826538
13.856527328491211
10.281256675720215
14.48729133605957
5.427334785461426
20.65233039855957
9.770551681518555
9.62587833404541
12.995709419250488
13.836526870727539
12.140361785888672
0.0
7.862163066864014
0.5247291326522827
6.9170989990234375
5.87501859664917
0.0
9.422144889831543
0.0
13.381942749023438
12.272377967834473
8.373589515686035
5.016613483428955
8.384064674377441
7.061488628387451
19.458179473876953
0.0
0.0
0.0
12.591856002807617
0.0
13.637678146362305
4.3984055519104
11.378942489624023
12.987654685974121
1000
0.0
19.91194725036621
14.674050331115723
10.214587211608887
0.0
9.896141052246094
4.966095924377441
3.9585165977478027
10.575682640075684
11.244621276855469
6.584867477416992
7.469305515289307
0.0
0.0
6.382201194763184
7.339646339416504
11.560076713562012
12.114133834838867
4.34992790222168
10.38512897491455
17.593826293945312
7.385038375854492
5.307297706604004
9.112934112548828
0.0
7.552999496459961
1.6071043014526367
9.294471740722656
4.358390808105469
10.07136058807373
4.1523213386535645
13.859895706176758
13.807760238647461
10.011133193969727
9.78654956817627
7.467642784118652
13.76141357421875
15.442294120788574
15.543819427490234
8.95319652557373
6.457537651062012
3.426852226257324
2.287940502166748
19.463260650634766
18.40597915649414
5.434683322906494
12.874061584472656
5.958113193511963
10.649621963500977
15.732085227966309
10.832525253295898
13.158539772033691
9.175500869750977
16.416454315185547
2.6324496269226074
10.485504150390625
2.186077117919922
0.0
0.0
10.55692195892334
4.084704399108887
2.9095401763916016
8.479293823242188
6.012241840362549
0.0
6.602670669555664
0.0
0.0
0.0
5.360302925109863
12.307600021362305
7.932422637939453
4.370814800262451
4.1581926345825195
0.0
8.531813621520996
9.606313705444336
10.895976066589355
7.816447734832764
7.832653522491455
20.513946533203125
19.588563919067383
0.0
12.886873245239258
11.267901420593262
2.987825393676758
7.54318904876709
13.593969345092773
4.138791084289551
13.743006706237793
11.808788299560547
7.22080135345459
4.061973571777344
14.373778343200684
8.48967456817627
2.6387782096862793
0.0
15.507205963134766
0.0
0.0
8.761783599853516
4.590824127197266
9.160033226013184
0.0
0.0
12.194021224975586
3.4284780025482178
0.0
14.73144817352295
0.0
5.459644317626953
18.587329864501953
0.0
3.1550240516662598
0.0
0.0
0.0
0.0
13.374619483947754
0.0
9.95028305053711
6.259184837341309
0.0
7.526784420013428
1.002596378326416
10.334171295166016
3.9975643157958984
9.600077629089355
12.561788558959961
4.022192001342773
2.23235821723938
6.251942157745361
5.347502708435059
4.635359287261963
11.283169746398926
0.6504126787185669
8.433576583862305
0.0
5.047458171844482
8.417747497558594
6.588998317718506
4.9727606773376465
4.091325759887695
3.290384292602539
0.0
0.2923382818698883
3.7931630611419678
6.131842136383057
10.481829643249512
10.255498886108398
19.188854217529297
8.848969459533691
0.0
1000
1.9155936241149902
12.446163177490234
9.61961841583252
9.23261547088623
0.0
13.906134605407715
15.337414741516113
0.0
0.0
12.299919128417969
11.922039031982422
1000
1.3873933553695679
0.0
11.032869338989258
12.000435829162598
11.798602104187012
9.446784019470215
6.495375156402588
19.123437881469727
17.84362030029297
13.182843208312988
0.0
10.294445991516113
0.0
14.90082836151123
8.221304893493652
4.427799224853516
0.0
13.897479057312012
6.503632068634033
4.205461502075195
14.032010078430176
4.3888397216796875
7.23297643661499
13.018664360046387
12.416318893432617
10.04482650756836
7.62825870513916
2.8079440593719482
0.0
3.6827406883239746
7.203378200531006
0.0
11.253435134887695
18.053375244140625
0.0
9.772987365722656
0.0
0.0
13.824605941772461
3.994152545928955
0.0
7.129575252532959
16.535470962524414
11.74920654296875
12.786596298217773
6.739549160003662
7.66802978515625
10.7606782913208
6.5045695304870605
13.096522331237793
10.209341049194336
0.0
15.049964904785156
0.0
0.0
6.266149520874023
7.7369232177734375
0.0
7.630073070526123
4.890305519104004
2.172391176223755
12.297548294067383
11.828722953796387
8.643132209777832
11.027796745300293
1.8806636333465576
2.927734613418579
5.179082870483398
3.0582144260406494
10.498453140258789
3.8337996006011963
0.0
0.0
9.886220932006836
9.090611457824707
3.8055977821350098
7.6281046867370605
15.967365264892578
0.0
0.0
0.0
0.0
0.0
9.757857322692871
9.474386215209961
11.113125801086426
0.0
7.5715813636779785
11.566426277160645
4.255764007568359
9.313911437988281
1000
2.0058562755584717
12.245702743530273
3.256803512573242
0.0
8.077106475830078
0.0
5.017127990722656
9.772880554199219
13.561829566955566
14.53376579284668
7.567632675170898
10.68212890625
4.123875141143799
10.522927284240723
1.689712643623352
0.0
11.510263442993164
0.5006185173988342
3.912179708480835
0.0
13.677510261535645
9.23885440826416
2.6257550716400146
8.231156349182129
8.952899932861328
9.362796783447266
5.439650535583496
12.975796699523926
7.391739845275879
6.507625102996826
17.527048110961914
0.0
1000
10.79249095916748
14.099705696105957
0.0
9.496439933776855
11.41225814819336
3.8291609287261963
0.0
17.676921844482422
6.290639400482178
5.577194690704346
11.538949012756348
5.958516597747803
8.49777889251709
6.386862754821777
1.8132840394973755
9.729751586914062
6.955526351928711
4.04787015914917
0.0
15.309938430786133
16.52301025390625
8.994385719299316
5.482632637023926
9.926132202148438
0.0
0.0
7.373453140258789
18.57139778137207
13.687030792236328
0.0
1000
1000
7.572736740112305
10.42745590209961
0.5332353115081787
10.564764022827148
0.0
17.314863204956055
14.585075378417969
4.131434917449951
5.929984092712402
3.0060436725616455
7.168980598449707
9.40772533416748
5.1463942527771
11.552438735961914
0.0
11.583067893981934
4.138666152954102
9.28743839263916
0.0
13.779475212097168
0.0
7.926584720611572
8.807345390319824
2.3268184661865234
9.6596097946167
15.07375717163086
16.523847579956055
10.480981826782227
3.7209041118621826
0.0
9.52232551574707
7.39796781539917
4.440251350402832
3.509699821472168
10.736822128295898
11.831137657165527
0.0
0.0
14.070831298828125
9.026927947998047
7.896832466125488
9.803831100463867
0.0
11.444148063659668
15.401845932006836
2.8873610496520996
5.0511369705200195
1.822967767715454
8.64908504486084
3.356252431869507
11.923721313476562
12.360912322998047
0.0
8.405128479003906
3.5187485218048096
10.972513198852539
12.988691329956055
7.524673938751221
4.186059951782227
11.03105640411377
2.069533348083496
0.0
11.340883255004883
7.509705543518066
1000
10.560063362121582
10.391877174377441
17.35411262512207
15.458065032958984
16.43549346923828
0.0
14.158928871154785
1000
11.49628734588623
10.311013221740723
2.6094021797180176
0.0
1000
0.0
8.394092559814453
6.031103610992432
7.321183681488037
1000
7.772746562957764
0.0
10.393896102905273
0.0
5.80665397644043
9.767306327819824
11.663920402526855
0.0
1000
12.047536849975586
10.248358726501465
14.630271911621094
0.0
8.523055076599121
6.1691083908081055
10.041642189025879
1.5959779024124146
5.330265998840332
5.7610602378845215
9.790946006774902
7.3885979652404785

DeepFool
0.07876580953598022
1.6760879755020142
0.6960083842277527
1.6794501543045044
0.7963613867759705
1.6953538656234741
0.6475099921226501
0.0
0.3391834795475006
0.2462005764245987
0.8171966671943665
2.6229114532470703
0.30010345578193665
3.9189443588256836
1.5001471042633057
2.220294237136841
1.0523016452789307
2.0353941917419434
0.40947937965393066
1.8240675926208496
0.3940597176551819
3.4853782653808594
0.0
4.361110210418701
0.0
1.019793152809143
0.18425454199314117
0.7225521802902222
0.4460643231868744
2.0071680545806885
0.9326284527778625
0.4421125054359436
0.2084127962589264
0.6441883444786072
2.953521490097046
0.0
0.0
0.0
2.4297173023223877
1.4736459255218506
2.514301061630249
1.9424442052841187
1.6410937309265137
0.28433457016944885
1.8547106981277466
1.724778652191162
0.4214739203453064
0.1799318641424179
0.4033685028553009
0.0
2.0744688510894775
1.4149216413497925
0.0
0.0
2.3470265865325928
2.2848544120788574
0.03260928392410278
0.0
0.0
0.0
2.9582953453063965
0.08559980988502502
1.50507652759552
0.0
1.0204914808273315
0.0
0.6206802129745483
2.238039016723633
0.8517033457756042
0.44400063157081604
0.36233386397361755
0.7820805907249451
0.928371012210846
2.5186972618103027
0.2549321949481964
2.231701135635376
1.2590720653533936
0.0
0.9377672672271729
1.1378538608551025
1.3621824979782104
0.07505395263433456
2.9868054389953613
1.8382190465927124
1.7394713163375854
0.0
0.6348044276237488
0.0
1.3167916536331177
1.9750981330871582
1.104784369468689
0.0
2.316132068634033
1.2805300951004028
1.0530511140823364
0.6722051501274109
2.567803144454956
0.8431724309921265
4.151797294616699
2.9732656478881836
0.0832785815000534
0.22955329716205597
1.9496268033981323
2.040487766265869
2.9176111221313477
3.38460373878479
0.0
1.442847728729248
1.4471991062164307
1.859175443649292
0.4642491936683655
1.9704999923706055
0.0
0.8701634407043457
1.124437928199768
0.5865685343742371
1.7831345796585083
0.536635160446167
0.5245992541313171
0.0
1.1173994541168213
0.0
2.0038278102874756
2.044431447982788
0.8575117588043213
0.0
1.5651602745056152
1.0316760540008545
0.3535093069076538
0.0
0.6219773292541504
4.1734795570373535
0.8950026035308838
3.7424283027648926
2.0983617305755615
0.96428382396698
2.2301602363586426
1.9458738565444946
1.080890417098999
0.0
1.137594223022461
3.97434663772583
2.505460739135742
0.0
1.718605399131775
0.11275637149810791
2.236117124557495
0.0
1.1188032627105713
1.254485011100769
1.9322028160095215
0.7008839249610901
0.8939059376716614
1.1437863111495972
2.619783639907837
0.9469236731529236
0.8371665477752686
1.4027048349380493
0.0
1.3412829637527466
1.0059535503387451
1.3106211423873901
0.5174411535263062
1.17979896068573
0.0
0.0
1.4038671255111694
0.0
0.4725607931613922
1.100286602973938
1.8347582817077637
0.6692512631416321
0.12654754519462585
1.1613824367523193
1.5765019655227661
3.5324699878692627
0.07681971788406372
1.6309107542037964
0.5186172723770142
2.322988510131836
3.0410349369049072
1.8173929452896118
1.8622504472732544
0.4651643931865692
0.0
2.1502511501312256
0.5431647300720215
0.20812629163265228
0.0
0.0
0.8600545525550842
0.40627023577690125
1.2430459260940552
1.874484896659851
0.6532683372497559
0.21337361633777618
2.364983081817627
0.6952154040336609
3.1333978176116943
0.8648199439048767
0.5771616101264954
0.661650538444519
2.4238739013671875
2.8159496784210205
2.374028444290161
0.0
1.0879110097885132
1.2794195413589478
3.6025640964508057
0.9925133585929871
0.0
0.2563783824443817
1.525066614151001
0.0
0.6882626414299011
1.2029391527175903
5.272907733917236
1.039396047592163
0.0
0.8265023827552795
1.0711629390716553
0.29091185331344604
2.046736478805542
0.7956598997116089
0.2964249849319458
0.4241604804992676
0.0
0.8729762434959412
0.49209514260292053
0.7288969159126282
2.049955129623413
6.131903648376465
0.26972585916519165
0.18750227987766266
1.6741455793380737
4.354842185974121
0.751179039478302
0.0
0.4440225660800934
1.6792043447494507
3.5833654403686523
2.3384547233581543
0.3864962160587311
1.7178163528442383
2.374223232269287
0.0
1.4400262832641602
0.0
2.1166741847991943
0.08867383748292923
0.8129287958145142
0.0
3.3166348934173584
0.6557531356811523
0.0
0.6047924757003784
0.10303569585084915
2.5034661293029785
0.11216223239898682
1.7914516925811768
0.5882182717323303
1.3489712476730347
0.0
0.21234364807605743
0.0
1.5358495712280273
0.20941340923309326
2.771512508392334
1.7900347709655762
0.34752321243286133
0.4483128488063812
0.0
3.3931052684783936
0.1077602207660675
1.0252652168273926
0.046848393976688385
0.8264639377593994
0.0
0.6137531399726868
0.0
1.9171442985534668
0.5037907361984253
2.727508068084717
2.5254697799682617
0.0
2.5997514724731445
1.9443424940109253
0.0
2.882075548171997
2.427868604660034
3.9521384239196777
1.808064579963684
2.247206449508667
0.0
0.15811116993427277
0.0
2.3123300075531006
5.228279113769531
2.1273274421691895
2.4899532794952393
1.9817984104156494
1.5409573316574097
0.023694301024079323
0.8213150501251221
1.2333706617355347
1.0596100091934204
0.0
0.392425537109375
1.180046558380127
0.0
1.4582222700119019
3.7260067462921143
0.0
1.9755306243896484
0.0
4.0753021240234375
0.0
1.4852198362350464
1.789854884147644
1.1834063529968262
0.032967329025268555
0.8617667555809021
0.9617180824279785
0.5299084186553955
0.0
0.9322843551635742
0.36223137378692627
0.7837244868278503
0.5548983216285706
0.06551223248243332
3.1727678775787354
2.5116336345672607
0.0
2.366276502609253
2.033336639404297
1.731690764427185
1.5311024188995361
1.5740972757339478
1.6380844116210938
1.2956465482711792
0.0
2.2490673065185547
0.0
0.6857056617736816
1.7483129501342773
2.140890598297119
0.37327003479003906
1.1999211311340332
3.923332691192627
0.0
2.6006033420562744
0.6629486680030823
0.24442940950393677
5.085929870605469
0.13029256463050842
0.0
0.0
0.3720695972442627
0.15536823868751526
1.9211535453796387
1.4165958166122437
0.1399729698896408
3.6960742473602295
0.19289736449718475
2.5736255645751953
0.7897254228591919
0.6654506325721741
1.020499348640442
0.0
1.2918869256973267
0.7067176103591919
2.880972146987915
1.5542939901351929
0.37730294466018677
2.80657696723938
1.7728992700576782
1.0103092193603516
0.4241023063659668
0.0
1.9354023933410645
2.175117015838623
2.3335013389587402
2.4256393909454346
1.02189040184021
0.0
0.20677299797534943
0.9326085448265076
0.0
1.0304032564163208
1.6481568813323975
2.26499080657959
0.6764736771583557
2.483051061630249
0.0
0.3695319890975952
1.4470454454421997
1.0352357625961304
1.0212582349777222
0.5963806509971619
0.0
2.5620269775390625
0.19519959390163422
0.47331058979034424
0.8037527203559875
1.2450759410858154
0.0
3.0448760986328125
1.3787347078323364
0.8319257497787476
1.246976613998413
2.394897222518921
2.0398519039154053
0.0
2.717719793319702
1.4695827960968018
2.2364516258239746
0.5348800420761108
0.573889434337616
0.0
1.0303986072540283
1.3437018394470215
0.0138114457949996
0.0
2.3105828762054443
1.7215696573257446
2.5597474575042725
0.0
0.3070654571056366
0.7235618233680725
2.1053407192230225
0.2584085464477539
1.6201481819152832
0.0
0.04698480665683746
0.0
1.3135261535644531
0.29787373542785645
0.0
0.6516405940055847
0.0
1.9773920774459839
0.6747554540634155
2.8582823276519775
1.9002605676651
0.5588868260383606
0.22027815878391266
0.5937720537185669
7.133326530456543
1.1468887329101562
0.504489541053772
1.8464027643203735
1.9881247282028198
2.334548234939575
0.10564230382442474
1.1849933862686157
0.0
0.0
0.777294933795929
0.0
0.08777265250682831
3.014664649963379
2.190826416015625
2.483795404434204
0.0
0.3544725179672241
0.2739638388156891
1.2882423400878906
1.0087683200836182
0.0
2.719508171081543
0.08362583070993423
1.1522608995437622
1.8886680603027344
0.4224424660205841
2.3008193969726562
2.144692897796631
0.7636012434959412
0.08586069941520691
0.7378364205360413
0.5198818445205688
0.010198650881648064
2.6276967525482178
2.728656530380249
0.06804922968149185
2.9794232845306396
0.0
1.7322160005569458
1.8918888568878174
0.25323766469955444
2.701343297958374
3.729250907897949
1.8999061584472656
1.2009485960006714
3.019547700881958
0.7602043747901917
2.3637917041778564
0.8834192156791687
2.590588092803955
1.2253700494766235
2.5084588527679443
0.48236972093582153
1.0466009378433228
0.3010859191417694
0.4054027199745178
1.495612382888794
1.5104783773422241
1.7746188640594482
2.143388271331787
0.36952900886535645
0.8303489685058594
2.683293342590332
2.7289607524871826
1.9575766324996948
0.8069624900817871
2.2800261974334717
0.7566006183624268
4.096328258514404
0.9049198627471924
0.0
1.8663442134857178
0.6777734160423279
3.0002875328063965
0.6465997099876404
2.2875633239746094
0.8219823837280273
0.0
0.0
1.8286902904510498
0.38975510001182556
1.3016502857208252
2.0720486640930176
0.4397156834602356
0.42024514079093933
2.753835439682007
1.7904529571533203
1.6393189430236816
0.7505449652671814
0.1813809871673584
0.22359488904476166
1.4069311618804932
1.5698307752609253
0.6644618511199951
3.418738842010498
2.6320552825927734
3.414461135864258
2.577059507369995
2.8808932304382324
1.752614974975586
0.0
1.4724221229553223
0.030168499797582626
0.30534669756889343
1.8059370517730713
0.0
1.7265596389770508
0.0
0.9723966121673584
2.4821765422821045
2.1359126567840576
2.1855735778808594
2.9574270248413086
1.901039719581604
0.21862205862998962
0.0
0.0
0.0
1.644122838973999
0.0
1.6346358060836792
0.7952386140823364
1.746222734451294
2.3943216800689697
0.968291699886322
0.0
2.6735763549804688
1.7647523880004883
2.367952823638916
0.0
1.7921572923660278
0.6210648417472839
0.8368697762489319
0.9776360392570496
2.7163195610046387
1.3372045755386353
2.9084081649780273
0.0
0.0
0.7998825907707214
1.6674367189407349
2.021268129348755
2.3042030334472656
0.23809128999710083
3.0578081607818604
1.2514145374298096
1.3084132671356201
1.0084481239318848
1.7749475240707397
0.0
1.58014714717865
0.2086503654718399
1.713638424873352
0.6924350261688232
1.5981985330581665
0.9395691752433777
3.398470163345337
2.6575770378112793
1.1180192232131958
2.1892127990722656
1.5961997509002686
4.707155704498291
1.5337141752243042
1.6300108432769775
0.795389711856842
2.0868678092956543
0.7959908843040466
0.1491851955652237
2.1680169105529785
0.5736120939254761
0.688076376914978
2.7301547527313232
1.6274369955062866
2.3457539081573486
2.831645965576172
2.061351776123047
1.3603886365890503
1.2299301624298096
2.0009572505950928
0.3047771155834198
0.7850675582885742
0.07306433469057083
0.0
0.0
1.5790756940841675
0.5048459768295288
0.10751397162675858
1.1241710186004639
0.9059304594993591
0.0
0.05167938768863678
0.0
0.0
0.0
1.092543125152588
3.5875983238220215
2.0878334045410156
0.45282241702079773
0.6226229071617126
0.0
0.6521958708763123
1.8294976949691772
1.9382102489471436
1.1827640533447266
1.032071828842163
1.0466340780258179
2.6465723514556885
0.0
3.2675511837005615
0.830612301826477
0.7788143157958984
1.0005007982254028
1.797663688659668
0.31254440546035767
2.9647388458251953
1.0992332696914673
0.5365263223648071
0.2535336911678314
3.3195316791534424
1.3883821964263916
0.22020679712295532
0.0
1.5537140369415283
0.0
0.0
2.6486549377441406
0.8406068682670593
0.6468982100486755
0.0
0.0
0.8866990804672241
0.2852911651134491
0.0
2.6745572090148926
0.0
0.9231581687927246
0.8067623972892761
0.0
0.4948764741420746
0.0
0.0
0.0
0.0
2.4896204471588135
0.0
2.619274616241455
1.9362093210220337
0.0
1.63673996925354
0.06565780937671661
0.8693388104438782
0.32457417249679565
2.2926502227783203
1.5849770307540894
0.40004605054855347
0.23372972011566162
0.9326491355895996
1.1368858814239502
0.805417537689209
0.7962796688079834
0.03965763375163078
1.8289403915405273
0.0
1.6489732265472412
1.4838355779647827
1.8034545183181763
0.2515822649002075
0.39660197496414185
0.5980789661407471
0.0
0.011375023983418941
0.48691627383232117
0.09444491565227509
3.879838466644287
2.42987060546875
2.07140851020813
3.964627981185913
0.0
2.653923988342285
0.0777604728937149
0.05368882045149803
2.480450391769409
0.585583508014679
0.0
4.329422950744629
1.3078569173812866
0.0
0.0
1.7759360074996948
1.6858725547790527
3.097745180130005
0.056385066360235214
0.0
2.7848165035247803
1.3354332447052002
2.8998987674713135
1.0211350917816162
1.4209461212158203
0.9229974150657654
2.8361945152282715
1.5082345008850098
0.0
2.5965769290924072
0.0
1.5883440971374512
2.1743948459625244
0.7786370515823364
0.0
1.9143495559692383
1.9447904825210571
1.1289465427398682
2.9397079944610596
0.5230297446250916
0.39176174998283386
1.8585740327835083
2.7086691856384277
2.3455986976623535
2.4963932037353516
0.22672484815120697
0.0
0.16665323078632355
0.8230340480804443
0.0
1.0621414184570312
1.4465128183364868
0.0
0.6975843906402588
0.0
0.0
2.2557287216186523
1.6006284952163696
0.0
1.5044370889663696
2.3388636112213135
2.0255470275878906
1.1631665229797363
1.3913767337799072
0.47684988379478455
2.299952507019043
0.9165522456169128
0.6067333817481995
2.783966541290283
0.0
5.867904186248779
0.0
0.0
0.6884855628013611
1.3123892545700073
0.0
1.2732651233673096
0.9859369397163391
0.19035100936889648
3.776745080947876
2.5102133750915527
0.26748475432395935
2.428123950958252
0.23279397189617157
0.7644340395927429
1.5047663450241089
0.6499093770980835
1.978151559829712
0.2098519206047058
0.0
0.0
2.0635764598846436
1.1678228378295898
0.105471670627594
1.353702187538147
1.6537483930587769
0.0
0.0
0.0
0.0
0.0
1.9605357646942139
2.4563961029052734
2.981491804122925
0.0
1.5428378582000732
1.66733980178833
0.7790114879608154
1.0898582935333252
1.7672115564346313
0.2644917368888855
1.6290265321731567
0.46182894706726074
0.0
0.07009465247392654
0.0
0.590242862701416
2.7851309776306152
2.927967071533203
3.065877914428711
0.22927796840667725
3.574557304382324
0.6934235095977783
0.8610528707504272
0.09287505596876144
0.0
2.3606820106506348
0.04242585971951485
0.9610929489135742
0.0
1.8070517778396606
1.0682951211929321
0.18262167274951935
5.178327560424805
3.5962252616882324
1.5575275421142578
0.9999825358390808
3.0005624294281006
1.7006314992904663
0.61140376329422
1.2165422439575195
0.0
2.676769256591797
3.9261419773101807
1.814887523651123
0.0
1.2498571872711182
1.890506625175476
0.37712597846984863
0.0
4.919233798980713
2.4674110412597656
1.7519943714141846
2.6162827014923096
0.3527965247631073
2.587864875793457
0.5329916477203369
0.15809346735477448
1.9221042394638062
2.2424638271331787
0.13488008081912994
0.0
1.9346168041229248
1.5857770442962646
1.9751888513565063
0.9740082025527954
1.074823021888733
0.0
0.0
0.8876059651374817
1.7126606702804565
2.069559335708618
0.0
5.468661308288574
2.092390298843384
1.5529148578643799
1.6052972078323364
0.02667890675365925
2.5870862007141113
0.0
1.7651039361953735
1.754751443862915
0.9528422951698303
1.1076773405075073
0.3723891079425812
1.285667896270752
1.1396762132644653
2.755833625793457
1.2455029487609863
0.0
2.3786635398864746
0.22401577234268188
1.3782883882522583
0.0
2.2286558151245117
0.0
2.6050708293914795
1.997664213180542
0.40513381361961365
0.4155602753162384
3.4076778888702393
1.601392388343811
0.565471887588501
0.41218090057373047
0.0
2.51894211769104
0.4945474863052368
0.690542995929718
0.09354767948389053
1.1942743062973022
2.561422109603882
0.0
0.0
4.522907733917236
2.4502463340759277
1.1202268600463867
1.7053087949752808
0.0
2.741652488708496
3.966662883758545
0.2179512232542038
1.1677523851394653
0.17538835108280182
1.1315176486968994
0.17129851877689362
2.814870595932007
1.1888707876205444
0.0
1.3424540758132935
0.4438876807689667
2.2154135704040527
1.2499703168869019
0.27323535084724426
0.42495372891426086
3.4535136222839355
0.18865667283535004
0.0
2.0168063640594482
2.7378087043762207
0.3348124921321869
1.237608790397644
1.259472131729126
1.826109766960144
0.1674521416425705
0.14894741773605347
0.0
0.8328462243080139
2.746375322341919
2.1980791091918945
2.2281177043914795
0.40912073850631714
0.0
2.4453318119049072
0.0
2.134460926055908
1.2455962896347046
2.3787240982055664
1.5437989234924316
0.5677411556243896
0.0
0.8229402303695679
0.0
0.409013956785202
1.2472913265228271
4.2724528312683105
0.0
2.227970838546753
0.9080750346183777
1.01918625831604
1.8383618593215942
0.0
1.593520998954773
0.6217291951179504
0.915464460849762
0.10875441879034042
1.2856229543685913
0.7584437131881714
2.3936023712158203
2.382254123687744
