
DeepFool
0.07876615226268768
1.6760882139205933
0.6960083842277527
1.6794445514678955
0.7963607907295227
1.695346713066101
0.6475093960762024
0.0
0.3391834795475006
0.24620026350021362
0.8171967267990112
2.622910737991333
0.3001033663749695
3.9189438819885254
1.5001475811004639
2.220294237136841
1.052305817604065
2.0353946685791016
0.4094792902469635
1.8240675926208496
0.394059956073761
3.4853780269622803
0.0
4.361110210418701
0.0
1.0197926759719849
0.18425339460372925
0.7225520014762878
0.4460643529891968
2.0071680545806885
0.9326280951499939
0.44211259484291077
0.20841290056705475
0.644187331199646
2.9535434246063232
0.0
0.0
0.0
2.429717779159546
1.4736210107803345
2.514301061630249
1.9424446821212769
1.6410939693450928
0.28433436155319214
1.8547111749649048
1.724778652191162
0.4214727282524109
0.1799314171075821
0.40336906909942627
0.0
2.0744688510894775
1.414921522140503
0.0
0.0
2.3470265865325928
2.2848548889160156
0.03260928392410278
0.0
0.0
0.0
2.9578678607940674
0.08559980988502502
1.5050791501998901
0.0
1.020491361618042
0.0
0.6206802129745483
2.238039016723633
0.8517032861709595
0.4440006911754608
0.3623337149620056
0.7820807099342346
0.928371012210846
2.5186972618103027
0.25493189692497253
2.2317018508911133
1.2590720653533936
0.0
0.937767744064331
1.1378536224365234
1.3621821403503418
0.07505299896001816
2.9868059158325195
1.8382186889648438
1.7394717931747437
0.0
0.6348047256469727
0.0
1.3167917728424072
1.9750982522964478
1.1047844886779785
0.0
2.3161325454711914
1.2805297374725342
1.0530505180358887
0.6722050905227661
2.5678036212921143
0.8431723713874817
4.151795387268066
2.9732658863067627
0.0832785815000534
0.22955331206321716
1.9496268033981323
2.0404860973358154
2.917875289916992
3.384603977203369
0.0
1.4428473711013794
1.4471995830535889
1.8591760396957397
0.4642493426799774
1.9705002307891846
0.0
0.870163083076477
1.1244381666183472
0.5865690112113953
1.7831345796585083
0.5366351008415222
0.5245992541313171
0.0
1.1173994541168213
0.0
2.0038278102874756
2.044431447982788
0.8575116395950317
0.0
1.5651601552963257
1.0316756963729858
0.3535092771053314
0.0
0.6219772100448608
4.174083232879639
0.8950023651123047
3.7424283027648926
2.0983612537384033
0.9642840623855591
2.230160713195801
1.9458733797073364
1.080890417098999
0.0
1.137594223022461
3.9743306636810303
2.505460500717163
0.0
1.718605399131775
0.11275659501552582
2.236116886138916
0.0
1.1188026666641235
1.2544854879379272
1.9322030544281006
0.7008839249610901
0.8939059376716614
1.1437857151031494
2.619783639907837
0.9469238519668579
0.8371670842170715
1.4027048349380493
0.0
1.3412832021713257
1.0059529542922974
1.310620665550232
0.5174408555030823
1.1797986030578613
0.0
0.0
1.403867244720459
0.0
0.4725612699985504
1.1002861261367798
1.8347584009170532
0.6692507863044739
0.12654738128185272
1.1613826751708984
1.5765019655227661
3.5324699878692627
0.07681901007890701
1.6309106349945068
0.5186172127723694
2.3229880332946777
3.041034698486328
1.8173929452896118
1.8622502088546753
0.46516457200050354
0.0
2.1502511501312256
0.5431649684906006
0.20812654495239258
0.0
0.0
0.8600547313690186
0.4062701165676117
1.2430459260940552
1.8744850158691406
0.653268575668335
0.21337361633777618
2.364982843399048
0.6952149271965027
3.1333982944488525
0.8648199439048767
0.5771612524986267
0.6616503596305847
2.4238739013671875
2.8159492015838623
2.374028444290161
0.0
1.0879110097885132
1.2794197797775269
3.602564573287964
0.9925132393836975
0.0
0.2563781142234802
1.5250663757324219
0.0
0.6882676482200623
1.2029392719268799
5.27290678024292
1.0393956899642944
0.0
0.8265023231506348
1.0711629390716553
0.290911465883255
2.046736478805542
0.7956595420837402
0.2964249551296234
0.42416056990623474
0.0
0.8729764223098755
0.4920944273471832
0.7288967967033386
2.049955368041992
6.131903648376465
0.26972395181655884
0.18750213086605072
1.6741456985473633
4.354842185974121
0.751179039478302
0.0
0.44383400678634644
1.6792054176330566
3.5833659172058105
2.3384549617767334
0.38649606704711914
1.7178168296813965
2.374223232269287
0.0
1.4402004480361938
0.0
2.1166741847991943
0.08867458999156952
0.8129287362098694
0.0
3.3166348934173584
0.655752956867218
0.0
0.6047925353050232
0.10303564369678497
2.503467559814453
0.11216197162866592
1.7914516925811768
0.5882185101509094
1.3489713668823242
0.0
0.21234343945980072
0.0
1.5358493328094482
0.20941336452960968
2.771512508392334
1.7900348901748657
0.3475230634212494
0.44831275939941406
0.0
3.3931047916412354
0.1077602282166481
1.0252658128738403
0.04684915766119957
0.8264642953872681
0.0
0.6137531995773315
0.0
1.9171442985534668
0.5037907361984253
2.727508068084717
2.5254697799682617
0.0
2.5997512340545654
1.944342851638794
0.0
2.882075548171997
2.427868366241455
3.952138900756836
1.8080852031707764
2.247206449508667
0.0
0.15811055898666382
0.0
2.3123300075531006
5.228279113769531
2.127326488494873
2.4899535179138184
1.981798529624939
1.5409573316574097
0.023694856092333794
0.8213147521018982
1.2333706617355347
1.0596098899841309
0.0
0.392425000667572
1.1800472736358643
0.0
1.4582222700119019
3.726006507873535
0.0
1.9755303859710693
0.0
4.075302600860596
0.0
1.485220193862915
1.7898547649383545
1.1834081411361694
0.03296724706888199
0.8617665767669678
0.9617178440093994
0.5299080014228821
0.0
0.9322843551635742
0.36223161220550537
0.783724844455719
0.5548981428146362
0.06551223248243332
3.1727685928344727
2.5116333961486816
0.0
2.3662779331207275
2.033336639404297
1.7316906452178955
1.5310925245285034
1.5740972757339478
1.6380842924118042
1.2956465482711792
0.0
2.249067783355713
0.0
0.6857057809829712
1.7483129501342773
2.14089035987854
0.3732697367668152
1.1999210119247437
3.923333168029785
0.0
2.600602865219116
0.6629483103752136
0.244429349899292
5.0859293937683105
0.13029265403747559
0.0
0.0
0.37206992506980896
0.15536819398403168
1.92115318775177
1.4165958166122437
0.13997255265712738
3.6960742473602295
0.1928972750902176
2.5736255645751953
0.7897254824638367
0.6654502749443054
1.0204992294311523
0.0
1.2918871641159058
0.7067177891731262
2.880972146987915
1.5542941093444824
0.37730276584625244
2.806576728820801
1.7728992700576782
1.0103085041046143
0.4241024851799011
0.0
1.9366323947906494
2.175117254257202
2.333500862121582
2.4256391525268555
1.0218901634216309
0.0
0.2067735493183136
0.932608425617218
0.0
1.0304030179977417
1.6481572389602661
2.264991283416748
0.6764740347862244
2.483051061630249
0.0
0.3695317208766937
1.446290373802185
1.0352357625961304
1.0212583541870117
0.5963805913925171
0.0
2.5620269775390625
0.19519957900047302
0.4733107388019562
0.8037527799606323
1.2450755834579468
0.0
3.0448763370513916
1.3787345886230469
0.8319262862205505
1.246976375579834
2.394897222518921
2.0398519039154053
0.0
2.717719554901123
1.4695826768875122
2.236452102661133
0.5348795652389526
0.573888897895813
0.0
1.0303984880447388
1.343701720237732
0.01381209772080183
0.0
2.3105831146240234
1.7215700149536133
2.5597474575042725
0.0
0.3070649206638336
0.7235618829727173
2.1053404808044434
0.2584089934825897
1.6201480627059937
0.0
0.046984992921352386
0.0
1.3135262727737427
0.29787373542785645
0.0
0.6516404747962952
0.0
1.9773920774459839
0.6747556924819946
2.8582823276519775
1.900260329246521
0.5588863492012024
0.22027836740016937
0.5937720537185669
7.133327007293701
1.1468889713287354
0.504489541053772
1.846386194229126
1.9881248474121094
2.3345484733581543
0.10564226657152176
1.1849936246871948
0.0
0.0
0.7772954702377319
0.0
0.08777288347482681
3.014664888381958
2.190826416015625
2.483795642852783
0.0
0.35447221994400024
0.2739637494087219
1.2882417440414429
1.0087679624557495
0.0
2.719508171081543
0.08362609148025513
1.1522608995437622
1.888668179512024
0.4224424660205841
2.300818920135498
2.14469313621521
0.7636008262634277
0.08586069941520691
0.7378366589546204
0.5198818445205688
0.010198831558227539
2.627696990966797
2.728656053543091
0.06804903596639633
2.9794235229492188
0.0
1.7322158813476562
1.8918888568878174
0.25323718786239624
2.701343297958374
3.72925066947937
1.8999061584472656
1.2009488344192505
3.0195484161376953
0.7602042555809021
2.3637919425964355
0.8834192156791687
2.590587854385376
1.225370168685913
2.5084593296051025
0.4823698103427887
1.0466006994247437
0.30108654499053955
0.4054027199745178
1.4956125020980835
1.5104780197143555
1.7746186256408691
2.143387794494629
0.3695289194583893
0.8303489685058594
2.6832926273345947
2.728961229324341
1.9575761556625366
0.8069618940353394
2.28002667427063
0.7566006183624268
4.096327304840088
0.9049201607704163
0.0
1.8663443326950073
0.677773654460907
3.0002875328063965
0.6466002464294434
2.2875630855560303
0.8219825625419617
0.0
0.0
1.8286895751953125
0.389754980802536
1.3016502857208252
2.0720486640930176
0.43971577286720276
0.42024514079093933
2.753835678100586
1.7905621528625488
1.6393190622329712
0.7505443692207336
0.18138113617897034
0.22359465062618256
1.4069312810897827
1.5698310136795044
0.6644619703292847
3.4187395572662354
2.6320550441741943
3.414419174194336
2.5778961181640625
2.8808934688568115
1.752614974975586
0.0
1.4724217653274536
0.03016815520823002
0.3053455352783203
1.8059370517730713
0.0
1.7265596389770508
0.0
0.9723965525627136
2.4821763038635254
2.1359128952026367
2.1855735778808594
2.9574265480041504
1.9010400772094727
0.21862153708934784
0.0
0.0
0.0
1.6441227197647095
0.0
1.6346356868743896
0.7952389717102051
1.7462588548660278
2.3943212032318115
0.968290388584137
0.0
2.6735763549804688
1.7647522687911987
2.367953062057495
0.0
1.792157769203186
0.621065080165863
0.8368700742721558
0.9776360988616943
2.716318130493164
1.3372045755386353
2.9084084033966064
0.0
0.0
0.7998824715614319
1.667437195777893
2.021267890930176
2.3042032718658447
0.23809105157852173
3.057807683944702
1.2514146566390991
1.3084135055541992
1.0084469318389893
1.7749475240707397
0.0
1.5801466703414917
0.2086503654718399
1.7136379480361938
0.692435085773468
1.5981985330581665
0.939569354057312
3.398470401763916
2.657576560974121
1.1180185079574585
2.1892130374908447
1.5960818529129028
4.707155227661133
1.5337140560150146
1.6300108432769775
0.795389711856842
2.0868678092956543
0.7959909439086914
0.14918532967567444
2.1680173873901367
0.5736123919487
0.6880757212638855
2.7301547527313232
1.6274369955062866
2.345754384994507
2.831645965576172
2.0613515377044678
1.3603885173797607
1.2299292087554932
2.0007810592651367
0.30477750301361084
0.7850666046142578
0.07306478917598724
0.0
0.0
1.5790753364562988
0.5048436522483826
0.10751324146986008
1.1241708993911743
0.9059299826622009
0.0
0.05167938768863678
0.0
0.0
0.0
1.0925439596176147
3.5895323753356934
2.0878334045410156
0.4528219401836395
0.6226232051849365
0.0
0.6521957516670227
1.8294975757598877
1.9382100105285645
1.1827641725540161
1.0320719480514526
1.0466341972351074
2.6465718746185303
0.0
3.2675511837005615
0.8306119441986084
0.7788143754005432
1.0005064010620117
1.797663688659668
0.31254467368125916
2.9647397994995117
1.0992332696914673
0.5365263819694519
0.2535337805747986
3.3195314407348633
1.3883823156356812
0.22020690143108368
0.0
1.5537136793136597
0.0
0.0
2.6486551761627197
0.8406070470809937
0.6468982696533203
0.0
0.0
0.886699378490448
0.285291463136673
0.0
2.6745572090148926
0.0
0.9231577515602112
0.8067625761032104
0.0
0.4948772192001343
0.0
0.0
0.0
0.0
2.489621162414551
0.0
2.6192750930786133
1.9362090826034546
0.0
1.6367396116256714
0.06565751135349274
0.8693388104438782
0.3245742917060852
2.2926509380340576
1.5849770307540894
0.4000464975833893
0.2337297648191452
0.9326488375663757
1.136857509613037
0.8054174184799194
0.7962363362312317
0.0396578311920166
1.8289401531219482
0.0
1.6489734649658203
1.4838355779647827
1.803454041481018
0.25158247351646423
0.39660292863845825
0.598042368888855
0.0
0.011374692432582378
0.48691627383232117
0.09444500505924225
3.879838228225708
2.42987060546875
2.0714080333709717
3.964627981185913
0.0
2.653923511505127
0.0777607411146164
0.05368908494710922
2.480449914932251
0.585583508014679
0.0
4.329422950744629
1.3078560829162598
0.0
0.0
1.7759355306625366
1.685872197151184
3.0977447032928467
0.056385062634944916
0.0
2.784815788269043
1.3354331254959106
2.8998987674713135
1.0211352109909058
1.4209460020065308
0.9229974746704102
2.8361940383911133
1.5082345008850098
0.0
2.5965769290924072
0.0
1.588343620300293
2.1743948459625244
0.7786369919776917
0.0
1.9143505096435547
1.944790005683899
1.128946304321289
2.9397084712982178
0.523028552532196
0.39176174998283386
1.85857355594635
2.708669424057007
2.3455986976623535
2.4963934421539307
0.2267247587442398
0.0
0.16665366291999817
0.82303386926651
0.0
1.0621410608291626
1.4465129375457764
0.0
0.6975840926170349
0.0
0.0
2.2557287216186523
1.6006284952163696
0.0
1.5044372081756592
2.3388640880584717
2.0255463123321533
1.1631664037704468
1.3913763761520386
0.47684982419013977
2.299952507019043
0.9165521860122681
0.6073445081710815
2.783966541290283
0.0
5.867903709411621
0.0
0.0
0.6884853839874268
1.3123891353607178
0.0
1.2732652425765991
0.9859372973442078
0.19035083055496216
3.776745080947876
2.5102133750915527
0.2674858570098877
2.428123950958252
0.23279383778572083
0.764431893825531
1.5047662258148193
0.6499094367027283
1.978151559829712
0.20985214412212372
0.0
0.0
2.0635766983032227
1.167823314666748
0.10547152906656265
1.353702425956726
1.6538214683532715
0.0
0.0
0.0
0.0
0.0
1.9605354070663452
2.4563958644866943
2.9814915657043457
0.0
1.5428377389907837
1.6673394441604614
0.7790110111236572
1.089858055114746
1.7672120332717896
0.2644917368888855
1.6290268898010254
0.46182870864868164
0.0
0.07009465247392654
0.0
0.5902431607246399
2.7851309776306152
2.927967071533203
3.065877914428711
0.22927796840667725
3.5745575428009033
0.6934231519699097
0.8610531091690063
0.09287428855895996
0.0
2.360682487487793
0.0424259677529335
0.9610932469367981
0.0
1.8070521354675293
1.068294644355774
0.18262264132499695
5.178327560424805
3.5962255001068115
1.5575275421142578
0.9999828338623047
3.000560760498047
1.7006311416625977
0.6114038228988647
1.21654212474823
0.0
2.676769256591797
3.926142692565918
1.8148876428604126
0.0
1.2498575448989868
1.890506625175476
0.3771257698535919
0.0
4.919233798980713
2.467411756515503
1.751994252204895
2.6162822246551514
0.35279586911201477
2.587864875793457
0.5329911708831787
0.1580936163663864
1.922105073928833
2.242464065551758
0.13488008081912994
0.0
1.9346171617507935
1.585776925086975
1.9751884937286377
0.9740079641342163
1.074823021888733
0.0
0.0
0.8876057863235474
1.7126601934432983
2.0695595741271973
0.0
5.468661308288574
2.0923900604248047
1.5529146194458008
1.6052972078323364
0.02667890675365925
2.5870859622955322
0.0
1.7651039361953735
1.754751205444336
0.9528425335884094
1.1076773405075073
0.37238889932632446
1.2856682538986206
1.1396762132644653
2.755833625793457
1.2455036640167236
0.0
2.3786635398864746
0.22401560842990875
1.3782880306243896
0.0
2.2286555767059326
0.0
2.6050710678100586
1.997664451599121
0.40513375401496887
0.41556018590927124
3.4076778888702393
1.601392149925232
0.565471887588501
0.41218122839927673
0.0
2.51894211769104
0.49454760551452637
0.6905430555343628
0.09354807436466217
1.194273829460144
2.561422109603882
0.0
0.0
4.522909641265869
2.450246810913086
1.1202268600463867
1.7053085565567017
0.0
2.7416529655456543
3.9666638374328613
0.21795149147510529
1.1677526235580444
0.1753879338502884
1.131517767906189
0.1712985336780548
2.8148715496063232
1.1888710260391235
0.0
1.3424538373947144
0.4438875913619995
2.2154135704040527
1.2499700784683228
0.27323561906814575
0.4249540865421295
3.453514337539673
0.18865646421909332
0.0
2.0168066024780273
2.7378084659576416
0.33481261134147644
1.2376089096069336
1.2594718933105469
1.8261096477508545
0.16745248436927795
0.14894741773605347
0.0
0.8328458666801453
2.7463748455047607
2.1980788707733154
2.2281172275543213
0.40912073850631714
0.0
2.4453318119049072
0.0
2.13446044921875
1.2455962896347046
2.3787238597869873
1.5438604354858398
0.5677417516708374
0.0
0.8229402899742126
0.0
0.40901413559913635
1.247290849685669
4.272451400756836
0.0
2.227970838546753
0.9080750346183777
1.01918625831604
1.83836030960083
0.0
1.593520998954773
0.6217274069786072
0.9154643416404724
0.10875409096479416
1.2856230735778809
0.7584434747695923
2.3936023712158203
2.3822314739227295
