
FGSM
0.010450005531311035
0.057999998331069946
0.025000005960464478
0.050999999046325684
0.028999999165534973
1000
0.018000006675720215
0.0
0.013999998569488525
0.005700007081031799
0.017000019550323486
1000
0.014000000432133675
0.24400001764297485
0.08300000429153442
0.04800000786781311
0.02000001072883606
0.05700001120567322
0.018000006675720215
0.04500001668930054
0.024000003933906555
0.08600002527236938
0.0
1000
0.0
0.026000022888183594
0.022000014781951904
0.02800000086426735
0.01000000536441803
0.2329999953508377
0.021000027656555176
0.021000027656555176
0.0028499960899353027
0.010450005531311035
0.25099998712539673
0.0
0.000250011682510376
0.0
0.2630000114440918
0.04000002145767212
0.07000000029802322
0.08900000154972076
0.04900002479553223
0.013000011444091797
0.062000006437301636
0.07300001382827759
0.007600009441375732
0.0054000020027160645
0.015200018882751465
0.0022500157356262207
0.0350000262260437
0.050999999046325684
0.0
0.0
0.0560000017285347
0.04300001263618469
0.032999999821186066
0.00950002670288086
0.0
0.0
0.0910000205039978
0.0
0.03200000524520874
0.0
0.028999999165534973
0.013000011444091797
0.032999999821186066
0.0560000017285347
0.027000010013580322
0.02000001072883606
0.0012000203132629395
0.013000011444091797
0.008550003170967102
0.08600002527236938
0.004250004887580872
0.06599999964237213
0.03200000524520874
0.0
0.013000011444091797
0.04800000786781311
0.025000005960464478
0.0
0.10300000011920929
0.046000003814697266
0.027000010013580322
0.0
0.015200018882751465
0.010450005531311035
0.03200000524520874
0.04500001668930054
0.09300000220537186
0.0
0.057999998331069946
0.04900002479553223
0.078000009059906
0.023000001907348633
0.050999999046325684
0.050999999046325684
0.15299999713897705
0.08500000834465027
0.004250004887580872
0.01600000262260437
0.09500002861022949
0.09200000762939453
0.13099999725818634
0.14000000059604645
0.0
0.032999999821186066
0.057999998331069946
0.13600003719329834
0.03100001811981201
0.052000001072883606
0.011000007390975952
0.014000000432133675
0.028999999165534973
0.03700000047683716
0.05500000715255737
0.012000024318695068
0.014000000432133675
0.008000016212463379
0.018000006675720215
0.0
0.07100000977516174
0.08300000429153442
0.022000014781951904
0.0
0.04300001263618469
0.025000005960464478
0.0
0.0
0.03700000047683716
0.08799999952316284
0.018000006675720215
0.6510000228881836
0.05900001525878906
0.024000003933906555
0.0560000017285347
0.07700002193450928
0.03800000250339508
0.0
0.03800000250339508
1000
0.046999990940093994
0.0
0.04400002956390381
0.011400014162063599
0.08500000834465027
0.0051000118255615234
0.015000000596046448
0.04100000858306885
0.04500001668930054
0.00700002908706665
0.0350000262260437
0.04100000858306885
0.07700002193450928
0.021000027656555176
0.034000009298324585
0.057999998331069946
0.0
0.12099999934434891
0.03100001811981201
0.046000003814697266
0.009000003337860107
0.03600001335144043
0.0
0.0
0.021000027656555176
0.005700007081031799
0.010450005531311035
0.050999999046325684
0.07700002193450928
0.030000001192092896
0.0031999945640563965
0.050000011920928955
0.11599999666213989
0.40299999713897705
0.001600027084350586
0.06000000238418579
0.013999998569488525
0.08900000154972076
0.12000000476837158
0.04900002479553223
0.04000002145767212
0.027000010013580322
0.00475001335144043
0.1120000034570694
0.01000000536441803
0.0006500035524368286
0.0
0.0040000081062316895
0.03100001811981201
0.00950002670288086
0.025000005960464478
0.06000000238418579
0.024000003933906555
0.003000020980834961
0.11100000143051147
0.03200000524520874
0.10899999737739563
0.02799999713897705
0.023000001907348633
0.014000000432133675
0.08600002527236938
0.08100000023841858
0.0820000171661377
0.013999998569488525
0.05300000309944153
0.06100000441074371
0.11800003051757812
0.04500001668930054
0.0
0.021000027656555176
0.062000006437301636
0.0004000067710876465
0.0025500059127807617
0.057999998331069946
0.17599999904632568
0.02800000086426735
0.0
0.030000001192092896
0.052000001072883606
0.01900000125169754
0.10000002384185791
0.01600000262260437
0.007600009441375732
0.011400014162063599
0.0
0.04300001263618469
0.008000016212463379
0.012000024318695068
0.10500001907348633
0.11900001764297485
0.0
0.003600001335144043
0.052000001072883606
0.2990000247955322
0.050999999046325684
0.0
0.00950002670288086
0.05900001525878906
0.5070000290870667
0.06100000441074371
0.0
0.06700003147125244
0.16500002145767212
0.012350022792816162
0.06000000238418579
0.0
0.06999999284744263
0.0
0.04300001263618469
0.0
0.1679999977350235
0.03100001811981201
0.0
0.00700002908706665
0.007600009441375732
0.10700000077486038
0.008100003004074097
0.052000001072883606
0.02800000086426735
0.04000002145767212
0.0
0.012350022792816162
0.023000001907348633
0.04800000786781311
0.0
0.14100003242492676
0.125
0.006000012159347534
0.011400014162063599
0.0
0.1420000195503235
0.009000003337860107
0.024000003933906555
0.028999999165534973
0.011400014162063599
0.0
0.03200000524520874
0.0
0.08600002527236938
0.015000000596046448
0.07500000298023224
0.08799999952316284
0.0
0.07200002670288086
0.034000009298324585
0.0
0.14900000393390656
0.1080000102519989
0.09799999743700027
0.05300000309944153
0.10500001907348633
0.0
0.027000010013580322
0.003600001335144043
0.19599999487400055
0.4930000305175781
0.050000011920928955
0.1510000228881836
0.054000020027160645
1000
0.0
0.026000022888183594
0.0350000262260437
0.06800001859664917
0.007200002670288086
0.007600009441375732
0.034000009298324585
0.0
0.03700000047683716
0.19900000095367432
0.0
0.07600000500679016
0.010450005531311035
0.08399999886751175
0.018000006675720215
0.06700003147125244
0.09399999678134918
0.023000001907348633
0.004500001668930054
0.01900000125169754
0.027000010013580322
0.0
0.0
0.03700000047683716
0.014250010251998901
0.027000010013580322
0.03800000250339508
0.006650000810623169
0.1860000044107437
1000
0.0
0.1550000011920929
0.3840000033378601
0.052000001072883606
0.050999999046325684
0.03600001335144043
0.36399999260902405
0.0560000017285347
0.0
0.08300000429153442
0.0
0.022000014781951904
0.041999999433755875
0.09200000762939453
0.010450005531311035
0.02799999713897705
0.34200000762939453
0.008550003170967102
0.06599999964237213
0.02000001072883606
0.011000007390975952
0.1899999976158142
0.0054000020027160645
0.0
0.0
0.007600009441375732
0.01900000125169754
0.04800000786781311
0.041999999433755875
0.006000012159347534
0.12000000476837158
0.0022500157356262207
1000
0.046000003814697266
0.026000022888183594
0.05700001120567322
0.0
0.04300001263618469
0.027000010013580322
0.23100000619888306
0.05500000715255737
0.018999993801116943
0.08600002527236938
0.1420000195503235
0.022000014781951904
0.023000001907348633
0.0
0.078000009059906
0.2250000238418579
0.0560000017285347
0.12099999934434891
0.034000009298324585
0.0
0.02000001072883606
0.04400002956390381
0.0
0.04000002145767212
0.04400002956390381
0.1510000228881836
0.06300002336502075
0.13199999928474426
0.0
0.012000024318695068
0.0350000262260437
0.04100000858306885
0.04300001263618469
0.02000001072883606
0.008000016212463379
1000
0.012000024318695068
0.012000024318695068
0.032999999821186066
0.039000004529953
0.007600009441375732
0.19200003147125244
0.03800000250339508
0.025000005960464478
0.021000027656555176
0.052000001072883606
0.052000001072883606
0.0
1000
0.05900001525878906
0.27000001072883606
0.012000024318695068
0.08700001239776611
0.0
0.050000011920928955
0.03600001335144043
0.0
0.0
0.04500001668930054
0.03200000524520874
0.2200000286102295
0.0
0.022000014781951904
0.02000001072883606
0.20000000298023224
0.006300002336502075
0.04400002956390381
0.0
0.013000011444091797
0.015000000596046448
0.03700000047683716
0.015000000596046448
0.0
0.015000000596046448
0.0
0.0560000017285347
0.028999999165534973
0.19200003147125244
0.7509999871253967
0.012000024318695068
0.028999999165534973
0.022000014781951904
0.2669999897480011
0.027000010013580322
0.0
0.050999999046325684
0.039000004529953
0.07100000977516174
0.02799999713897705
0.24699999392032623
0.0
0.0
0.011000007390975952
0.0
0.0
0.07200002670288086
0.039000004529953
0.06100000441074371
0.0
0.01900000125169754
0.01900000125169754
0.03600001335144043
0.06400001049041748
0.02800000086426735
0.06100000441074371
0.001600027084350586
0.3440000116825104
0.07900000363588333
0.008550003170967102
0.04400002956390381
0.10000002384185791
0.01900000125169754
0.011000007390975952
0.02800000086426735
0.028999999165534973
0.0021000057458877563
1000
0.05500000715255737
0.0
0.07900000363588333
0.0
0.09000003337860107
0.08500000834465027
0.01000000536441803
0.24900001287460327
0.12200000882148743
0.04900002479553223
0.034000009298324585
0.09600001573562622
0.03200000524520874
0.08600002527236938
0.027000010013580322
0.050000011920928955
0.11000001430511475
0.08600002527236938
0.018000006675720215
0.018999993801116943
0.00950002670288086
0.022000014781951904
0.18700003623962402
0.03600001335144043
0.03700000047683716
0.09200000762939453
0.0
0.026000022888183594
0.07000000029802322
0.1679999977350235
0.050999999046325684
0.0350000262260437
0.09799999743700027
0.032999999821186066
0.09200000762939453
0.03100001811981201
0.0
0.03800000250339508
0.01900000125169754
0.12999999523162842
0.030000001192092896
0.06100000441074371
0.03800000250339508
0.008550003170967102
0.0
0.2890000343322754
0.01900000125169754
0.04900002479553223
0.10899999737739563
0.022000014781951904
0.01900000125169754
0.08300000429153442
1000
0.07600000500679016
0.03200000524520874
0.008550003170967102
0.00950002670288086
0.04100000858306885
0.039000004529953
0.023000001907348633
0.09200000762939453
0.10500001907348633
0.11599999666213989
0.06400001049041748
0.062000006437301636
0.052000001072883606
0.014000000432133675
0.04100000858306885
0.0022500157356262207
0.018050014972686768
0.03800000250339508
0.0
0.06599999964237213
0.0
0.021000027656555176
0.06599999964237213
0.04699999839067459
0.062000006437301636
0.2940000295639038
0.07600000500679016
0.0021000057458877563
0.0
0.006000012159347534
0.0
0.08399999886751175
0.0
0.050999999046325684
0.01900000125169754
0.052000001072883606
0.09600001573562622
0.03100001811981201
0.0
0.05900001525878906
0.046000003814697266
0.08100000023841858
0.0
0.054000020027160645
0.02000001072883606
0.024000003933906555
0.034000009298324585
0.06300002336502075
0.0350000262260437
0.07400000095367432
0.0
0.0
0.017100006341934204
0.054000020027160645
0.09399999678134918
0.14800000190734863
0.023000001907348633
0.07999999821186066
0.0350000262260437
0.03100001811981201
0.02000001072883606
0.09399999678134918
0.0
0.04400002956390381
0.022000014781951904
0.04500001668930054
0.013300001621246338
0.06800001859664917
0.041999995708465576
0.1809999942779541
1000
0.022000014781951904
0.012000024318695068
0.08799999952316284
0.14399999380111694
0.050000011920928955
0.07200002670288086
0.07600000500679016
0.07400000095367432
0.03600001335144043
0.011400014162063599
0.05900001525878906
0.006000012159347534
0.03200000524520874
0.06800001859664917
0.04500001668930054
0.057999998331069946
0.07500000298023224
0.050000011920928955
0.10400000214576721
0.026000022888183594
0.10300000011920929
0.015200018882751465
0.034000009298324585
0.007600009441375732
0.0
0.0
0.0350000262260437
0.012350022792816162
0.006000012159347534
0.03100001811981201
0.023000001907348633
0.0
0.004999995231628418
0.0
0.0
0.0
0.050000011920928955
0.20800000429153442
0.07700002193450928
0.024000003933906555
0.02000001072883606
0.0
0.024000003933906555
0.07300001382827759
0.057999998331069946
0.027000010013580322
0.039000004529953
0.028999999165534973
0.07100000977516174
0.0
0.10500001907348633
0.022000014781951904
0.023000001907348633
0.041999999433755875
1000
0.009000003337860107
0.26899999380111694
0.021000027656555176
0.03700000047683716
0.018000006675720215
0.2930000126361847
0.07200002670288086
0.024000003933906555
0.0
0.052000001072883606
0.0
0.0
0.1420000195503235
0.03600001335144043
0.01900000125169754
0.0
0.0
0.030000001192092896
0.0
0.012000024318695068
1000
0.0
0.014000000432133675
1000
0.0
0.026000022888183594
0.0
0.0
0.0
0.012350022792816162
0.06000000238418579
0.0
0.09600001573562622
0.03800000250339508
0.008000016212463379
0.032999999821186066
0.01900000125169754
0.02800000086426735
0.0017000138759613037
0.08600002527236938
0.027000010013580322
0.013999998569488525
0.003800004720687866
0.026000022888183594
0.07700002193450928
0.014000000432133675
0.015000000596046448
0.0
0.07000000029802322
0.0
0.03800000250339508
0.054000020027160645
0.04400002956390381
0.013000011444091797
0.022000014781951904
0.025000005960464478
0.0
0.0
0.009000003337860107
0.013300001621246338
0.09600001573562622
0.07200002670288086
0.15700000524520874
0.05900001525878906
0.0
0.14399999380111694
0.018000006675720215
0.0
0.05900001525878906
0.026000022888183594
0.01000000536441803
0.16200000047683716
0.04400002956390381
0.0
0.00010001659393310547
0.05900001525878906
0.11599999666213989
0.12999999523162842
0.0
0.0
0.06599999964237213
0.04400002956390381
0.11300000548362732
0.032999999821186066
0.054000020027160645
0.021000027656555176
0.12200000882148743
0.039000004529953
0.0
0.08399999886751175
0.0
0.09000003337860107
0.05900001525878906
0.028999999165534973
0.0
0.04699999839067459
0.05700001120567322
0.04400002956390381
0.08300000429153442
0.023000001907348633
0.010450005531311035
0.03700000047683716
0.039000004529953
0.062000006437301636
0.07300001382827759
0.021000027656555176
0.0
0.0
0.04500001668930054
0.0
0.03700000047683716
0.050999999046325684
0.0040000081062316895
0.013000011444091797
0.0
0.0
1000
0.04400002956390381
0.0
0.06000000238418579
0.10400000214576721
0.11900001764297485
0.018000006675720215
0.04300001263618469
0.01900000125169754
0.062000006437301636
0.026000022888183594
0.011000007390975952
0.09799999743700027
0.0
0.5339999794960022
0.0
0.0
0.009000003337860107
0.028999999165534973
0.0
0.027000010013580322
0.03100001811981201
0.008550003170967102
0.16200000047683716
0.05700001120567322
0.03600001335144043
0.09700000286102295
0.03100001811981201
0.03600001335144043
0.04000002145767212
0.008550003170967102
0.04900002479553223
0.01600000262260437
0.0032000020146369934
0.0
0.039000004529953
0.01600000262260437
0.009000003337860107
0.09000003337860107
0.05300000309944153
0.0
0.0
0.01900000125169754
0.009000003337860107
0.0
0.026000022888183594
0.07700002193450928
0.09700000286102295
0.014000000432133675
0.0690000057220459
1000
0.01614999957382679
0.052000001072883606
0.07600000500679016
0.003800004720687866
1000
0.013000011444091797
0.01900000125169754
0.0027000010013580322
0.0
0.007600009441375732
0.078000009059906
0.1679999977350235
0.1120000034570694
0.012350022792816162
0.10899999737739563
0.017000019550323486
0.018050014972686768
0.021000027656555176
0.0032000020146369934
0.07000000029802322
0.017000019550323486
0.09000003337860107
0.0
0.06400001049041748
0.021000027656555176
0.006650000810623169
0.36500000953674316
0.09399999678134918
0.05900001525878906
0.05300000309944153
0.08799999952316284
0.046000003814697266
0.030000001192092896
0.0350000262260437
0.0
0.057999998331069946
0.19099999964237213
0.10199999809265137
0.0
0.04900002479553223
0.21299999952316284
0.013000011444091797
0.012350022792816162
0.7459999918937683
0.0990000069141388
0.054000020027160645
0.10300000011920929
0.025000005960464478
0.19700002670288086
0.003600001335144043
0.02800000086426735
0.054000020027160645
0.05500000715255737
0.013000011444091797
0.0
0.03800000250339508
0.041999995708465576
0.02800000086426735
0.022000014781951904
0.025000005960464478
0.0
0.0
0.023000001907348633
1000
0.054000020027160645
0.0
0.2990000247955322
0.017000019550323486
0.03800000250339508
0.022000014781951904
0.0032000020146369934
0.1120000034570694
0.0
0.15200001001358032
0.17800000309944153
0.02800000086426735
0.034000009298324585
0.011000007390975952
0.039000004529953
0.28700000047683716
0.06700003147125244
0.0560000017285347
0.0017000138759613037
0.06700003147125244
0.0
0.032999999821186066
0.0
0.09500002861022949
0.0
0.0690000057220459
0.05500000715255737
0.006650000810623169
0.022000014781951904
0.281000018119812
0.013300001621246338
0.01600000262260437
0.0034000277519226074
0.0
0.034000009298324585
0.021000027656555176
0.04400002956390381
0.010450005531311035
0.12700000405311584
0.203000009059906
0.02000001072883606
0.0
0.1510000228881836
0.050999999046325684
0.018000006675720215
0.054000020027160645
0.0006500035524368286
0.08700001239776611
1000
0.011000007390975952
0.054000020027160645
0.011000007390975952
0.04500001668930054
0.012350022792816162
0.09000003337860107
0.057999998331069946
0.0
0.04699999839067459
0.03800000250339508
0.7760000228881836
0.018000006675720215
0.006300002336502075
0.017000019550323486
0.125
0.006300002336502075
0.0
0.05300000309944153
0.08900000154972076
0.013000011444091797
0.050000011920928955
0.025000005960464478
0.0820000171661377
0.006300002336502075
0.0
0.000700000673532486
0.032999999821186066
0.09200000762939453
0.08500000834465027
0.057999998331069946
0.01900000125169754
0.0017000138759613037
0.04400002956390381
0.013000011444091797
0.17500001192092896
0.03200000524520874
0.04900002479553223
0.024000003933906555
0.039000004529953
0.0040000081062316895
0.03200000524520874
0.0
0.03800000250339508
0.039000004529953
0.0910000205039978
0.0
0.07600000500679016
0.013000011444091797
0.032999999821186066
0.07300001382827759
0.0
0.04300001263618469
0.012000024318695068
0.028999999165534973
0.013000011444091797
0.04900002479553223
0.0350000262260437
0.08799999952316284
0.050000011920928955

PGD
0.00955381989479065
0.0460146963596344
0.02317887544631958
0.03431969881057739
0.023498177528381348
0.02718174457550049
0.016758739948272705
0.0
0.012822821736335754
0.005369007587432861
0.015256121754646301
0.056333258748054504
0.011614322662353516
0.12185755372047424
0.04860764741897583
0.03705453872680664
0.017492294311523438
0.04568052291870117
0.016086101531982422
0.036190807819366455
0.020942404866218567
0.06271333992481232
0.0
0.09725648164749146
0.0
0.021307766437530518
0.019553378224372864
0.025200188159942627
0.009526371955871582
0.04631996154785156
0.01763308048248291
0.018992900848388672
0.002762317657470703
0.009884268045425415
0.05083954334259033
0.0
0.00021544098854064941
0.0
0.05988723039627075
0.035916149616241455
0.05142374336719513
0.058207809925079346
0.03872223198413849
0.011957362294197083
0.04492521286010742
0.054917335510253906
0.007252410054206848
0.0050262510776519775
0.01425248384475708
0.0021955519914627075
0.027149111032485962
0.04125624895095825
0.0
0.0
0.04494553804397583
0.03582030534744263
0.027399733662605286
0.00907433032989502
0.0
0.0
0.06782741844654083
0.0
0.02644386887550354
0.0
0.02418452501296997
0.012051776051521301
0.029032230377197266
0.04509603977203369
0.02075214684009552
0.018020153045654297
0.0011650323867797852
0.012668907642364502
0.0082017183303833
0.0521281361579895
0.0041027069091796875
0.05112934112548828
0.02812500298023224
0.0
0.012436866760253906
0.040375903248786926
0.021427929401397705
0.0
0.061730578541755676
0.03772318363189697
0.02332592010498047
0.0
0.01361246407032013
0.010325148701667786
0.02874213457107544
0.03758728504180908
0.050863564014434814
0.0
0.04735308885574341
0.036662012338638306
0.029072880744934082
0.01837778091430664
0.03246575593948364
0.03896629810333252
0.09309542179107666
0.06265898048877716
0.0040340423583984375
0.014316856861114502
0.05449134111404419
0.055434346199035645
0.08000707626342773
0.08253192901611328
0.0
0.023075297474861145
0.04453897476196289
0.07823295891284943
0.02144080400466919
0.04195547103881836
0.010328292846679688
0.012514978647232056
0.026137739419937134
0.025794416666030884
0.03976106643676758
0.01104128360748291
0.012971043586730957
0.007598876953125
0.01607552170753479
0.0
0.05055570602416992
0.06117439270019531
0.020093560218811035
0.0
0.03354950249195099
0.025000005960464478
0.0
0.0
0.029801562428474426
0.06164133548736572
0.0169009268283844
0.07572871446609497
0.0414527952671051
0.02184934914112091
0.03965750336647034
0.05728025734424591
0.032255470752716064
0.0
0.029404163360595703
0.07871705293655396
0.03683340549468994
0.0
0.03662598133087158
0.009955227375030518
0.038596928119659424
0.004897505044937134
0.012487530708312988
0.03509819507598877
0.03759069740772247
0.006696224212646484
0.026294231414794922
0.03386795520782471
0.05542802810668945
0.01775979995727539
0.028682053089141846
0.04073411226272583
0.0
0.04041224718093872
0.026140332221984863
0.03634929656982422
0.008546173572540283
0.030097126960754395
0.0
0.0
0.018336012959480286
0.005306631326675415
0.008697509765625
0.04533977806568146
0.05557823181152344
0.026406407356262207
0.0030587315559387207
0.040160179138183594
0.04869289696216583
0.07292576134204865
0.0015272200107574463
0.04617863893508911
0.013183027505874634
0.04349470138549805
0.07142573595046997
0.04015675187110901
0.03167754411697388
0.022547155618667603
0.0042669326066970825
0.06124964356422424
0.008587077260017395
0.0006002485752105713
0.0
0.0039050132036209106
0.025099754333496094
0.009192466735839844
0.022182106971740723
0.04870063066482544
0.020736411213874817
0.002949148416519165
0.056168749928474426
0.02812016010284424
0.07691174745559692
0.02359229326248169
0.02223244309425354
0.012944132089614868
0.0595250129699707
0.05119144916534424
0.05624857544898987
0.0122222900390625
0.03528042137622833
0.03987951576709747
0.07501402497291565
0.03736954927444458
0.0
0.018378078937530518
0.0479736328125
0.0003708004951477051
0.0025008320808410645
0.04476356506347656
0.11806327104568481
0.02445545792579651
0.0
0.025243401527404785
0.04122191667556763
0.01567298173904419
0.05598193407058716
0.014845013618469238
0.006972908973693848
0.010570645332336426
0.0
0.033901989459991455
0.0074446797370910645
0.011326506733894348
0.06420822441577911
0.09330570697784424
0.0
0.00336456298828125
0.034305959939956665
0.11488266289234161
0.03249835968017578
0.0
0.00884544849395752
0.048418521881103516
0.07324162125587463
0.045966923236846924
0.0
0.037354111671447754
0.08753672242164612
0.01185750961303711
0.046905338764190674
0.0
0.049239933490753174
0.0
0.030175209045410156
0.0
0.08430376648902893
0.02578812837600708
0.0
0.006458476185798645
0.007019519805908203
0.06737309694290161
0.007864117622375488
0.03995533287525177
0.025170713663101196
0.030240729451179504
0.0
0.011571124196052551
0.019878104329109192
0.03721219301223755
0.0
0.07711544632911682
0.04914665222167969
0.005746662616729736
0.010853007435798645
0.0
0.06226789951324463
0.008712679147720337
0.021451115608215332
0.028168201446533203
0.010988906025886536
0.0
0.020635992288589478
0.0
0.051700979471206665
0.014339163899421692
0.04391270875930786
0.0582810640335083
0.0
0.051525890827178955
0.030273914337158203
0.0
0.09484663605690002
0.06674480438232422
0.06006661057472229
0.039642333984375
0.03613758087158203
0.0
0.02654743194580078
0.0034089088439941406
0.05753803253173828
0.16385622322559357
0.039595723152160645
0.041098594665527344
0.039616018533706665
0.038962557911872864
0.0
0.02274799346923828
0.028769314289093018
0.05258476734161377
0.007004380226135254
0.007186323404312134
0.030149459838867188
0.0
0.029444217681884766
0.08363571763038635
0.0
0.03976452350616455
0.00988084077835083
0.06610766053199768
0.015607744455337524
0.04379826784133911
0.04784518480300903
0.021405041217803955
0.00424976646900177
0.01656961441040039
0.024567604064941406
0.0
0.0
0.02789384126663208
0.013716340065002441
0.026486217975616455
0.026770025491714478
0.006463915109634399
0.08437728881835938
0.07195389270782471
0.0
0.06335479021072388
0.04009123146533966
0.041167259216308594
0.03696012496948242
0.027603447437286377
0.050975993275642395
0.04231882095336914
0.0
0.04658377170562744
0.0
0.019416049122810364
0.03445759415626526
0.06405830383300781
0.01175566017627716
0.024056345224380493
0.0845884382724762
0.00789099931716919
0.04733562469482422
0.018039047718048096
0.01001615822315216
0.10486394166946411
0.005332380533218384
0.0
0.0
0.006873324513435364
0.016310125589370728
0.03431081771850586
0.034374356269836426
0.005735218524932861
0.07218217849731445
0.002125173807144165
0.0709722638130188
0.03744077682495117
0.020335868000984192
0.03331346809864044
0.0
0.03839178383350372
0.02334052324295044
0.0920562744140625
0.041478827595710754
0.014355778694152832
0.058948516845703125
0.04329073429107666
0.019291311502456665
0.019641518592834473
0.0
0.05406677722930908
0.040831953287124634
0.0401347279548645
0.06981784105300903
0.029005050659179688
0.0
0.019513607025146484
0.03240537643432617
0.0
0.03311634063720703
0.031648069620132446
0.05501575767993927
0.05511331558227539
0.054274752736091614
0.0
0.011237531900405884
0.02798624336719513
0.034003257751464844
0.027965933084487915
0.018116861581802368
0.007525354623794556
0.06962788105010986
0.011251270771026611
0.011358559131622314
0.028244316577911377
0.032714664936065674
0.0072043538093566895
0.09631264209747314
0.031749069690704346
0.022965431213378906
0.01985807716846466
0.0432838499546051
0.04134693741798401
0.0
0.0631287693977356
0.04605074226856232
0.06620121002197266
0.011335089802742004
0.05637991428375244
0.0
0.03797121345996857
0.02799367904663086
0.0
0.0
0.034720808267593384
0.02447378635406494
0.07005071640014648
0.0
0.018754005432128906
0.01694643497467041
0.057793810963630676
0.006173804402351379
0.03869190812110901
0.0
0.011940479278564453
0.012669205665588379
0.03239479660987854
0.014118865132331848
0.0
0.013667106628417969
0.0
0.0452805757522583
0.019369125366210938
0.07296782732009888
0.04499359428882599
0.012007713317871094
0.025122642517089844
0.016781330108642578
0.12839412689208984
0.023288428783416748
0.0
0.04211455583572388
0.032777026295661926
0.05455484986305237
0.02622157335281372
0.050680458545684814
0.0
0.0
0.010059356689453125
0.0
0.0
0.05511218309402466
0.029296591877937317
0.046656131744384766
0.0
0.01733839511871338
0.014830976724624634
0.03252410888671875
0.052050307393074036
0.025140106678009033
0.04446089267730713
0.0015418082475662231
0.04798996448516846
0.0558849573135376
0.008439183235168457
0.03734666109085083
0.05538368225097656
0.016849994659423828
0.010799229145050049
0.025031089782714844
0.026048481464385986
0.0020622313022613525
0.05524665117263794
0.04440194368362427
0.0
0.052089810371398926
0.0
0.04424917697906494
0.05327311158180237
0.009477436542510986
0.08113117516040802
0.06888742744922638
0.03876686096191406
0.02959299087524414
0.06323833763599396
0.027729898691177368
0.06232738494873047
0.024248600006103516
0.04389524459838867
0.04083080589771271
0.05480404198169708
0.016758739948272705
0.01612415909767151
0.00889122486114502
0.019537925720214844
0.034063056111335754
0.029064297676086426
0.03186523914337158
0.06268759071826935
0.0
0.020217716693878174
0.0514194518327713
0.05055856704711914
0.039735034108161926
0.029953479766845703
0.05627003312110901
0.0270175039768219
0.0681183934211731
0.027612030506134033
0.0
0.032851994037628174
0.01647348701953888
0.07785475254058838
0.02407693862915039
0.047578245401382446
0.028068363666534424
0.007709622383117676
0.0
0.0528179407119751
0.01734524965286255
0.03465099632740021
0.048069193959236145
0.01896458864212036
0.01692838966846466
0.048797607421875
0.03681822121143341
0.039002060890197754
0.027650073170661926
0.007741093635559082
0.00885915756225586
0.03419581055641174
0.03313608467578888
0.02086031436920166
0.06110316514968872
0.05209237337112427
0.07130956649780273
0.04730558395385742
0.04552948474884033
0.030241012573242188
0.01328575611114502
0.03544551134109497
0.002217888832092285
0.015871822834014893
0.03210639953613281
0.0
0.0455600768327713
0.0
0.01754295825958252
0.051565080881118774
0.041001319885253906
0.04100361466407776
0.07990467548370361
0.050739407539367676
0.0020422041416168213
0.0
0.005873396992683411
0.0
0.04888230562210083
0.0
0.03807421028614044
0.01738014817237854
0.034081101417541504
0.0613749623298645
0.026764586567878723
0.0
0.04849091172218323
0.031478121876716614
0.04599952697753906
0.0
0.04262268543243408
0.016627982258796692
0.02050238847732544
0.025795847177505493
0.05073225498199463
0.02497875690460205
0.05675554275512695
0.0
0.0
0.015536502003669739
0.039727598428726196
0.05056285858154297
0.05467815697193146
0.02040541172027588
0.05628407001495361
0.027951061725616455
0.02754993736743927
0.015876680612564087
0.055755615234375
0.0
0.03743535280227661
0.016187667846679688
0.04011841118335724
0.012463763356208801
0.047597408294677734
0.035216331481933594
0.08684206008911133
0.0857122540473938
0.021240234375
0.010601237416267395
0.037510305643081665
0.08369779586791992
0.04056759178638458
0.049381256103515625
0.05624544620513916
0.05261021852493286
0.02910175919532776
0.010398104786872864
0.04451608657836914
0.005603909492492676
0.024904921650886536
0.05412769317626953
0.03958196938037872
0.03865356743335724
0.050624966621398926
0.037647366523742676
0.057286858558654785
0.023435503244400024
0.06370240449905396
0.013389304280281067
0.029340386390686035
0.007428079843521118
0.0
0.0
0.03006763756275177
0.011553958058357239
0.0056974440813064575
0.023620903491973877
0.020401954650878906
0.0
0.004846289753913879
0.0
0.0
0.0
0.03573733568191528
0.08232450485229492
0.05096597969532013
0.02252483367919922
0.0167178213596344
0.0
0.021599888801574707
0.049251675605773926
0.04250824451446533
0.023878395557403564
0.03425931930541992
0.024100691080093384
0.04924078285694122
0.0
0.06993544101715088
0.0197485089302063
0.017838194966316223
0.03609152138233185
0.04117555916309357
0.0085696280002594
0.07617874443531036
0.018726259469985962
0.029204487800598145
0.01605863869190216
0.07854166626930237
0.043003201484680176
0.021474838256835938
0.0
0.03312492370605469
0.0
0.0
0.06210452318191528
0.031183719635009766
0.015305906534194946
0.0
0.0
0.02725297212600708
0.0
0.011074736714363098
0.06723719835281372
0.0
0.012638002634048462
0.025082305073738098
0.0
0.021877959370613098
0.0
0.0
0.0
0.011688143014907837
0.04966193437576294
0.0
0.06207247078418732
0.03196278214454651
0.007548525929450989
0.02697432041168213
0.016955852508544922
0.024977877736091614
0.001671433448791504
0.0554887056350708
0.024425983428955078
0.012822821736335754
0.003579437732696533
0.022663891315460205
0.04560843110084534
0.012750744819641113
0.01394665241241455
0.0
0.04085254669189453
0.0
0.03232872486114502
0.039535343647003174
0.03539085388183594
0.012118160724639893
0.01651841402053833
0.01888933777809143
0.0
0.0
0.008712679147720337
0.012613683938980103
0.06453382968902588
0.04113093018531799
0.051551640033721924
0.0502086877822876
0.0
0.08066311478614807
0.024609088897705078
0.0
0.044384777545928955
0.021960929036140442
0.009350121021270752
0.08627873659133911
0.03079092502593994
0.0
8.240342140197754e-05
0.04616290330886841
0.06265527009963989
0.07421007752418518
0.0
0.0
0.052001386880874634
0.032102108001708984
0.06151171028614044
0.024179935455322266
0.04028549790382385
0.01880207657814026
0.05629807710647583
0.0333787202835083
0.0
0.05791425704956055
0.0
0.046281635761260986
0.046974003314971924
0.024695783853530884
0.0
0.03270465135574341
0.04426175355911255
0.037883952260017395
0.05932989716529846
0.020119860768318176
0.00966799259185791
0.025379300117492676
0.03467446565628052
0.05012798309326172
0.053888797760009766
0.017885684967041016
0.0
0.0
0.03372347354888916
0.0
0.030110269784927368
0.03839865326881409
0.003875553607940674
0.012156203389167786
0.0
0.0
0.05026674270629883
0.037134647369384766
0.0
0.047528743743896484
0.046516239643096924
0.053741455078125
0.015675261616706848
0.03779411315917969
0.016814231872558594
0.05152475833892822
0.02282869815826416
0.009804725646972656
0.05566635727882385
0.0
0.0986117422580719
0.0
0.0
0.008405983448028564
0.027852356433868408
0.0
0.018906235694885254
0.026862740516662598
0.008008301258087158
0.08637657761573792
0.04487401247024536
0.033189013600349426
0.05426473915576935
0.021849066019058228
0.030906498432159424
0.03031313419342041
0.00816364586353302
0.0404852032661438
0.01473855972290039
0.0030052214860916138
0.0
0.03189869225025177
0.0151614248752594
0.008707240223884583
0.052996158599853516
0.03590470552444458
0.0
0.0
0.017548680305480957
0.008548736572265625
0.0
0.02221357822418213
0.053542912006378174
0.05341072380542755
0.016285806894302368
0.045032799243927
0.04659147560596466
0.014804080128669739
0.03435058891773224
0.05420294404029846
0.0035926103591918945
0.05715036392211914
0.012448310852050781
0.016720116138458252
0.0026581883430480957
0.0
0.007133126258850098
0.051014333963394165
0.0702366828918457
0.07428532838821411
0.011980250477790833
0.06375133991241455
0.015851497650146484
0.01692695915699005
0.017898276448249817
0.003094494342803955
0.04226389527320862
0.012890934944152832
0.030841544270515442
0.0
0.05037575960159302
0.01889534294605255
0.006505683064460754
0.07995730638504028
0.0723203718662262
0.03652125597000122
0.036206841468811035
0.06147594749927521
0.03912937641143799
0.023670390248298645
0.02772390842437744
0.0
0.05141659080982208
0.05973529815673828
0.062182068824768066
0.0
0.03652983903884888
0.0615202933549881
0.012333303689956665
0.01159060001373291
0.10005655884742737
0.0604436993598938
0.04285842180252075
0.05973358452320099
0.021578431129455566
0.068647101521492
0.003415226936340332
0.023858368396759033
0.04367895424365997
0.0471227765083313
0.011311352252960205
0.0
0.032673180103302
0.03221285343170166
0.02433013916015625
0.020145609974861145
0.022675633430480957
0.0
0.0
0.02033531665802002
0.038594067096710205
0.04442799091339111
0.0
0.11287194490432739
0.015701010823249817
0.029552653431892395
0.020073235034942627
0.002968311309814453
0.06048145890235901
0.0
0.04432898759841919
0.03492766618728638
0.023515045642852783
0.027994543313980103
0.010638430714607239
0.03341418504714966
0.0443083792924881
0.05121918022632599
0.04536294937133789
0.00168687105178833
0.05259305238723755
0.0
0.02626621723175049
0.0
0.06396818161010742
0.0
0.05134880542755127
0.03871765732765198
0.0062427520751953125
0.018863022327423096
0.09134045243263245
0.01221543550491333
0.014227867126464844
0.0032898932695388794
0.0
0.029759526252746582
0.01864445209503174
0.03381843864917755
0.009827330708503723
0.039276719093322754
0.05877256393432617
0.017733484506607056
0.0
0.10269415378570557
0.04372560977935791
0.01615305244922638
0.03996908664703369
0.0006465911865234375
0.05346024036407471
0.08507080376148224
0.010338902473449707
0.044383347034454346
0.01052255928516388
0.03748655319213867
0.01074114441871643
0.058626651763916016
0.04643583297729492
0.0
0.036690354347229004
0.026040464639663696
0.06530141830444336
0.016205132007598877
0.006161510944366455
0.015002921223640442
0.07148581743240356
0.005949795246124268
0.0
0.042048171162605286
0.06526881456375122
0.011869251728057861
0.03166323900222778
0.022348880767822266
0.03948068618774414
0.006118595600128174
0.0
0.0006743669509887695
0.02803201973438263
0.05982142686843872
0.05053539574146271
0.04617662727832794
0.016370773315429688
0.0016785860061645508
0.03349858522415161
0.012345314025878906
0.05608263611793518
0.026853561401367188
0.041043102741241455
0.02185535430908203
0.03190584480762482
0.003833770751953125
0.025710880756378174
0.0
0.02390843629837036
0.03464555740356445
0.05728454887866974
0.0
0.051599979400634766
0.012302696704864502
0.027176856994628906
0.053594112396240234
0.0
0.033868223428726196
0.011395752429962158
0.025184154510498047
0.013182759284973145
0.03429996967315674
0.029672816395759583
0.057117760181427
0.038495928049087524

IGM
0.009623050689697266
0.047400861978530884
0.02246275544166565
0.03822898864746094
0.024286389350891113
0.028028875589370728
0.01707974076271057
0.0
0.012773633003234863
0.005381301045417786
0.015398621559143066
0.05929870903491974
0.0120927095413208
0.13267222046852112
0.05109530687332153
0.03884410858154297
0.017847657203674316
0.04637375473976135
0.01629239320755005
0.03713265061378479
0.021313190460205078
0.06593543291091919
0.0
0.11221849918365479
0.0
0.021646499633789062
0.01979827880859375
0.025541499257087708
0.009595870971679688
0.048749834299087524
0.01792660355567932
0.019336223602294922
0.002765178680419922
0.00988169014453888
0.05568523705005646
0.0
0.00021544098854064941
0.0
0.0680932104587555
0.03556394577026367
0.05309601128101349
0.060363590717315674
0.039918139576911926
0.012002289295196533
0.046398356556892395
0.058023273944854736
0.007309913635253906
0.005055427551269531
0.014371514320373535
0.0022001266479492188
0.028425991535186768
0.04325151443481445
0.0
0.0
0.046332553029060364
0.037110328674316406
0.027927592396736145
0.009084343910217285
0.0
0.0
0.07111015915870667
0.0
0.027000069618225098
0.0
0.024565041065216064
0.012150198221206665
0.029326915740966797
0.046275049448013306
0.02214546501636505
0.01822701096534729
0.0011658668518066406
0.012552738189697266
0.008216023445129395
0.057897090911865234
0.004113584756851196
0.053879931569099426
0.028507232666015625
0.0
0.01233530044555664
0.04147568345069885
0.021761536598205566
0.0
0.06673365831375122
0.03883552551269531
0.023733913898468018
0.0
0.013952642679214478
0.010301411151885986
0.029255390167236328
0.03840780258178711
0.05273151397705078
0.0
0.04880590736865997
0.037946343421936035
0.031688690185546875
0.018812373280525208
0.03365679085254669
0.04039078950881958
0.09480944275856018
0.06450891494750977
0.004042342305183411
0.014641284942626953
0.05661936104297638
0.06461134552955627
0.08702433109283447
0.08820420503616333
0.0
0.02433529496192932
0.047163963317871094
0.08089172840118408
0.02305498719215393
0.04314708709716797
0.010390952229499817
0.012694954872131348
0.026428133249282837
0.02819366753101349
0.042990878224372864
0.011109068989753723
0.01309061050415039
0.007619202136993408
0.016189396381378174
0.0
0.052806198596954346
0.06662952899932861
0.020286083221435547
0.0
0.034586623311042786
0.02506113052368164
0.0
0.0
0.03043156862258911
0.06493063271045685
0.017053425312042236
0.08314019441604614
0.04453068971633911
0.022116005420684814
0.041083723306655884
0.06111574172973633
0.03373260796070099
0.0
0.03015577793121338
0.08347094058990479
0.037603020668029785
0.0
0.03741331398487091
0.010197281837463379
0.04089862108230591
0.0049192458391189575
0.012777626514434814
0.03583517670631409
0.03875744342803955
0.0067045241594314575
0.027672410011291504
0.0354686975479126
0.05743475258350372
0.01824989914894104
0.0297277569770813
0.042523980140686035
0.0
0.04459133744239807
0.027068734169006348
0.038063645362854004
0.008589386940002441
0.031014353036880493
0.0
0.0
0.0186040997505188
0.005332663655281067
0.008978486061096191
0.04558354616165161
0.05923032760620117
0.026195526123046875
0.003064453601837158
0.04161560535430908
0.051993370056152344
0.08020678162574768
0.0015289336442947388
0.04709644615650177
0.013385593891143799
0.0472412109375
0.0774787962436676
0.042034149169921875
0.032688334584236145
0.023117363452911377
0.004319310188293457
0.0660584568977356
0.008801102638244629
0.0006008148193359375
0.0
0.003909304738044739
0.025947213172912598
0.009258866310119629
0.022829830646514893
0.050143152475357056
0.021213918924331665
0.0029517412185668945
0.06005716323852539
0.028632283210754395
0.07992154359817505
0.024084091186523438
0.021419912576675415
0.012965589761734009
0.06323690712451935
0.05395317077636719
0.06012040376663208
0.012446045875549316
0.037993818521499634
0.042377769947052
0.08159381151199341
0.03867331147193909
0.0
0.018726825714111328
0.04904194176197052
0.00037107616662979126
0.0025051236152648926
0.045619308948516846
0.12610045075416565
0.02477133274078369
0.0
0.025747209787368774
0.04260435700416565
0.01589527726173401
0.059538185596466064
0.014843583106994629
0.007108509540557861
0.010625556111335754
0.0
0.03491821885108948
0.007485583424568176
0.011397480964660645
0.07087326049804688
0.0964285135269165
0.0
0.003368854522705078
0.0372081995010376
0.12952136993408203
0.03523123264312744
0.0
0.008837416768074036
0.04908573627471924
0.07937708497047424
0.04813471436500549
0.0
0.03899259865283966
0.09073562920093536
0.011933043599128723
0.04884424805641174
0.0
0.05187779664993286
0.0
0.032388508319854736
0.0
0.09315605461597443
0.02631312608718872
0.0
0.006537154316902161
0.007132530212402344
0.07049906253814697
0.007897570729255676
0.04103738069534302
0.02550947666168213
0.031650662422180176
0.0
0.01166468858718872
0.020032882690429688
0.03871995210647583
0.0
0.08672362565994263
0.05253612995147705
0.005769848823547363
0.010952591896057129
0.0
0.06914722919464111
0.00872814655303955
0.021750926971435547
0.02773761749267578
0.011024385690689087
0.0
0.022176384925842285
0.0
0.05430050194263458
0.014372944831848145
0.04508514702320099
0.06120128929615021
0.0
0.05376005172729492
0.030834972858428955
0.0
0.10131800174713135
0.07044267654418945
0.06406861543655396
0.041010767221450806
0.037372708320617676
0.0
0.025708019733428955
0.0034180879592895508
0.062136560678482056
0.18632498383522034
0.04070921242237091
0.04563446342945099
0.04163046181201935
0.04048605263233185
0.0
0.02342522144317627
0.02951975166797638
0.05524149537086487
0.007031828165054321
0.007250428199768066
0.03073883056640625
0.0
0.030902504920959473
0.09007015824317932
0.0
0.041154682636260986
0.009931758046150208
0.06815901398658752
0.015810012817382812
0.046950533986091614
0.05311146378517151
0.0214691162109375
0.004269510507583618
0.016770482063293457
0.02487488090991974
0.0
0.0
0.029433920979499817
0.01372462511062622
0.026185229420661926
0.028190523386001587
0.006491377949714661
0.08954544365406036
0.07532472908496857
0.0
0.0677899420261383
0.04187622666358948
0.042253315448760986
0.04003345966339111
0.028289511799812317
0.05396461486816406
0.04476958513259888
0.0
0.04891091585159302
0.0
0.020216286182403564
0.0353519469499588
0.06671419739723206
0.010372072458267212
0.024480342864990234
0.09755459427833557
0.007924750447273254
0.0492931604385376
0.01825535297393799
0.010100841522216797
0.1125403642654419
0.00532609224319458
0.0
0.0
0.006985485553741455
0.016650870442390442
0.03551846742630005
0.03510446846485138
0.005745232105255127
0.07741671800613403
0.002126336097717285
0.07797546684741974
0.038205817341804504
0.021281719207763672
0.037473976612091064
0.0
0.039334774017333984
0.02377253770828247
0.09754171967506409
0.04279547929763794
0.014651894569396973
0.062489330768585205
0.04654569923877716
0.01970958709716797
0.019956231117248535
0.0
0.05757439136505127
0.043026357889175415
0.04135894775390625
0.07352371513843536
0.029624760150909424
0.0
0.019504457712173462
0.034154608845710754
0.0
0.03403216600418091
0.03332062065601349
0.060007691383361816
0.05624714493751526
0.05764475464820862
0.0
0.011311054229736328
0.02891409397125244
0.03539001941680908
0.030280232429504395
0.018336594104766846
0.007548242807388306
0.0799870491027832
0.011302471160888672
0.011434674263000488
0.029009059071540833
0.0337749719619751
0.007232099771499634
0.10670101642608643
0.03276616334915161
0.02270221710205078
0.02002173662185669
0.044497206807136536
0.042491912841796875
0.0
0.07007646560668945
0.04816475510597229
0.07064294815063477
0.011455252766609192
0.0579686164855957
0.0
0.039506733417510986
0.028780460357666016
0.0
0.0
0.035933613777160645
0.026041030883789062
0.0761750340461731
0.0
0.019224077463150024
0.01743192970752716
0.061747461557388306
0.006202414631843567
0.03925180435180664
0.0
0.012054920196533203
0.013025954365730286
0.03305083513259888
0.014172375202178955
0.0
0.013737201690673828
0.0
0.04706783592700958
0.020477205514907837
0.07881176471710205
0.04756021499633789
0.0118560791015625
0.025597572326660156
0.01734323799610138
0.14763766527175903
0.023701846599578857
0.0
0.04320204257965088
0.03362789750099182
0.056734681129455566
0.02489292621612549
0.05229663848876953
0.0
0.0
0.010160639882087708
0.0
0.0
0.057639896869659424
0.030780315399169922
0.0483744740486145
0.0
0.017517760396003723
0.015679270029067993
0.03309603035449982
0.053348928689956665
0.02549201250076294
0.04643726348876953
0.0015432387590408325
0.05042153596878052
0.057627588510513306
0.008446335792541504
0.03796978294849396
0.05881005525588989
0.0170365571975708
0.010748863220214844
0.02547740936279297
0.027709871530532837
0.0020665228366851807
0.057149797677993774
0.04663696885108948
0.0
0.05452996492385864
0.0
0.04565107822418213
0.055854618549346924
0.00946742296218872
0.08700716495513916
0.07533389329910278
0.04053325951099396
0.030114293098449707
0.06626701354980469
0.028304964303970337
0.06607162952423096
0.02456045150756836
0.0447993278503418
0.04574662446975708
0.05674353241920471
0.016828835010528564
0.016443729400634766
0.008950144052505493
0.019801735877990723
0.0373266339302063
0.030258774757385254
0.032342150807380676
0.06719112396240234
0.0
0.02107115089893341
0.05378609895706177
0.05396890640258789
0.04130859673023224
0.03061467409133911
0.058657288551330566
0.028149038553237915
0.07115021347999573
0.027973651885986328
0.0
0.03346338868141174
0.0168582946062088
0.08348637819290161
0.02456820011138916
0.04978382587432861
0.03193390369415283
0.007836341857910156
0.0
0.057486534118652344
0.017451956868171692
0.03617507219314575
0.05133906006813049
0.019297316670417786
0.017184734344482422
0.05291461944580078
0.03827106952667236
0.04151803255081177
0.028157055377960205
0.007846072316169739
0.008883193135261536
0.03503066301345825
0.033988386392593384
0.021014809608459473
0.06323833763599396
0.05524265766143799
0.07744818925857544
0.04943305253982544
0.047492414712905884
0.03163778781890869
0.01331263780593872
0.03604431450366974
0.002227604389190674
0.016147330403327942
0.032886892557144165
0.0
0.04764920473098755
0.0
0.017614752054214478
0.053406715393066406
0.041985511779785156
0.04480248689651489
0.09085208177566528
0.05279131233692169
0.0020436346530914307
0.0
0.00588226318359375
0.0
0.05140228569507599
0.0
0.03978884220123291
0.017513751983642578
0.03431826829910278
0.06606931984424591
0.02720719575881958
0.0
0.04954493045806885
0.03281193971633911
0.047793105244636536
0.0
0.04384203255176544
0.017114073038101196
0.021035969257354736
0.026535704731941223
0.05276298522949219
0.025925159454345703
0.05891704559326172
0.0
0.0
0.01575794816017151
0.0411197692155838
0.054725080728530884
0.05742388963699341
0.02056819200515747
0.05881348252296448
0.02836933732032776
0.02821427583694458
0.016889214515686035
0.06238377094268799
0.0
0.03789883852005005
0.017311766743659973
0.04014873504638672
0.012540161609649658
0.049189865589141846
0.035993099212646484
0.09180766344070435
0.09410706162452698
0.021144390106201172
0.010875612497329712
0.04243297874927521
0.08937521278858185
0.04137611389160156
0.05087442696094513
0.05896341800689697
0.05526268482208252
0.030561164021492004
0.010571777820587158
0.045963481068611145
0.0056182146072387695
0.025655090808868408
0.05581998825073242
0.039438068866729736
0.04085083305835724
0.05317297577857971
0.039617449045181274
0.05977821350097656
0.023674681782722473
0.06711703538894653
0.013686567544937134
0.029895126819610596
0.007435515522956848
0.0
0.0
0.030578330159187317
0.011625200510025024
0.005722641944885254
0.02584707736968994
0.020723536610603333
0.0
0.004852592945098877
0.0
0.0
0.0
0.03692352771759033
0.08741629123687744
0.054930806159973145
0.022655010223388672
0.017382442951202393
0.0
0.02168455719947815
0.05136537551879883
0.04503364861011505
0.024296671152114868
0.03493566811084747
0.024699509143829346
0.05091848969459534
0.0
0.07405388355255127
0.019970804452896118
0.018699362874031067
0.03716269135475159
0.04261322319507599
0.008589938282966614
0.0804101973772049
0.018945693969726562
0.030401527881622314
0.016407132148742676
0.08765287697315216
0.04736769199371338
0.021740078926086426
0.0
0.033771812915802
0.0
0.0
0.06558036804199219
0.03226318955421448
0.015889286994934082
0.0
0.0
0.027648359537124634
0.0
0.011390328407287598
0.07085639238357544
0.0
0.012835144996643066
0.027746498584747314
0.0
0.022435009479522705
0.0
0.0
0.0
0.011857807636260986
0.05104207992553711
0.0
0.06662435829639435
0.03292150795459747
0.007624626159667969
0.027479559183120728
0.017080307006835938
0.025360971689224243
0.0016736984252929688
0.057681381702423096
0.024756431579589844
0.012868314981460571
0.0035811662673950195
0.023156553506851196
0.05120861530303955
0.012859731912612915
0.014107704162597656
0.0
0.04310619831085205
0.0
0.032978177070617676
0.04116526246070862
0.036672309041023254
0.012221157550811768
0.01798868179321289
0.019724488258361816
0.0
0.0
0.008732989430427551
0.012715250253677368
0.06729269027709961
0.04280978441238403
0.056280046701431274
0.051912128925323486
0.0
0.08786946535110474
0.019778847694396973
0.0
0.045748621225357056
0.02280294895172119
0.009374737739562988
0.09556734561920166
0.032087236642837524
0.0
8.240342140197754e-05
0.048228561878204346
0.06718054413795471
0.07790881395339966
0.0
0.0
0.053444504737854004
0.0334244966506958
0.06532460451126099
0.024730682373046875
0.041540056467056274
0.01883155107498169
0.06031668186187744
0.03464841842651367
0.0
0.06019449234008789
0.0
0.05064983665943146
0.04863825440406799
0.025204181671142578
0.0
0.033522605895996094
0.04653826355934143
0.03952103853225708
0.06216144561767578
0.020414263010025024
0.00978100299835205
0.02672797441482544
0.03545951843261719
0.05178537964820862
0.056415945291519165
0.018264204263687134
0.0
0.0
0.034514546394348145
0.0
0.03097286820411682
0.040204524993896484
0.0038712620735168457
0.012228012084960938
0.0
0.0
0.05339355766773224
0.038283348083496094
0.0
0.049207597970962524
0.04930317401885986
0.05679047107696533
0.016093850135803223
0.03771001100540161
0.01700448989868164
0.053099751472473145
0.0230349600315094
0.010001301765441895
0.05927896499633789
0.0
0.10488195717334747
0.0
0.0
0.00841599702835083
0.027565956115722656
0.0
0.02070409059524536
0.027603447437286377
0.00812530517578125
0.09351968765258789
0.04651108384132385
0.033442795276641846
0.05807819962501526
0.023398593068122864
0.031843483448028564
0.03181803226470947
0.008292675018310547
0.04119300842285156
0.014936268329620361
0.0030115246772766113
0.0
0.03262940049171448
0.01526099443435669
0.008738994598388672
0.059574514627456665
0.037143826484680176
0.0
0.0
0.01759500801563263
0.008587077260017395
0.0
0.022640705108642578
0.05675613880157471
0.05605602264404297
0.01436007022857666
0.047476962208747864
0.06505480408668518
0.015044406056404114
0.036785319447517395
0.056314945220947266
0.0036226511001586914
0.06064768135547638
0.012525558471679688
0.017063140869140625
0.002659618854522705
0.0
0.007163435220718384
0.0534968376159668
0.07784414291381836
0.07650747895240784
0.012043476104736328
0.06756222248077393
0.015932202339172363
0.017084896564483643
0.018414407968521118
0.0031073689460754395
0.043739914894104004
0.013408184051513672
0.033052265644073486
0.0
0.05200853943824768
0.019086748361587524
0.006520867347717285
0.08818073570728302
0.07594442367553711
0.03881180286407471
0.03779470920562744
0.06438076496124268
0.040221408009529114
0.02464599907398224
0.02841740846633911
0.0
0.04905712604522705
0.06309759616851807
0.06738395988941193
0.0
0.03776407241821289
0.06899130344390869
0.012418568134307861
0.011652380228042603
0.1167723685503006
0.06400251388549805
0.04496842622756958
0.06351128220558167
0.02198582887649536
0.07880201935768127
0.003417491912841797
0.024773597717285156
0.04500705003738403
0.04842539131641388
0.011537939310073853
0.0
0.03313179314136505
0.03277960419654846
0.024837687611579895
0.02041226625442505
0.02305355668067932
0.0
0.0
0.020666033029556274
0.0407944917678833
0.04530632495880127
0.0
0.12236423790454865
0.015810877084732056
0.030778884887695312
0.02025604248046875
0.0029969215393066406
0.06270134449005127
0.0
0.0467219352722168
0.03598594665527344
0.02434273064136505
0.028801918029785156
0.010666757822036743
0.03456002473831177
0.04650592803955078
0.05469989776611328
0.04647475481033325
0.00168628990650177
0.05453196167945862
0.0
0.027225494384765625
0.0
0.06288158893585205
0.0
0.05389910936355591
0.04058104753494263
0.006255060434341431
0.019129395484924316
0.10039472579956055
0.01233072578907013
0.014318853616714478
0.003291606903076172
0.0
0.030136018991470337
0.01894056797027588
0.03496372699737549
0.00985737144947052
0.04274769127368927
0.06167250871658325
0.01808452606201172
0.0
0.10965901613235474
0.04467201232910156
0.0163499116897583
0.041000187397003174
0.0006468892097473145
0.05723536014556885
0.10209274291992188
0.010433584451675415
0.04574120044708252
0.010445311665534973
0.03838378190994263
0.010954856872558594
0.06083279848098755
0.04766494035720825
0.0
0.03770714998245239
0.027529358863830566
0.07320499420166016
0.01634359359741211
0.006182387471199036
0.015499025583267212
0.07549038529396057
0.0060178786516189575
0.0
0.043578267097473145
0.07143402099609375
0.011925891041755676
0.03283512592315674
0.022603511810302734
0.04143333435058594
0.006133750081062317
0.0
0.0006749182939529419
0.028462320566177368
0.06282293796539307
0.05418264865875244
0.04774504899978638
0.01679450273513794
0.001682877540588379
0.0346827507019043
0.012423157691955566
0.060056328773498535
0.02735769748687744
0.042551711201667786
0.021771252155303955
0.03312122821807861
0.00384521484375
0.026766598224639893
0.0
0.026163488626480103
0.034630969166755676
0.06016618013381958
0.0
0.055323317646980286
0.012411117553710938
0.027828603982925415
0.056401073932647705
0.0
0.03480120003223419
0.01143866777420044
0.025533199310302734
0.013006806373596191
0.03646576404571533
0.030483633279800415
0.05997878313064575
0.04008609056472778
