
SAPA
60.0
432.0
201.0
207.0
1000
1000
144.0
0.0
207.0
33.0
444.0
588.0
57.0
666.0
528.0
261.0
160.0
306.0
72.0
1000
375.0
83.0
0.0
781.0
0.0
135.0
135.0
138.0
81.0
1000
1000
132.0
3.0
64.0
480.0
0.0
3.0
0.0
532.0
201.0
594.0
744.0
426.0
1000
314.0
602.0
54.0
21.0
120.0
1000
207.0
222.0
0.0
0.0
261.0
309.0
296.0
43.0
0.0
0.0
513.0
0.0
1000
0.0
1000
66.0
246.0
933.0
213.0
108.0
3.0
1000
18.0
498.0
12.0
405.0
318.0
0.0
144.0
201.0
351.0
0.0
546.0
405.0
155.0
0.0
711.0
24.0
264.0
378.0
474.0
0.0
375.0
1000
144.0
1000
1000
66.0
369.0
369.0
198.0
72.0
1000
225.0
576.0
442.0
0.0
1000
491.0
705.0
90.0
327.0
1000
159.0
210.0
270.0
270.0
45.0
12.0
423.0
75.0
0.0
426.0
309.0
36.0
0.0
177.0
318.0
0.0
0.0
291.0
448.0
141.0
864.0
414.0
192.0
693.0
609.0
120.0
0.0
1000
519.0
1000
0.0
573.0
48.0
1000
165.0
115.0
318.0
201.0
21.0
1000
129.0
372.0
111.0
129.0
471.0
0.0
453.0
87.0
258.0
1000
1000
0.0
0.0
99.0
12.0
42.0
143.0
407.0
126.0
6.0
300.0
318.0
706.0
3.0
408.0
63.0
435.0
180.0
306.0
333.0
135.0
3.0
480.0
866.0
3.0
0.0
6.0
155.0
69.0
99.0
354.0
144.0
3.0
385.0
108.0
498.0
366.0
174.0
39.0
285.0
720.0
330.0
54.0
315.0
249.0
504.0
474.0
0.0
78.0
234.0
3.0
3.0
408.0
790.0
525.0
0.0
147.0
525.0
1000
543.0
96.0
18.0
195.0
0.0
213.0
27.0
702.0
612.0
662.0
0.0
3.0
321.0
648.0
153.0
0.0
21.0
364.0
543.0
429.0
0.0
429.0
444.0
54.0
309.0
0.0
585.0
0.0
228.0
0.0
524.0
369.0
0.0
54.0
33.0
414.0
108.0
696.0
201.0
456.0
0.0
42.0
225.0
276.0
0.0
447.0
342.0
24.0
78.0
0.0
750.0
24.0
111.0
354.0
134.0
0.0
204.0
0.0
453.0
117.0
1000
315.0
0.0
441.0
192.0
0.0
642.0
579.0
603.0
234.0
1000
0.0
180.0
3.0
1000
495.0
357.0
1000
1000
1000
0.0
96.0
1000
273.0
27.0
39.0
474.0
0.0
237.0
1000
0.0
96.0
408.0
552.0
237.0
420.0
279.0
204.0
33.0
135.0
131.0
0.0
0.0
207.0
96.0
156.0
333.0
1000
684.0
799.0
0.0
1000
1000
633.0
252.0
276.0
264.0
480.0
0.0
1000
0.0
135.0
233.0
482.0
6.0
1000
696.0
36.0
570.0
156.0
46.0
456.0
12.0
0.0
0.0
105.0
78.0
303.0
501.0
12.0
564.0
6.0
651.0
615.0
270.0
297.0
0.0
441.0
240.0
633.0
486.0
225.0
989.0
414.0
104.0
282.0
0.0
1000
1000
591.0
216.0
183.0
0.0
18.0
363.0
0.0
237.0
309.0
441.0
750.0
1000
0.0
417.0
1000
441.0
279.0
96.0
27.0
720.0
12.0
103.0
84.0
294.0
21.0
729.0
123.0
78.0
747.0
471.0
174.0
0.0
1000
350.0
607.0
72.0
599.0
0.0
222.0
141.0
0.0
0.0
315.0
99.0
573.0
0.0
252.0
222.0
1000
33.0
174.0
0.0
90.0
66.0
477.0
201.0
0.0
108.0
0.0
523.0
129.0
606.0
529.0
42.0
303.0
114.0
393.0
276.0
0.0
282.0
545.0
555.0
210.0
315.0
0.0
0.0
54.0
0.0
0.0
383.0
1000
336.0
0.0
57.0
69.0
176.0
399.0
279.0
444.0
3.0
511.0
743.0
36.0
674.0
492.0
1000
105.0
132.0
135.0
3.0
1000
246.0
0.0
363.0
0.0
483.0
536.0
60.0
480.0
549.0
116.0
162.0
561.0
198.0
312.0
204.0
216.0
318.0
156.0
111.0
1000
24.0
138.0
381.0
315.0
288.0
354.0
0.0
156.0
348.0
1000
1000
249.0
435.0
189.0
608.0
475.0
0.0
186.0
81.0
607.0
312.0
354.0
261.0
21.0
0.0
566.0
189.0
1000
594.0
84.0
369.0
270.0
1000
1000
1000
18.0
9.0
333.0
252.0
282.0
1000
498.0
351.0
618.0
291.0
1000
36.0
354.0
6.0
243.0
183.0
0.0
540.0
0.0
1000
572.0
422.0
216.0
489.0
387.0
1000
0.0
18.0
0.0
543.0
0.0
339.0
156.0
1000
591.0
270.0
0.0
837.0
1000
525.0
0.0
277.0
153.0
117.0
507.0
552.0
231.0
438.0
0.0
0.0
147.0
531.0
594.0
1000
496.0
366.0
1000
180.0
57.0
366.0
0.0
270.0
66.0
279.0
186.0
351.0
228.0
738.0
1000
231.0
180.0
471.0
904.0
1000
570.0
555.0
429.0
135.0
78.0
1000
1000
162.0
502.0
216.0
729.0
465.0
534.0
558.0
505.0
957.0
69.0
491.0
44.0
0.0
0.0
1000
108.0
81.0
1000
118.0
0.0
6.0
0.0
0.0
0.0
216.0
573.0
285.0
81.0
75.0
0.0
168.0
473.0
228.0
261.0
324.0
1000
645.0
0.0
524.0
232.0
72.0
336.0
693.0
51.0
788.0
1000
384.0
84.0
648.0
414.0
152.0
0.0
1000
0.0
0.0
390.0
129.0
300.0
0.0
0.0
212.0
0.0
33.0
1000
0.0
81.0
496.0
0.0
153.0
0.0
0.0
0.0
24.0
630.0
0.0
474.0
243.0
27.0
171.0
90.0
279.0
6.0
681.0
120.0
60.0
9.0
222.0
246.0
48.0
411.0
0.0
333.0
0.0
153.0
294.0
228.0
126.0
48.0
93.0
0.0
0.0
51.0
105.0
519.0
761.0
620.0
246.0
0.0
668.0
165.0
0.0
414.0
516.0
21.0
552.0
381.0
0.0
3.0
378.0
643.0
513.0
0.0
0.0
555.0
447.0
693.0
288.0
291.0
1000
1000
438.0
0.0
462.0
0.0
339.0
367.0
153.0
0.0
1000
165.0
192.0
666.0
195.0
1000
1000
222.0
456.0
216.0
150.0
0.0
0.0
474.0
0.0
342.0
1000
12.0
498.0
0.0
0.0
1000
153.0
0.0
279.0
425.0
525.0
1000
372.0
363.0
385.0
177.0
1000
393.0
0.0
587.0
0.0
0.0
174.0
237.0
0.0
298.0
225.0
45.0
586.0
571.0
249.0
513.0
87.0
81.0
162.0
24.0
567.0
150.0
39.0
0.0
498.0
54.0
66.0
163.0
417.0
0.0
0.0
96.0
1000
0.0
306.0
447.0
534.0
51.0
468.0
1000
66.0
141.0
582.0
15.0
534.0
54.0
99.0
15.0
0.0
24.0
357.0
555.0
775.0
405.0
504.0
90.0
171.0
192.0
6.0
456.0
36.0
171.0
0.0
765.0
138.0
27.0
288.0
351.0
420.0
282.0
609.0
363.0
213.0
1000
0.0
294.0
588.0
484.0
0.0
522.0
441.0
159.0
24.0
630.0
281.0
204.0
612.0
185.0
348.0
3.0
129.0
459.0
201.0
63.0
0.0
42.0
556.0
453.0
252.0
147.0
0.0
0.0
165.0
1000
666.0
0.0
782.0
144.0
165.0
324.0
9.0
411.0
0.0
1000
1000
123.0
132.0
69.0
343.0
774.0
180.0
555.0
3.0
507.0
0.0
450.0
0.0
467.0
0.0
210.0
450.0
15.0
1000
738.0
483.0
180.0
3.0
0.0
324.0
1000
267.0
63.0
321.0
438.0
144.0
0.0
666.0
219.0
84.0
357.0
3.0
441.0
858.0
57.0
296.0
30.0
456.0
123.0
408.0
436.0
0.0
174.0
102.0
702.0
1000
15.0
111.0
504.0
39.0
0.0
495.0
384.0
625.0
360.0
379.0
1000
1000
0.0
3.0
486.0
582.0
543.0
456.0
108.0
3.0
585.0
57.0
372.0
474.0
192.0
429.0
555.0
3.0
438.0
0.0
234.0
329.0
468.0
0.0
531.0
372.0
198.0
291.0
0.0
584.0
192.0
1000
48.0
195.0
237.0
384.0
324.0

PA
23.0
104.0
50.0
70.0
1000
1000
47.0
0.0
32.0
11.0
231.0
284.0
28.0
234.0
299.0
114.0
65.0
113.0
23.0
1000
64.0
27.0
0.0
304.0
0.0
48.0
46.0
59.0
30.0
1000
1000
47.0
2.0
17.0
299.0
0.0
1.0
0.0
301.0
79.0
163.0
196.0
212.0
1000
82.0
385.0
13.0
11.0
31.0
1000
71.0
124.0
0.0
0.0
61.0
86.0
101.0
19.0
0.0
0.0
280.0
0.0
1000
0.0
1000
31.0
58.0
81.0
57.0
43.0
1.0
1000
12.0
339.0
6.0
218.0
93.0
0.0
13.0
45.0
48.0
0.0
204.0
109.0
32.0
0.0
134.0
11.0
57.0
128.0
97.0
0.0
122.0
1000
123.0
1000
1000
37.0
124.0
137.0
11.0
33.0
294.0
130.0
284.0
95.0
0.0
1000
103.0
263.0
54.0
75.0
1000
25.0
45.0
60.0
95.0
17.0
11.0
20.0
28.0
0.0
77.0
118.0
25.0
0.0
48.0
143.0
0.0
0.0
106.0
153.0
46.0
374.0
92.0
72.0
172.0
102.0
99.0
0.0
1000
349.0
1000
0.0
132.0
27.0
1000
17.0
20.0
64.0
83.0
8.0
1000
52.0
208.0
51.0
64.0
248.0
0.0
283.0
32.0
67.0
1000
1000
0.0
0.0
29.0
11.0
21.0
53.0
170.0
30.0
6.0
112.0
176.0
305.0
2.0
244.0
32.0
130.0
64.0
92.0
116.0
99.0
2.0
342.0
65.0
2.0
0.0
2.0
67.0
18.0
49.0
154.0
84.0
3.0
165.0
53.0
201.0
153.0
42.0
13.0
136.0
202.0
162.0
11.0
85.0
160.0
262.0
120.0
0.0
39.0
50.0
1.0
3.0
65.0
147.0
255.0
0.0
64.0
166.0
1000
267.0
22.0
9.0
37.0
0.0
48.0
16.0
77.0
217.0
236.0
0.0
2.0
91.0
272.0
98.0
0.0
9.0
99.0
226.0
218.0
0.0
203.0
194.0
14.0
134.0
0.0
147.0
0.0
139.0
0.0
269.0
71.0
0.0
18.0
19.0
129.0
25.0
220.0
92.0
111.0
0.0
16.0
41.0
56.0
0.0
187.0
221.0
6.0
39.0
0.0
226.0
6.0
35.0
114.0
25.0
0.0
40.0
0.0
160.0
35.0
1000
106.0
0.0
269.0
43.0
0.0
257.0
177.0
230.0
160.0
1000
0.0
28.0
3.0
1000
161.0
110.0
1000
1000
1000
0.0
42.0
1000
62.0
14.0
20.0
108.0
0.0
106.0
1000
0.0
45.0
34.0
155.0
33.0
242.0
153.0
84.0
7.0
39.0
39.0
0.0
0.0
101.0
45.0
90.0
129.0
1000
148.0
286.0
0.0
1000
1000
320.0
161.0
44.0
89.0
95.0
0.0
1000
0.0
53.0
112.0
221.0
5.0
1000
160.0
13.0
215.0
37.0
16.0
101.0
9.0
0.0
0.0
24.0
13.0
37.0
254.0
5.0
383.0
3.0
150.0
66.0
37.0
116.0
0.0
82.0
177.0
290.0
247.0
32.0
123.0
211.0
36.0
128.0
0.0
1000
1000
325.0
38.0
45.0
0.0
8.0
138.0
0.0
89.0
130.0
165.0
129.0
1000
0.0
62.0
1000
240.0
158.0
29.0
6.0
335.0
5.0
34.0
49.0
67.0
12.0
174.0
36.0
31.0
31.0
271.0
36.0
0.0
1000
84.0
244.0
15.0
112.0
0.0
97.0
44.0
0.0
0.0
94.0
59.0
327.0
0.0
134.0
68.0
1000
12.0
122.0
0.0
42.0
31.0
178.0
103.0
0.0
17.0
0.0
243.0
93.0
368.0
150.0
9.0
126.0
80.0
147.0
124.0
0.0
84.0
104.0
220.0
52.0
137.0
0.0
0.0
20.0
0.0
0.0
119.0
1000
138.0
0.0
33.0
21.0
41.0
154.0
56.0
283.0
1.0
277.0
102.0
18.0
79.0
264.0
1000
18.0
92.0
67.0
3.0
1000
84.0
0.0
194.0
0.0
148.0
208.0
25.0
207.0
269.0
39.0
69.0
193.0
55.0
114.0
69.0
94.0
105.0
22.0
54.0
1000
11.0
63.0
194.0
69.0
96.0
147.0
0.0
97.0
225.0
1000
1000
47.0
264.0
51.0
147.0
51.0
0.0
51.0
25.0
220.0
126.0
143.0
27.0
11.0
0.0
196.0
30.0
272.0
306.0
23.0
62.0
135.0
1000
1000
1000
15.0
5.0
109.0
69.0
86.0
1000
328.0
280.0
316.0
88.0
1000
18.0
86.0
4.0
23.0
75.0
0.0
192.0
0.0
1000
176.0
147.0
137.0
183.0
198.0
1000
0.0
10.0
0.0
160.0
0.0
130.0
42.0
1000
138.0
45.0
0.0
36.0
1000
80.0
0.0
92.0
57.0
63.0
301.0
122.0
130.0
188.0
0.0
0.0
85.0
134.0
270.0
1000
55.0
118.0
1000
52.0
21.0
220.0
0.0
159.0
50.0
109.0
24.0
128.0
115.0
300.0
1000
36.0
71.0
182.0
374.0
1000
123.0
168.0
187.0
89.0
30.0
1000
1000
40.0
159.0
151.0
215.0
207.0
83.0
264.0
88.0
447.0
40.0
258.0
11.0
0.0
0.0
1000
21.0
19.0
1000
25.0
0.0
5.0
0.0
0.0
0.0
98.0
300.0
206.0
23.0
30.0
0.0
33.0
289.0
151.0
73.0
110.0
1000
161.0
0.0
168.0
45.0
52.0
67.0
314.0
27.0
465.0
1000
68.0
39.0
236.0
89.0
49.0
0.0
1000
0.0
0.0
172.0
68.0
154.0
0.0
0.0
21.0
0.0
16.0
1000
0.0
28.0
211.0
0.0
38.0
0.0
0.0
0.0
11.0
98.0
0.0
204.0
92.0
12.0
51.0
51.0
99.0
5.0
332.0
43.0
14.0
5.0
131.0
163.0
9.0
35.0
0.0
223.0
0.0
57.0
100.0
95.0
40.0
23.0
71.0
0.0
0.0
16.0
26.0
157.0
128.0
222.0
105.0
0.0
211.0
27.0
0.0
235.0
74.0
10.0
271.0
194.0
0.0
1.0
150.0
98.0
191.0
0.0
0.0
164.0
255.0
267.0
52.0
192.0
1000
1000
110.0
0.0
126.0
0.0
160.0
130.0
65.0
0.0
1000
102.0
83.0
300.0
104.0
1000
1000
56.0
149.0
157.0
42.0
0.0
0.0
66.0
0.0
85.0
1000
8.0
12.0
0.0
0.0
1000
107.0
0.0
134.0
189.0
243.0
1000
100.0
80.0
121.0
45.0
1000
89.0
0.0
167.0
0.0
0.0
31.0
113.0
0.0
116.0
122.0
30.0
315.0
95.0
48.0
323.0
45.0
73.0
53.0
21.0
99.0
35.0
4.0
0.0
151.0
29.0
42.0
36.0
229.0
0.0
0.0
28.0
1000
0.0
66.0
250.0
354.0
26.0
211.0
1000
28.0
42.0
165.0
10.0
140.0
31.0
44.0
5.0
0.0
5.0
168.0
225.0
169.0
252.0
292.0
60.0
29.0
35.0
3.0
181.0
29.0
143.0
0.0
165.0
40.0
9.0
100.0
139.0
129.0
98.0
368.0
88.0
164.0
1000
0.0
70.0
167.0
199.0
0.0
182.0
108.0
28.0
11.0
289.0
78.0
87.0
190.0
72.0
190.0
3.0
43.0
261.0
70.0
18.0
0.0
19.0
330.0
72.0
57.0
67.0
0.0
0.0
47.0
1000
172.0
0.0
226.0
29.0
116.0
92.0
6.0
123.0
0.0
1000
1000
74.0
51.0
24.0
79.0
129.0
135.0
184.0
2.0
243.0
0.0
160.0
0.0
163.0
0.0
65.0
227.0
16.0
1000
374.0
149.0
66.0
3.0
0.0
64.0
1000
78.0
22.0
102.0
251.0
48.0
0.0
338.0
52.0
41.0
155.0
1.0
110.0
368.0
15.0
96.0
12.0
116.0
20.0
151.0
94.0
0.0
33.0
77.0
242.0
1000
8.0
44.0
350.0
7.0
0.0
129.0
197.0
18.0
65.0
50.0
1000
4.0
0.0
2.0
261.0
197.0
157.0
165.0
40.0
2.0
59.0
11.0
167.0
93.0
122.0
54.0
115.0
2.0
58.0
0.0
177.0
105.0
64.0
0.0
223.0
41.0
114.0
100.0
0.0
67.0
27.0
1000
23.0
82.0
57.0
241.0
119.0
