
BA
1.8382184505462646
1.409095287322998
0.7587995529174805
1.3017491102218628
0.8456277847290039
0.9387829899787903
0.4896964132785797
0.0
1.3323087692260742
0.19863389432430267
0.5005128383636475
1.9502050876617432
0.35572001338005066
3.609750509262085
2.9323556423187256
1.440796971321106
1.165884256362915
1.6590169668197632
0.5025476813316345
1.191477656364441
0.6951477527618408
1.1925816535949707
0.0
3.229837417602539
0.0
1.8373783826828003
0.7909246683120728
0.8420428037643433
0.36722302436828613
2.1152496337890625
0.7565948963165283
0.6475696563720703
1.093369722366333
0.28990644216537476
2.921217918395996
0.0
1.1300917863845825
0.0
3.1056549549102783
1.148984670639038
2.2567055225372314
1.7556072473526
2.200080394744873
0.40660351514816284
1.6119798421859741
2.097994565963745
1.3041576147079468
0.1930222511291504
0.5184605121612549
0.0783754214644432
0.9750432372093201
1.4377800226211548
0.0
0.0
1.3867453336715698
1.1744980812072754
1.016479730606079
0.2882591784000397
0.0
0.0
2.5356221199035645
0.0
0.8766921162605286
0.0
0.8698968291282654
0.4479861259460449
1.043174386024475
1.4498560428619385
1.5170091390609741
0.6324020028114319
0.12160027027130127
0.3884339928627014
0.28760942816734314
2.841928720474243
0.1347128003835678
1.9707293510437012
1.0813981294631958
0.0
1.0022692680358887
1.0850471258163452
0.7373362183570862
0.0
1.6323518753051758
1.211143136024475
0.8815209865570068
0.0
0.47084182500839233
0.265496164560318
1.7964853048324585
1.3212445974349976
1.9783467054367065
0.0
1.6706743240356445
1.6251473426818848
1.1933199167251587
0.7165650129318237
1.3524903059005737
0.7759206891059875
2.5345067977905273
2.6921448707580566
0.145631805062294
0.47670045495033264
1.5962015390396118
1.5006595849990845
2.658700704574585
1000
0.0
0.8587191104888916
1.520445704460144
2.5244967937469482
0.6254355907440186
2.772895097732544
0.9268250465393066
0.394329696893692
0.88640958070755
1.4380019903182983
1.009321928024292
0.43859004974365234
0.9197489023208618
0.2959965169429779
0.556409478187561
0.0
2.1649973392486572
1.6823934316635132
0.6659790873527527
0.0
1.0244251489639282
1.299136757850647
0.0
0.0
0.9075744152069092
2.0570390224456787
0.6519776582717896
2.2293107509613037
1000
0.8048976063728333
1.3551025390625
2.153669834136963
1.053633213043213
0.0
0.9200507402420044
3.6438939571380615
1.1461098194122314
0.0
1.6496608257293701
0.5419490337371826
1.5893959999084473
0.17709985375404358
0.8845446109771729
1.2319797277450562
1.9340031147003174
0.22445419430732727
0.9423884153366089
1.1231813430786133
2.0986948013305664
0.595560610294342
0.863726794719696
2.331465482711792
0.0
1.6052356958389282
0.9156743288040161
1.1831262111663818
0.3136151432991028
1.2735755443572998
0.0
0.0
0.6769797205924988
0.16440993547439575
0.4518515467643738
1.2140074968338013
1.9377989768981934
0.8093633055686951
0.10677624493837357
1.3203785419464111
1.7888474464416504
2.6883585453033447
1.6637681722640991
1.5730736255645752
0.47752028703689575
1.450763463973999
2.0743541717529297
2.07150936126709
1.2428635358810425
0.8355307579040527
0.609370231628418
1.5848069190979004
0.26846545934677124
0.024674901738762856
0.0
0.11608289927244186
0.8939512968063354
0.3496447801589966
0.7198105454444885
1.9228602647781372
0.8433399200439453
0.09712599962949753
2.0410687923431396
0.9100595116615295
2.7895960807800293
0.8953084349632263
0.6562049984931946
0.3960082530975342
1.8313496112823486
1.986110806465149
1.8903961181640625
0.45124438405036926
1.4187994003295898
1.307257056236267
2.6495633125305176
1.3274245262145996
0.0
0.736244261264801
2.302549123764038
0.014267819933593273
0.09556840360164642
1.1978784799575806
4.563523769378662
1.1676177978515625
0.0
0.9023271799087524
2.719503164291382
0.7108963131904602
2.011749267578125
1.378644585609436
0.20799578726291656
0.3763333857059479
0.0
0.8924018740653992
0.26624953746795654
0.4632667899131775
2.7375028133392334
3.1025471687316895
0.0
0.11703907698392868
1.3624001741409302
2.9016661643981934
1.0056556463241577
0.0
0.26108914613723755
2.2362380027770996
2.8011555671691895
1.898582100868225
0.0
1.4249330759048462
2.3424954414367676
0.7913497686386108
1.5174378156661987
0.0
2.22637677192688
0.0
1.2839341163635254
0.0
2.94150710105896
1.0445232391357422
0.0
0.2438916116952896
0.26108023524284363
3.170344114303589
0.2869405448436737
2.0758023262023926
0.949832558631897
1.1143847703933716
0.0
0.43189573287963867
1.954707145690918
1.1637095212936401
0.0
2.52911114692688
2.010699510574341
0.17351330816745758
0.38248971104621887
0.0
2.1565778255462646
0.2139158546924591
1.1808297634124756
1.5907182693481445
0.36205780506134033
0.0
0.9311475157737732
0.0
2.3318629264831543
0.48975467681884766
1.6653358936309814
1.5838499069213867
0.0
2.5502922534942627
0.9728100299835205
0.0
2.8808822631835938
1.8988358974456787
3.0966670513153076
1.476090431213379
1.3903610706329346
0.0
1.0044246912002563
0.09717453271150589
1.811313509941101
3.157698631286621
1.491593599319458
1.6522563695907593
1.4089857339859009
1.6217879056930542
0.0
0.8355721235275269
0.9757311940193176
1000
0.2694840133190155
1.2311468124389648
3.0466861724853516
0.0
1.2120459079742432
3.1127305030822754
0.0
1.1121230125427246
0.3978767395019531
2.581667423248291
0.5791115760803223
1.5661295652389526
1.558451533317566
0.7383303046226501
0.1546756476163864
0.6376111507415771
0.7427979111671448
0.0
0.0
1.2042179107666016
0.4724481403827667
1.10210382938385
1.397955060005188
0.2685626447200775
2.5215072631835938
2.7365658283233643
0.0
2.213186502456665
1.701395869255066
2.8402037620544434
1.367484450340271
1.4570173025131226
2.155780792236328
1.7045964002609253
0.0
2.2578468322753906
0.0
0.7492074370384216
1.2877237796783447
2.469271659851074
0.18304561078548431
1.275892972946167
2.632765293121338
0.3128553330898285
1.6679446697235107
0.6490700244903564
0.3430235981941223
4.133971691131592
0.191049262881279
0.0
0.0
0.23657767474651337
0.8845345973968506
2.3783679008483887
1.222273826599121
0.213067427277565
2.7549068927764893
0.07312602549791336
2.3739218711853027
1.3311073780059814
0.8234128355979919
1.507654070854187
0.0
1.2850548028945923
1.7994893789291382
2.9705255031585693
2.302928924560547
0.4492705166339874
2.0058014392852783
2.4040772914886475
0.6281641125679016
0.714268147945404
0.0
2.479111671447754
1.6845078468322754
1.6916037797927856
1.3187462091445923
0.9686471223831177
0.0
0.4576757550239563
1.2408756017684937
0.0
1.360306978225708
1.142624020576477
1.8824682235717773
1.535366177558899
2.3134326934814453
0.0
0.6416153907775879
1.0559622049331665
2.4030814170837402
1.4852533340454102
0.6102556586265564
0.25931888818740845
2.3059475421905518
0.36986058950424194
0.43707171082496643
0.9691336154937744
1.2812777757644653
0.21800030767917633
3.622434139251709
0.943964958190918
0.6433457136154175
0.67027747631073
1.5592015981674194
1.8959277868270874
0.0
1.992492914199829
1000
4.01638126373291
0.3457738161087036
1.8253810405731201
0.0
1.36711585521698
0.7534705996513367
0.0
0.0
1.8284722566604614
0.8670778870582581
3.0814030170440674
0.0
1.2330423593521118
0.9042189121246338
2.326889991760254
0.2216804176568985
1.1986799240112305
0.0
0.46906304359436035
0.48606881499290466
1.2534741163253784
0.44156572222709656
0.0
2.219343900680542
0.0
1.4110510349273682
0.8530425429344177
3.1486399173736572
2.931386709213257
0.34056225419044495
0.7651340961456299
0.5869402885437012
2.694511890411377
1.2354003190994263
0.0
1.8215551376342773
1.1261317729949951
2.5267105102539062
0.8824536800384521
1.7169758081436157
0.0
0.0
0.3506616950035095
0.0
0.0
2.4935836791992188
1.7541872262954712
1000
0.0
0.48186925053596497
0.5799118280410767
1.0986428260803223
1.8704853057861328
0.9713732600212097
1.7634148597717285
0.23455360531806946
2.2573797702789307
1.7951613664627075
0.31097328662872314
1.3979761600494385
1.984106421470642
0.5997713208198547
0.36537012457847595
0.9424406290054321
0.7811580300331116
0.07774411141872406
2.2473058700561523
1.361610770225525
0.0
1.7855736017227173
0.0
2.7007923126220703
1.766528606414795
0.31545907258987427
2.1927261352539062
2.8526740074157715
1.0477523803710938
0.892387866973877
2.8292670249938965
0.7622183561325073
1.816414475440979
1.3194912672042847
1.4949461221694946
1.3994579315185547
1.4816900491714478
0.5710300207138062
0.6753207445144653
0.34834355115890503
0.7227546572685242
1.6445201635360718
1.0837763547897339
1.294689416885376
2.229361057281494
0.0
0.7113922834396362
1.705123782157898
1.9505056142807007
1.2989966869354248
0.9819211363792419
2.268380641937256
0.8305760622024536
2.3498857021331787
0.8353725075721741
0.0
1.1009721755981445
0.6384744644165039
2.5484254360198975
1.1541705131530762
1.800369143486023
0.7453826069831848
0.279630571603775
0.0
2.3781321048736572
0.625789999961853
1.1674950122833252
1.5934449434280396
0.5979016423225403
0.6181319952011108
1.8528441190719604
1.4386955499649048
2.5397558212280273
1.0684951543807983
0.2854577898979187
0.311015248298645
1.2550010681152344
1.222343921661377
0.7184193134307861
2.504894971847534
2.0454647541046143
2.4966423511505127
1.7633204460144043
1000
1.1573599576950073
0.38561543822288513
1.2904698848724365
0.0854950025677681
0.47139787673950195
1.1710700988769531
0.0
1.9251902103424072
0.0
0.5819756388664246
1.9715476036071777
2.1508443355560303
1.187778353691101
2.184828996658325
2.127149820327759
0.07862409204244614
0.0
0.20157462358474731
0.0
1.6732417345046997
0.0
1.3172279596328735
0.593847393989563
1.3869562149047852
1.9995486736297607
0.8686472177505493
0.0
1.2454893589019775
1.5703014135360718
1.8079359531402588
0.0
1.4474951028823853
0.5669832825660706
0.7588655352592468
1.8970086574554443
1.962776780128479
1.2693206071853638
2.0847201347351074
0.0
0.0
0.5133510231971741
1.4994823932647705
1.9759511947631836
2.004045009613037
3.423593759536743
1.7147715091705322
1.0221490859985352
0.92278653383255
0.5711058378219604
1.9511972665786743
0.0
1.2279292345046997
0.528151273727417
1.296724557876587
0.4295738637447357
1.7536804676055908
1.1497416496276855
3.577991008758545
3.223714590072632
0.7297232151031494
1.0949101448059082
1.6361521482467651
2.457913398742676
2.2261712551116943
2.1591053009033203
1.7878520488739014
1.681017518043518
1.0497424602508545
0.7167760133743286
1.3238112926483154
0.2050575166940689
1.3137074708938599
1000
1.394135594367981
1.6088733673095703
2.4077305793762207
1.4722703695297241
1.7624142169952393
0.7982376217842102
1.9835715293884277
0.49414893984794617
2.6397361755371094
0.23642106354236603
0.0
0.0
0.974530041217804
0.39588800072669983
0.20297184586524963
0.7083393931388855
0.6613472104072571
0.0
0.15521131455898285
0.0
0.0
0.0
1.3038934469223022
3.270263433456421
1.8828984498977661
0.7308794260025024
0.5375058054924011
0.0
1.1581729650497437
2.6893954277038574
1.4002934694290161
0.9375923275947571
1.2274903059005737
0.8557655215263367
1.788611650466919
0.0
2.2821881771087646
0.6557745933532715
0.600197970867157
1.1281126737594604
2.6879494190216064
0.3275758624076843
3.0249252319335938
0.8324719071388245
0.923714280128479
0.5949686765670776
2.3096518516540527
1.8420274257659912
0.6889917254447937
0.0
1.1178574562072754
0.0
0.0
1.8166711330413818
1.0415289402008057
0.7695387601852417
0.0
0.0
0.9682703614234924
0.0
0.2634008824825287
3.355250358581543
0.0
0.4411657452583313
0.8174178600311279
0.0
0.7287513613700867
0.0
0.0
0.0
0.411843478679657
1.5433868169784546
0.0
1.771713376045227
1.1663081645965576
0.3026966154575348
0.8736470341682434
0.7084426879882812
0.9620861411094666
0.06014389917254448
2.097587823867798
0.8882097601890564
0.43521133065223694
0.11909066140651703
0.863415002822876
1.3248714208602905
0.3831222653388977
0.5129007697105408
0.0
1.8837205171585083
0.0
1.0559159517288208
1.4453463554382324
1.3519080877304077
0.4543205499649048
0.9139532446861267
0.7311397194862366
0.0
0.0
0.3179874122142792
1.1422877311706543
1.9981999397277832
1.5294166803359985
1.8840068578720093
1.7953264713287354
0.0
2.29274845123291
1.1088217496871948
0.0
1.713459849357605
1.3397456407546997
0.3109293282032013
2.7492423057556152
1.4409860372543335
0.0
0.003148685907945037
1.5600026845932007
1.7472161054611206
2.7922627925872803
0.0
0.0
2.404906988143921
2.5563268661499023
2.5661275386810303
0.9944107532501221
1.6658732891082764
0.6252585053443909
2.7549281120300293
2.170536994934082
0.0
1.7414052486419678
0.0
1.5697021484375
1.5663820505142212
0.8600136041641235
0.0
1.290618896484375
1.3840421438217163
1.0858012437820435
3.2734036445617676
1.204687237739563
0.6797291040420532
1.4804880619049072
1.1312108039855957
1000
1.7042394876480103
0.5385952591896057
0.0
0.0
1.0392374992370605
0.0
1.345910668373108
1.8284755945205688
0.11803922802209854
0.34968656301498413
0.0
0.0
1.9647705554962158
1.2623883485794067
0.0
2.394009828567505
2.055082082748413
2.022040367126465
0.5025217533111572
1.3257848024368286
2.15157151222229
2.5498671531677246
0.7482312321662903
0.360286682844162
2.1379175186157227
0.0
3.044689178466797
0.0
0.0
0.31800782680511475
0.880390465259552
0.0
1.526851773262024
1.076987385749817
0.4146977365016937
2.978374719619751
1.6556165218353271
0.8845968246459961
2.4956698417663574
0.632043719291687
0.9816982746124268
0.9061299562454224
0.2856360375881195
2.0180177688598633
0.5832979679107666
0.1106167733669281
0.0
1.184246301651001
0.5145560503005981
0.336680144071579
1.4640907049179077
1.3830608129501343
0.0
0.0
1.65708327293396
0.2900104522705078
0.0
1.4652433395385742
2.567193031311035
2.419806718826294
0.48113253712654114
1.5607396364212036
2.5391576290130615
0.52253657579422
1.095547080039978
1.7416224479675293
0.1379309594631195
1.660171389579773
0.4826224744319916
0.6603911519050598
0.09652571380138397
0.0
0.2418626993894577
2.3477156162261963
2.8465254306793213
2.846942901611328
2.2897045612335205
2.6270346641540527
0.6545476913452148
0.5751710534095764
0.854164719581604
0.10408814251422882
1.302648663520813
0.4378865659236908
1.262364387512207
0.0
1.7487314939498901
1.7577402591705322
0.23685331642627716
2.333070755004883
2.033461809158325
1.9446653127670288
1.3277450799942017
3.6150927543640137
1.4845166206359863
1.601806640625
1.5435446500778198
0.0
1.575179100036621
3.151885986328125
1.992919683456421
0.0
1.5483205318450928
1.8207907676696777
0.476484090089798
0.43327003717422485
3.7369942665100098
1.398628830909729
1.3627078533172607
2.8129775524139404
0.7307101488113403
1.9490838050842285
0.11354976147413254
0.8237481117248535
1.986014723777771
1.4796196222305298
0.9302951097488403
0.0
2.598843812942505
1.1576805114746094
0.7277216911315918
0.9842367172241211
1.7116132974624634
0.0
0.0
0.7848330140113831
1.952113151550293
1.4144514799118042
0.0
1000
0.6389164924621582
1.1247178316116333
0.778293251991272
0.11084676533937454
1.8425508737564087
0.0
1.8232367038726807
1.417528748512268
0.8528146743774414
0.965545654296875
0.37736502289772034
1.0128889083862305
1.2957220077514648
1.6860121488571167
2.6070122718811035
0.06156081706285477
2.622572898864746
0.0
1.138537883758545
0.0
2.434851884841919
0.0
1.188146710395813
1.3629844188690186
0.23927704989910126
1.0597708225250244
3.581212043762207
0.510749101638794
0.5507743954658508
0.11137044429779053
0.0
1.4080294370651245
0.7734037041664124
1.4131016731262207
0.34363117814064026
1.3356150388717651
2.4449727535247803
0.5685504674911499
0.0
4.104852199554443
1.1285820007324219
0.618233859539032
1.8020771741867065
0.020298847928643227
2.127290725708008
2.8392200469970703
0.3642541170120239
1.5030064582824707
0.33289605379104614
1.234093189239502
0.3997553586959839
1.5853874683380127
1.6189396381378174
0.0
1.9525114297866821
0.799977719783783
1.6856930255889893
0.5515410304069519
0.19672462344169617
0.5299256443977356
2.7384278774261475
0.15350162982940674
0.0
1.3208643198013306
2.1998260021209717
0.4326874911785126
1.0971568822860718
0.7903570532798767
1.4711114168167114
0.224791020154953
0.0
0.02491750568151474
2.2753303050994873
2.760659694671631
1.5843497514724731
2.31536602973938
0.5740277171134949
0.06213231012225151
1.0966532230377197
0.36548370122909546
2.222717046737671
0.944602370262146
1.4179277420043945
0.8865224123001099
1.8699322938919067
0.12940524518489838
0.8210369348526001
0.0
1.6097137928009033
1.0584394931793213
2.3691766262054443
0.0
1.7132314443588257
0.4972416162490845
0.9457834362983704
1.613410472869873
0.0
1.2014216184616089
0.45535409450531006
1.3807034492492676
0.3126930594444275
1.4899470806121826
2.953892946243286
2.2765753269195557
1.8100947141647339
