
DeepFool
0.41910892724990845
1.6790801286697388
0.8631976246833801
1.1758919954299927
0.932309627532959
1.155158519744873
0.644355297088623
0.0
0.4101506471633911
0.2053702026605606
0.5283209085464478
2.4373700618743896
0.36894112825393677
5.710368633270264
2.344189167022705
1.7334221601486206
0.6596009731292725
2.1769747734069824
0.5376679301261902
1.3591567277908325
0.8023275136947632
1.8799077272415161
0.0
4.675136089324951
0.0
0.7553297877311707
0.7646035552024841
0.9355928301811218
0.37602710723876953
2.1061367988586426
0.7743169665336609
0.7221024036407471
0.09681100398302078
0.29687702655792236
2.128870725631714
0.0
0.0076249949634075165
0.0
2.461660861968994
1.229703664779663
2.363389015197754
2.334385395050049
1.610677719116211
0.4221653342247009
1.5744093656539917
2.1900696754455566
0.26010003685951233
0.20663395524024963
0.5499879717826843
0.07891648262739182
1.1454960107803345
1.9499202966690063
0.0
0.0
1.9852463006973267
1.5995157957077026
1.1461609601974487
0.30353251099586487
0.0
0.0
3.2420475482940674
0.0
0.8906664848327637
0.0
0.9216300845146179
0.4600988030433655
0.9434877038002014
1.726219654083252
0.6907989978790283
0.6872286200523376
0.03473769500851631
0.39607733488082886
0.2935779094696045
2.359434127807617
0.1376439929008484
2.146718978881836
1.163228154182434
0.0
0.346711665391922
1.436950445175171
0.7819871306419373
0.0
2.7302703857421875
1.703231692314148
0.8095794320106506
0.0
0.5107707977294922
0.27111783623695374
0.9873039722442627
1.5664082765579224
1.5953377485275269
0.0
2.2537310123443604
2.1436331272125244
1.0675082206726074
0.7658764123916626
1.5182479619979858
1.4195656776428223
2.7704076766967773
3.032609462738037
0.1456322818994522
0.4942183792591095
1.706409215927124
1.8977047204971313
4.069775104522705
3.8185997009277344
0.0
0.9789524674415588
1.999293327331543
3.520369529724121
0.47398966550827026
1.909427523612976
0.3581959903240204
0.4088173806667328
1.02268385887146
1.0257208347320557
1.4334628582000732
0.4585198163986206
0.32295116782188416
0.30746781826019287
0.624872088432312
0.0
2.0761921405792236
1.945643424987793
0.810602605342865
0.0
1.3957233428955078
0.6540693640708923
0.0
0.0
0.8804294466972351
3.5229125022888184
0.7126159071922302
3.11181378364563
1.7475415468215942
0.8982531428337097
1.5299450159072876
2.4949584007263184
1.1729682683944702
0.0
1.0176599025726318
4.0288591384887695
1.481568694114685
0.0
1.4995554685592651
0.3718127906322479
1.379568099975586
0.18769456446170807
0.41469401121139526
1.5015299320220947
1.6447665691375732
0.22664488852024078
1.0204992294311523
1.3669308423995972
2.3361167907714844
0.6596543788909912
0.9715619087219238
1.7462412118911743
0.0
1.4530410766601562
0.9263655543327332
1.2334904670715332
0.3579767048358917
1.275394082069397
0.0
0.0
0.7591670155525208
0.17223478853702545
0.3087758421897888
1.543989896774292
2.3156166076660156
0.9165404438972473
0.10761565715074539
1.6302530765533447
1.6695729494094849
3.3503525257110596
0.05997820943593979
2.1914145946502686
0.4454062879085541
2.0495405197143555
3.020432472229004
1.4670584201812744
1.422836184501648
0.9076666235923767
0.12135258316993713
2.6931915283203125
0.31083163619041443
0.02448495849967003
0.0
0.11732635647058487
0.952578067779541
0.3770298957824707
0.7698338627815247
1.6979261636734009
0.890134334564209
0.10325177013874054
2.465348243713379
1.0840964317321777
3.2738821506500244
1.0215497016906738
0.703399658203125
0.4832737147808075
2.758923292160034
2.876206398010254
2.4799857139587402
0.5358889102935791
1.170749306678772
1.5150501728057861
3.5221238136291504
1.0228328704833984
0.0
0.6494916677474976
1.531721591949463
0.01376740075647831
0.09923303127288818
1.4896782636642456
5.686178207397461
0.9098525047302246
0.0
1.001623272895813
1.7553683519363403
0.5413956046104431
2.556535482406616
0.48037001490592957
0.2158365547657013
0.4182550311088562
0.0
1.0034421682357788
0.31559649109840393
0.5326579213142395
2.45975661277771
4.216431617736816
0.0
0.12993115186691284
1.3682466745376587
6.354255676269531
1.2522653341293335
0.0
0.27474939823150635
1.7234423160552979
3.9925522804260254
2.033104658126831
0.0
1.6926846504211426
3.023714780807495
0.3476303517818451
1.9022531509399414
0.0
2.142505168914795
0.0
1.0016728639602661
0.0
4.625455379486084
1.0376265048980713
0.0
0.2505938410758972
0.26328524947166443
2.3991968631744385
0.29144805669784546
1.636148452758789
0.9523195624351501
1.3805925846099854
0.0
0.45285674929618835
0.691323459148407
1.509316086769104
0.0
2.6733484268188477
2.0095677375793457
0.17724846303462982
0.3989812433719635
0.0
1.9773834943771362
0.23022150993347168
0.9328043460845947
0.8419477939605713
0.3676900565624237
0.0
0.7621977925300598
0.0
2.364051103591919
0.5015820860862732
2.020124673843384
2.883538007736206
0.0
2.303237199783325
1.1295264959335327
0.0
4.476550102233887
2.3244900703430176
3.332752227783203
1.6272121667861938
1.4165176153182983
0.0
0.8721015453338623
0.09779705852270126
2.3456947803497314
9.547371864318848
1.7649654150009155
1.776495337486267
1.664353609085083
1.6355595588684082
0.0
0.7953764200210571
1.1024667024612427
1.9367245435714722
0.278776079416275
0.28595486283302307
1.2519696950912476
0.0
0.9892441630363464
3.7878339290618896
0.0
1.5473568439483643
0.4186672270298004
3.426626682281494
0.5963835716247559
2.0546159744262695
1.982628345489502
0.8117634057998657
0.15510907769203186
0.6647073030471802
0.8517751097679138
0.0
0.0
1.2132600545883179
0.4937081038951874
1.0715936422348022
1.0405668020248413
0.2815384566783905
3.8206849098205566
2.9859564304351807
0.0
2.369809150695801
1.8661301136016846
1.8150252103805542
1.6075125932693481
1.0849130153656006
1.8383647203445435
1.8429834842681885
0.0
2.0012784004211426
0.0
0.685328483581543
1.4751904010772705
2.175079345703125
0.19527077674865723
1.0954868793487549
4.457703113555908
0.3187448978424072
2.021623373031616
0.714876651763916
0.3588823676109314
3.6558375358581543
0.20186251401901245
0.0
0.0
0.24170628190040588
0.6735277771949768
1.4011616706848145
1.4808712005615234
0.2135414332151413
3.693798542022705
0.07503554224967957
3.04459285736084
1.244834542274475
0.8425950407981873
1.2122894525527954
0.0
1.6304377317428589
0.7725936770439148
3.9827194213867188
1.6364493370056152
0.4216162860393524
2.6360723972320557
1.8112956285476685
0.5277706384658813
0.7787179350852966
0.0
2.569938898086548
1.8582314252853394
1.755224347114563
2.1317062377929688
1.072536826133728
0.0
0.5277496576309204
1.2980185747146606
0.0
1.5307873487472534
1.2827444076538086
2.3335533142089844
1.7190316915512085
2.1509225368499756
0.0
0.391036719083786
1.2128909826278687
1.3216917514801025
0.9740637540817261
0.6499089598655701
0.2713868319988251
1.4583985805511475
0.41078704595565796
0.450976699590683
1.138495683670044
1.2716366052627563
0.2020748108625412
3.0869596004486084
1.1425049304962158
0.7371760606765747
0.7035551071166992
2.047426462173462
1.458825707435608
0.0
2.7663185596466064
2.342918634414673
2.798287868499756
0.3609200417995453
2.2740988731384277
0.0
1.5999794006347656
0.8721128106117249
0.0
0.0
1.1222540140151978
0.9735307693481445
3.130397081375122
0.0
0.773749589920044
0.6648131012916565
2.4392900466918945
0.2299310863018036
1.421184778213501
0.0
0.48901817202568054
0.4720847010612488
1.3991340398788452
0.45916882157325745
0.0
0.49003782868385315
0.0
2.0193772315979004
0.6716118454933167
3.131662130355835
2.385148286819458
0.3510587513446808
1.0741549730300903
0.6107001900672913
5.772866249084473
0.8970518112182617
0.0
1.6366750001907349
1.2661880254745483
2.656294345855713
0.5325231552124023
2.0062592029571533
0.0
0.0
0.36614978313446045
0.0
0.0
2.3182363510131836
1.2528184652328491
2.0409176349639893
0.0
0.5140302777290344
0.4120608866214752
1.2395814657211304
2.339740037918091
1.111076831817627
2.0845420360565186
0.031883083283901215
1.9422069787979126
2.2349090576171875
0.31508874893188477
1.4712616205215454
2.2941339015960693
0.7160521745681763
0.3753422796726227
1.027129888534546
0.6342323422431946
0.07877391576766968
1.9945533275604248
2.816647529602051
0.0
2.5464468002319336
0.0
1.5434569120407104
2.36802077293396
0.3282245695590973
3.153062343597412
3.889310359954834
1.3942859172821045
1.2302966117858887
2.6959316730499268
0.9888988733291626
2.6730189323425293
0.9359205365180969
1.714904546737671
1.3087369203567505
2.4329028129577637
0.6136369705200195
0.6921210885047913
0.36285045742988586
0.7768536806106567
1.3454796075820923
1.0433591604232788
1.2944023609161377
2.550294876098633
0.0
0.824356734752655
2.037808418273926
2.3083577156066895
1.5417166948318481
1.1665072441101074
2.4090099334716797
0.8751580119132996
2.9782867431640625
0.9096934199333191
0.0
1.1848225593566895
0.6708871126174927
3.8567776679992676
0.9379871487617493
2.443363904953003
0.7159356474876404
0.28535860776901245
0.0
1.9153540134429932
0.6544460654258728
1.253763198852539
1.9735358953475952
0.6423662900924683
0.6764441132545471
2.173682451248169
1.4938803911209106
1.6404141187667847
1.1647902727127075
0.29436036944389343
0.32300564646720886
1.2874181270599365
1.4558687210083008
0.7622910737991333
2.9281303882598877
2.2315995693206787
3.373234510421753
1.9993582963943481
2.0178110599517822
1.2774509191513062
0.39780133962631226
1.425390601158142
0.08115191012620926
0.49801501631736755
1.554032325744629
0.0
2.3932766914367676
0.0
0.6787101626396179
2.0180439949035645
1.6495249271392822
1.5765390396118164
3.207676410675049
2.2391104698181152
0.08114322274923325
0.0
0.20694386959075928
0.0
2.02966046333313
0.0
1.5865027904510498
0.6550883054733276
1.3447661399841309
2.8883609771728516
0.9632375836372375
0.0
1.8346450328826904
1.267708420753479
2.1198134422302246
0.0
1.6743462085723877
0.6199926733970642
0.8303173780441284
1.059451937675476
2.30637788772583
0.9641214609146118
2.7234175205230713
0.0
0.0
0.57989102602005
1.8632763624191284
2.25166916847229
2.451097249984741
0.7716627717018127
2.0882568359375
1.0860120058059692
1.0405502319335938
0.6027876734733582
2.1756479740142822
0.0
1.2336852550506592
0.5603933334350586
1.279013752937317
0.4635041356086731
1.8629041910171509
1.4763867855072021
3.9597971439361572
3.8425450325012207
0.7925947904586792
0.3048470914363861
1.4763206243515015
4.211668968200684
1.6714407205581665
1.7055445909500122
2.4399921894073486
2.3046936988830566
1.1823920011520386
0.37910163402557373
1.5790810585021973
0.21996603906154633
0.9325675368309021
2.2444369792938232
1.6920968294143677
1.564820647239685
2.5511069297790527
1.4441657066345215
2.2728097438812256
1.0015263557434082
2.3785300254821777
0.5136622786521912
1.1783486604690552
0.2433585822582245
0.0
0.0
1.159771203994751
0.41614657640457153
0.206769660115242
0.7709487676620483
0.7676265239715576
0.0
0.15614283084869385
0.0
0.0
0.0
1.7447388172149658
3.7790889739990234
2.169569253921509
0.8615556359291077
0.5736649632453918
0.0
0.7337440252304077
1.9740155935287476
1.5674477815628052
1.0510072708129883
1.4386733770370483
0.9925493597984314
2.387787103652954
0.0
4.128357887268066
0.7120895385742188
1.0913671255111694
1.4810588359832764
1.8961033821105957
0.3403596878051758
3.6932928562164307
0.6046513319015503
0.9625809192657471
0.710350513458252
3.53399395942688
1.8040086030960083
0.7564184069633484
0.0
1.3689460754394531
0.0
0.0
2.7007927894592285
1.0422964096069336
0.5438437461853027
0.0
0.0
0.8644979000091553
0.0
0.26978906989097595
2.897308588027954
0.0
0.4917655289173126
0.8925185799598694
0.0
0.8818464279174805
0.0
0.0
0.0
0.37190020084381104
1.8547714948654175
0.0
2.7564730644226074
1.5367584228515625
0.3088141977787018
0.9665329456329346
0.5803711414337158
1.0548083782196045
0.06265738606452942
2.830124855041504
1.0471751689910889
0.4594641327857971
0.12647385895252228
0.9904184937477112
1.2457854747772217
0.4001310169696808
0.5867878794670105
0.0
1.5825352668762207
0.0
1.193278431892395
1.5517759323120117
1.5715047121047974
0.4686933755874634
0.4962153434753418
0.8717734217643738
0.0
0.0
0.32894402742385864
0.47695326805114746
2.8751251697540283
1.968803882598877
2.149836540222168
2.5059821605682373
0.0
2.873713254928589
0.4045378565788269
0.0
1.936998724937439
0.8793567419052124
0.3219398558139801
4.337858200073242
1.3320132493972778
0.0
0.0026235601399093866
2.1501660346984863
2.1670520305633545
2.806777238845825
0.0
0.0
2.393131971359253
1.2239115238189697
3.0438146591186523
0.7884932160377502
1.7873512506484985
0.6746118068695068
2.6925344467163086
1.3010727167129517
0.0
2.160428047180176
0.0
1.902614951133728
2.200338125228882
0.9980680346488953
0.0
1.0590040683746338
1.7684235572814941
1.2867817878723145
2.701084613800049
0.8045461773872375
0.3579235374927521
1.2437645196914673
1.333929419517517
2.596309185028076
2.1941826343536377
0.5892221331596375
0.0
0.0
1.2039881944656372
0.0
1.1091305017471313
1.7903574705123901
0.12512201070785522
0.3676604628562927
0.0
0.0
2.165504217147827
1.6899093389511108
0.0
1.9270217418670654
2.2605137825012207
2.1998653411865234
0.5256422162055969
1.5261738300323486
0.6934695243835449
1.981931447982788
0.8001704812049866
0.37859514355659485
2.6822972297668457
0.0
4.7903361320495605
0.0
0.0
0.3487469553947449
0.9906557202339172
0.0
0.7657883167266846
1.2363691329956055
0.2620804011821747
4.33406925201416
1.9078212976455688
1.0363740921020508
2.702075719833374
0.7084957957267761
1.0058444738388062
1.1432121992111206
0.291656494140625
1.560569167137146
0.6206359267234802
0.10889387130737305
0.0
1.345941185951233
0.5506212711334229
0.35156866908073425
1.7998247146606445
1.4430484771728516
0.0
0.0
0.6078643202781677
0.32118695974349976
0.0
0.8605795502662659
2.4489827156066895
2.112025260925293
0.3553578555583954
1.914701223373413
1.594313621520996
0.5560203194618225
1.3730369806289673
2.344743251800537
0.14153651893138885
1.8056209087371826
0.5039106011390686
0.53396075963974
0.09846021980047226
0.0
0.25427842140197754
2.1837265491485596
2.597642660140991
3.1631693840026855
0.4087304472923279
3.024374008178711
0.5366537570953369
0.6364166736602783
0.5984561443328857
0.10894761234521866
1.6139789819717407
0.46392518281936646
1.2325255870819092
0.0
2.112447500228882
0.7884571552276611
0.23726311326026917
3.255509376525879
2.7979087829589844
1.9755990505218506
1.3745498657226562
2.7550275325775146
1.5243979692459106
0.8525270223617554
1.1820067167282104
0.0
1.3700175285339355
2.9042906761169434
2.7302114963531494
0.0
1.5071547031402588
2.491516351699829
0.4972766935825348
0.4495460093021393
5.364577770233154
1.8910787105560303
1.530530333518982
2.8943843841552734
0.8102659583091736
2.7702908515930176
0.11722468584775925
0.959600567817688
1.975719690322876
1.8981778621673584
0.3776135742664337
0.0
0.9582228064537048
1.3310104608535767
0.8091411590576172
0.825218677520752
0.9295201897621155
0.0
0.0
0.7532533407211304
1.616763710975647
1.7395249605178833
0.0
5.784943580627441
0.6770936250686646
1.2913635969161987
0.8967915773391724
0.11255627125501633
2.218705177307129
0.0
1.7084031105041504
1.5278500318527222
0.8910915851593018
1.1281901597976685
0.4022132456302643
1.2186620235443115
1.2727539539337158
2.489457607269287
1.9255825281143188
0.06281812489032745
2.167856454849243
0.0
1.1024540662765503
0.0
2.2416720390319824
0.0
2.088125705718994
1.7591595649719238
0.247340589761734
0.7621907591819763
4.22491455078125
0.49758628010749817
0.5825981497764587
0.11266528069972992
0.0
1.351509690284729
0.7258543372154236
1.9438482522964478
0.35564693808555603
1.485676884651184
2.5036261081695557
0.6143133044242859
0.0
5.74527645111084
1.435219645500183
0.6363188028335571
1.8161879777908325
0.01952647790312767
2.5320613384246826
4.50685977935791
0.40247872471809387
1.7395020723342896
0.3497813045978546
1.4921178817749023
0.41932380199432373
2.2451236248016357
1.630105972290039
0.0
1.3743071556091309
0.9044243097305298
2.5295379161834717
0.5672440528869629
0.22291909158229828
0.5505818128585815
3.031304359436035
0.1582888513803482
0.0
1.6704540252685547
3.097127676010132
0.447081983089447
1.168400764465332
0.964035153388977
1.6403131484985352
0.23772048950195312
0.0
0.024924634024500847
1.0502489805221558
2.864511728286743
2.121079683303833
2.161407947540283
0.6075461506843567
0.06390804797410965
1.5625717639923096
0.3792244791984558
2.593304395675659
1.2311131954193115
1.6690319776535034
0.8578002452850342
1.2980163097381592
0.12899382412433624
0.9501367211341858
0.0
1.0717962980270386
1.2607465982437134
3.067456007003784
0.0
2.4923064708709717
0.5246670842170715
0.9226509928703308
2.3733575344085693
0.0
1.3616783618927002
0.45446521043777466
1.0624547004699707
0.292803555727005
1.2589658498764038
1.3547805547714233
2.6264846324920654
1.515407919883728
