
FGSM
0.01000000536441803
0.06599999964237213
0.04000002145767212
0.04300001263618469
0.04300001263618469
0.15700000524520874
0.0350000262260437
0.0
0.018000006675720215
0.006300002336502075
0.025000005960464478
0.07700002193450928
0.0
0.14800000190734863
0.07400000095367432
0.062000006437301636
0.03700000047683716
0.04800000786781311
0.014000000432133675
0.07300001382827759
0.02800000086426735
0.15000000596046448
0.0
0.16500002145767212
0.0
0.05500000715255737
0.0021000057458877563
0.02000001072883606
0.012350022792816162
0.14600002765655518
0.034000009298324585
0.015000000596046448
0.006650000810623169
0.04400002956390381
0.15399999916553497
0.0
0.0
0.00020000338554382324
0.19700002670288086
0.050999999046325684
0.04400002956390381
0.10300000011920929
0.08100000023841858
0.01600000262260437
0.07999999821186066
0.08600002527236938
0.022000014781951904
0.0054000020027160645
0.00950002670288086
0.0
0.02800000086426735
0.04900002479553223
0.0
0.0
0.10199999809265137
0.05700001120567322
0.0028500035405158997
0.0
0.0
0.0
0.1380000114440918
0.0
0.041999999433755875
0.0
0.07300001382827759
0.0
0.01900000125169754
0.09500002861022949
0.00700002908706665
0.025000005960464478
0.013000011444091797
0.03800000250339508
0.04100000858306885
0.11699999868869781
0.011400014162063599
0.07400000095367432
0.024000003933906555
0.00950002670288086
0.03100001811981201
0.04300001263618469
0.04900002479553223
0.046000003814697266
0.24199999868869781
0.050000011920928955
0.08500000834465027
0.0
0.022000014781951904
0.0
0.04000002145767212
0.08399999886751175
0.06400001049041748
0.0
0.07600000500679016
0.050999999046325684
0.04900002479553223
0.018000006675720215
0.14300000667572021
0.04000002145767212
0.21799999475479126
0.09700000286102295
0.0034000277519226074
0.0
0.10400000214576721
0.07500000298023224
0.1770000010728836
0.17500001192092896
0.0
0.062000006437301636
0.04500001668930054
0.05700001120567322
0.01600000262260437
0.05900001525878906
0.0
0.03200000524520874
0.022000014781951904
0.01000000536441803
0.06700003147125244
0.01600000262260437
0.04400002956390381
0.0
0.02000001072883606
0.0
0.2409999966621399
0.07999999821186066
0.030000001192092896
0.0
0.04800000786781311
0.022000014781951904
0.0
0.0
0.01600000262260437
0.23100000619888306
0.01600000262260437
0.2240000069141388
0.04100000858306885
0.03100001811981201
0.07500000298023224
0.07700002193450928
0.03800000250339508
0.0
0.05500000715255737
0.1120000034570694
0.08600002527236938
0.0
0.032999999821186066
0.012000024318695068
0.09500002861022949
0.0
0.04300001263618469
0.02000001072883606
0.07500000298023224
0.003800004720687866
0.0350000262260437
0.04699999839067459
0.11699999868869781
0.0350000262260437
0.04400002956390381
0.05300000309944153
0.0
0.06000000238418579
0.0
0.04300001263618469
0.012350022792816162
0.025000005960464478
0.0
0.0
0.04300001263618469
0.0
0.013999998569488525
0.032999999821186066
0.09300000220537186
0.030000001192092896
0.006000012159347534
0.05900001525878906
0.06000000238418579
0.3540000021457672
0.003600001335144043
0.07500000298023224
0.01000000536441803
0.1080000102519989
0.15800000727176666
0.06700003147125244
0.04500001668930054
0.018000006675720215
0.0
0.1120000034570694
0.025000005960464478
0.0
0.0
0.0
0.021000027656555176
0.008550003170967102
0.032999999821186066
0.06400001049041748
0.03100001811981201
0.018000006675720215
0.2580000162124634
0.013300001621246338
0.12000000476837158
0.024000003933906555
0.00950002670288086
0.02000001072883606
0.07000000029802322
0.10899999737739563
0.2280000001192093
0.052000001072883606
0.022000014781951904
0.050999999046325684
0.11000001430511475
0.03100001811981201
0.0
0.008550003170967102
0.04500001668930054
0.0
0.03600001335144043
0.03799998760223389
0.18799999356269836
0.022000014781951904
0.0
0.02800000086426735
0.07400000095367432
0.02000001072883606
0.09300000220537186
0.03700000047683716
0.0
0.023000001907348633
0.0
0.021000027656555176
0.017100006341934204
0.024000003933906555
0.16500002145767212
0.21799999475479126
0.011400014162063599
0.009000003337860107
0.03600001335144043
1000
0.034000009298324585
0.0
0.0
0.0054000020027160645
0.25699999928474426
0.10899999737739563
0.006650000810623169
0.0820000171661377
0.09300000220537186
0.039000004529953
0.04699999839067459
0.0
0.06999999284744263
0.001900017261505127
0.03800000250339508
0.0
0.12200000882148743
0.01600000262260437
0.0
0.02000001072883606
0.0
0.3179999887943268
0.0
0.07500000298023224
0.014000000432133675
0.08399999886751175
0.0
0.007600009441375732
0.007600009441375732
0.07900000363588333
0.0
0.1380000114440918
0.08700001239776611
0.0056999921798706055
0.012350022792816162
0.0
0.1080000102519989
0.015000000596046448
0.026000022888183594
0.007600009441375732
0.0027000010013580322
0.0
0.01900000125169754
0.0
0.05300000309944153
0.009000003337860107
0.07300001382827759
0.15200001001358032
0.009000003337860107
0.0990000069141388
0.2849999964237213
0.0
0.12800002098083496
0.08799999952316284
0.14300000667572021
0.050999999046325684
0.10899999737739563
0.0
0.004500001668930054
0.0
0.0910000205039978
0.5770000219345093
0.08500000834465027
0.08500000834465027
0.07500000298023224
0.0690000057220459
0.0025500059127807617
0.018000006675720215
0.03800000250339508
0.04000002145767212
0.0
0.026000022888183594
0.025000005960464478
0.0
0.06000000238418579
0.23000001907348633
0.0020000040531158447
0.08600002527236938
0.0
0.10500001907348633
0.004250004887580872
0.054000020027160645
0.062000006437301636
0.039000004529953
0.006000012159347534
0.026000022888183594
0.022000014781951904
0.013999998569488525
0.0
0.030000001192092896
0.015000000596046448
0.022000014781951904
0.022000014781951904
0.011000007390975952
0.16600000858306885
0.1290000081062317
0.0
0.11699999868869781
0.21299999952316284
0.02800000086426735
0.04000002145767212
0.05900001525878906
0.20200002193450928
0.0350000262260437
0.0
0.10000002384185791
0.0
0.024000003933906555
0.06100000441074371
0.0820000171661377
0.001900017261505127
0.04500001668930054
0.08399999886751175
0.0034000277519226074
0.08500000834465027
0.012000024318695068
0.0034000277519226074
0.17299999296665192
0.0
0.0
0.0
0.021000027656555176
0.012000024318695068
0.11000001430511475
0.13199999928474426
0.01600000262260437
0.12800002098083496
0.012350022792816162
0.28299999237060547
0.04000002145767212
0.026000022888183594
0.03100001811981201
0.0
0.06100000441074371
0.013000011444091797
0.17500001192092896
0.08600002527236938
0.013300001621246338
0.2770000100135803
0.062000006437301636
0.017000019550323486
0.009000003337860107
0.0
0.10400000214576721
0.12999999523162842
0.0990000069141388
0.24800002574920654
0.02800000086426735
0.0
0.0
0.0350000262260437
0.0
0.015000000596046448
0.046000003814697266
0.2800000011920929
0.03600001335144043
0.12800002098083496
0.0
0.03100001811981201
0.030000001192092896
0.028999999165534973
0.0350000262260437
0.04000002145767212
0.005700007081031799
0.24000000953674316
0.0
0.004500001668930054
0.026000022888183594
0.06000000238418579
0.0028500035405158997
0.12099999934434891
0.052000001072883606
0.03800000250339508
0.028999999165534973
0.07700002193450928
0.050000011920928955
0.0
0.22100001573562622
0.08500000834465027
0.0690000057220459
0.03800000250339508
0.01600000262260437
0.0
0.050000011920928955
0.050999999046325684
0.0
0.0
0.10600000619888306
0.04500001668930054
0.1120000034570694
0.0
0.03700000047683716
0.012350022792816162
0.10000002384185791
0.010450005531311035
0.06599999964237213
0.0
0.008550003170967102
0.0025500059127807617
0.050000011920928955
0.010450005531311035
0.0
0.01000000536441803
0.0
0.11300000548362732
0.04000002145767212
0.2380000352859497
0.15200001001358032
0.012000024318695068
0.018000006675720215
0.01614999771118164
0.28700000047683716
0.04300001263618469
0.0031999945640563965
0.07200002670288086
0.03700000047683716
0.08500000834465027
0.01900000125169754
0.052000001072883606
0.0
0.0
0.006300002336502075
0.0
0.0
0.14900000393390656
0.10000002384185791
0.16500002145767212
0.0
0.07300001382827759
0.014250010251998901
0.0350000262260437
0.05900001525878906
0.0
0.11400002241134644
0.0
0.11100000143051147
0.12000000476837158
0.01614999771118164
0.16600000858306885
0.09500002861022949
0.012350022792816162
0.0009500086307525635
0.027000010013580322
0.06599999964237213
0.006000012159347534
0.16500002145767212
0.06499999761581421
0.0021000057458877563
0.20499999821186066
0.0
0.11400002241134644
0.06100000441074371
0.012000024318695068
0.21700000762939453
0.25300002098083496
0.04500001668930054
0.04400002956390381
0.1550000011920929
0.03100001811981201
0.08700001239776611
0.0
0.07600000500679016
0.041999999433755875
0.1809999942779541
0.0054000020027160645
0.026000022888183594
0.01600000262260437
0.02799999713897705
0.1470000147819519
0.050999999046325684
0.06100000441074371
0.078000009059906
0.0022500157356262207
0.04100000858306885
0.07700002193450928
0.15000000596046448
0.07900000363588333
0.025000005960464478
0.09700000286102295
0.001600027084350586
0.2890000343322754
0.050000011920928955
0.0
0.08100000023841858
0.028999999165534973
0.08300000429153442
0.03200000524520874
0.06499999761581421
0.028999999165534973
0.0
0.0
0.06100000441074371
0.015200018882751465
0.07900000363588333
0.12800002098083496
0.02800000086426735
0.010450005531311035
0.10899999737739563
0.05300000309944153
0.08500000834465027
0.01900000125169754
0.007600009441375732
0.00950002670288086
0.04000002145767212
0.03800000250339508
0.03200000524520874
0.14499999582767487
0.1080000102519989
0.24500000476837158
0.17599999904632568
0.09399999678134918
0.10199999809265137
0.0
0.0350000262260437
0.017000019550323486
0.024000003933906555
0.04400002956390381
0.0
0.0820000171661377
0.0
0.01900000125169754
0.07000000029802322
0.03600001335144043
0.057999998331069946
0.09600001573562622
0.08399999886751175
0.012350022792816162
0.0
0.0
0.0
0.05500000715255737
0.0
0.041999999433755875
0.030000001192092896
0.0560000017285347
0.09799999743700027
0.04100000858306885
0.004250004887580872
0.078000009059906
0.10600000619888306
0.06000000238418579
0.0
0.12000000476837158
0.041999999433755875
0.032999999821186066
0.17800000309944153
0.1380000114440918
0.05900001525878906
0.07700002193450928
0.0
0.0
0.057999998331069946
0.04900002479553223
0.07300001382827759
0.11599999666213989
0.023000001907348633
0.10300000011920929
0.03299999237060547
0.03200000524520874
0.039000004529953
0.11800003051757812
0.0
0.04300001263618469
0.000800013542175293
0.05300000309944153
0.022000014781951904
0.04400002956390381
0.03299999237060547
0.25
0.156000018119812
0.034000009298324585
0.07000000029802322
0.039000004529953
0.3230000138282776
0.06599999964237213
0.0690000057220459
0.050999999046325684
0.07100000977516174
0.021000027656555176
0.006300002336502075
0.07000000029802322
0.009000003337860107
0.027000010013580322
0.12800002098083496
0.04300001263618469
0.12300002574920654
0.27799999713897705
0.057999998331069946
0.10300000011920929
0.03200000524520874
0.10300000011920929
0.010450005531311035
0.012000024318695068
0.0012000203132629395
0.0034000277519226074
0.0
0.04699999839067459
0.0028500035405158997
0.004500001668930054
0.050000011920928955
0.046000003814697266
0.0
0.0
0.001400001347064972
0.0
0.0
0.08100000023841858
0.09700000286102295
0.07600000500679016
0.050000011920928955
0.010450005531311035
0.0
0.05300000309944153
0.11599999666213989
0.10500001907348633
0.014250010251998901
0.034000009298324585
0.034000009298324585
0.07999999821186066
0.0
0.35100001096725464
0.015200018882751465
0.026000022888183594
0.034000009298324585
0.19499999284744263
0.0
0.18400001525878906
0.027000010013580322
0.021000027656555176
0.027000010013580322
0.14900000393390656
0.04500001668930054
0.0054000020027160645
0.0
0.06000000238418579
0.0
0.0
0.14399999380111694
0.026000022888183594
0.02800000086426735
0.0
0.0
0.12300002574920654
0.013000011444091797
0.0
0.16500002145767212
0.0
0.013000011444091797
0.06400001049041748
0.0
0.005700007081031799
0.0051000118255615234
0.0
0.0
0.0
0.08399999886751175
0.0
0.11300000548362732
0.04000002145767212
0.0
0.030000001192092896
0.013300001621246338
0.04000002145767212
0.007600009441375732
0.0690000057220459
0.02799999713897705
0.01600000262260437
0.0
0.013999998569488525
0.06300002336502075
0.02000001072883606
0.04300001263618469
0.0
0.06499999761581421
0.0
0.06100000441074371
0.052000001072883606
0.062000006437301636
0.007600009441375732
0.014000000432133675
0.013000011444091797
0.001900017261505127
0.005000002682209015
0.005700007081031799
0.0009500086307525635
0.14399999380111694
0.07500000298023224
0.29600000381469727
0.07900000363588333
0.0
0.20200002193450928
0.004500001668930054
0.0
0.07999999821186066
0.022000014781951904
0.0
0.13600003719329834
0.06100000441074371
0.0
0.0
0.054000020027160645
0.07500000298023224
0.3310000002384186
0.0
0.0
0.08799999952316284
0.046000003814697266
0.12300002574920654
0.04100000858306885
0.054000020027160645
0.02800000086426735
0.1120000034570694
0.06400001049041748
0.013300001621246338
0.08799999952316284
0.0
0.027000010013580322
0.07000000029802322
0.017000019550323486
0.0
0.07200002670288086
0.08100000023841858
0.03299999237060547
0.13199999928474426
0.025000005960464478
0.013300001621246338
0.04000002145767212
0.07300001382827759
0.0690000057220459
0.08399999886751175
0.00950002670288086
0.0
0.000700000673532486
0.039000004529953
0.0
0.03800000250339508
0.057999998331069946
0.001600027084350586
0.03100001811981201
0.0
0.0
0.08799999952316284
0.03100001811981201
0.0
0.06700003147125244
0.1770000010728836
0.08300000429153442
0.06100000441074371
0.052000001072883606
0.011000007390975952
0.1080000102519989
0.032999999821186066
0.021000027656555176
0.07500000298023224
0.0
0.2370000034570694
0.0
0.001100003719329834
0.02800000086426735
0.03700000047683716
0.0
0.03700000047683716
0.025000005960464478
0.0006500035524368286
0.11900001764297485
0.10100001096725464
0.0
0.0910000205039978
0.01600000262260437
0.028999999165534973
0.06599999964237213
0.024000003933906555
0.06100000441074371
0.008000016212463379
0.0
0.0
0.06599999964237213
0.034000009298324585
0.026000022888183594
0.09799999743700027
0.0560000017285347
0.0
0.002400010824203491
0.013999998569488525
0.010450005531311035
0.000800013542175293
0.10600000619888306
0.13300001621246338
0.08300000429153442
0.0
0.078000009059906
0.15800000727176666
0.025000005960464478
0.041999999433755875
0.0690000057220459
0.0
0.11699999868869781
0.006650000810623169
0.0
0.005000002682209015
0.0
0.025000005960464478
0.09000003337860107
0.12700000405311584
0.09500002861022949
0.005700007081031799
0.1290000081062317
0.017000019550323486
0.022000014781951904
0.032999999821186066
0.0
0.07900000363588333
0.003600001335144043
0.05500000715255737
0.0
0.06400001049041748
0.052000001072883606
0.005000002682209015
0.14900000393390656
0.09799999743700027
0.050999999046325684
0.027000010013580322
0.12999999523162842
0.057999998331069946
0.054000020027160645
0.039000004529953
0.0
0.1809999942779541
0.17800000309944153
0.25
0.0
0.050999999046325684
0.21299999952316284
0.0
0.0
0.21299999952316284
0.11100000143051147
0.06700003147125244
0.08399999886751175
0.0
0.12999999523162842
0.004250004887580872
0.0
0.10000002384185791
0.09399999678134918
0.013000011444091797
0.0
0.1510000228881836
0.18799999356269836
0.0350000262260437
0.01000000536441803
0.032999999821186066
0.0
0.0
0.050999999046325684
0.14499999582767487
0.05500000715255737
0.0
0.16300000250339508
0.041999999433755875
0.05500000715255737
0.06100000441074371
0.0
0.08600002527236938
0.0
0.07600000500679016
0.12999999523162842
0.032999999821186066
0.0350000262260437
0.013000011444091797
0.04000002145767212
0.08300000429153442
0.0910000205039978
0.05900001525878906
0.0
0.078000009059906
0.0027000010013580322
0.04900002479553223
0.02000001072883606
0.30000001192092896
0.0
0.09200000762939453
0.062000006437301636
0.014250010251998901
0.008550003170967102
0.21700000762939453
0.05300000309944153
0.018000006675720215
0.013000011444091797
0.0
0.028999999165534973
0.022000014781951904
0.034000009298324585
0.0
0.07500000298023224
0.0820000171661377
0.00700002908706665
0.0
0.1290000081062317
0.04100000858306885
0.046000003814697266
0.032999999821186066
0.00700002908706665
0.09799999743700027
0.14399999380111694
0.017000019550323486
0.0350000262260437
0.04300001263618469
0.04400002956390381
0.007200002670288086
0.3230000138282776
0.07600000500679016
0.0
0.05700001120567322
0.025000005960464478
0.08799999952316284
0.03800000250339508
0.013999998569488525
0.05900001525878906
0.09700000286102295
0.03700000047683716
0.0
0.06300002336502075
0.0990000069141388
0.011000007390975952
0.10199999809265137
0.02800000086426735
0.08100000023841858
0.011400014162063599
0.007200002670288086
0.0
0.024000003933906555
0.09399999678134918
0.05500000715255737
0.05500000715255737
0.022000014781951904
0.0012000203132629395
0.039000004529953
0.0
0.08300000429153442
0.06300002336502075
0.06300002336502075
0.03700000047683716
0.022000014781951904
0.0
0.026000022888183594
0.0
0.032999999821186066
0.050999999046325684
0.07100000977516174
0.0
0.2800000011920929
0.03100001811981201
0.02800000086426735
0.06400001049041748
0.0
0.050000011920928955
0.0
0.023000001907348633
0.007600009441375732
0.05300000309944153
0.032999999821186066
0.057999998331069946
0.08799999952316284

PGD
0.009451106190681458
0.04610653221607208
0.02783834934234619
0.03629294037818909
0.03151273727416992
0.06593400239944458
0.029890254139900208
0.0
0.017357543110847473
0.006008148193359375
0.022875025868415833
0.055561065673828125
0.0
0.10134859383106232
0.05287313461303711
0.04881162941455841
0.03043186664581299
0.04033727943897247
0.012982487678527832
0.04511833190917969
0.02463570237159729
0.09873218834400177
0.0
0.0896458625793457
0.0
0.036482930183410645
0.0020038634538650513
0.01881122589111328
0.011725068092346191
0.07031479477882385
0.026380926370620728
0.013860821723937988
0.005974963307380676
0.039389729499816895
0.053532034158706665
0.0
0.0
0.00017824769020080566
0.05760127305984497
0.03310805559158325
0.03712350130081177
0.06209707260131836
0.05718958377838135
0.014616400003433228
0.05389881134033203
0.055939868092536926
0.021772682666778564
0.005102932453155518
0.009104639291763306
0.0
0.02432413399219513
0.04246588051319122
0.0
0.0
0.06387406587600708
0.0440952330827713
0.002697378396987915
0.0
0.0
0.0
0.0734788179397583
0.0
0.03197765350341797
0.0
0.03821784257888794
0.0
0.01726400852203369
0.06705838441848755
0.006505399942398071
0.022265911102294922
0.012400820851325989
0.029305458068847656
0.030178368091583252
0.0646708607673645
0.011083319783210754
0.06019794940948486
0.021541237831115723
0.008882910013198853
0.023878395557403564
0.03753633797168732
0.03660392761230469
0.037860214710235596
0.06610995531082153
0.042804062366485596
0.04666072130203247
0.0
0.019785702228546143
0.0
0.03523552417755127
0.05261993408203125
0.04425831139087677
0.0
0.057294562458992004
0.04427921772003174
0.03518974781036377
0.01587468385696411
0.06126511096954346
0.03120747208595276
0.12974166870117188
0.06612367928028107
0.0033408403396606445
0.0
0.05919945240020752
0.06040763854980469
0.09274035692214966
0.0868297815322876
0.0
0.034011006355285645
0.03875628113746643
0.044819071888923645
0.01517343521118164
0.05103893578052521
0.0
0.025641918182373047
0.0206640362739563
0.009589016437530518
0.04553261399269104
0.01500236988067627
0.03707915544509888
0.0
0.01943981647491455
0.0
0.051842883229255676
0.06924906373023987
0.025998413562774658
0.0
0.04116785526275635
0.01976338028907776
0.0
0.0
0.014854729175567627
0.07077372074127197
0.015170291066169739
0.09254610538482666
0.03428393602371216
0.028381943702697754
0.04509401321411133
0.0586695671081543
0.034132301807403564
0.0
0.03161430358886719
0.07324564456939697
0.05585289001464844
0.0
0.029360681772232056
0.011799156665802002
0.0522039532661438
0.0
0.03036177158355713
0.01835775375366211
0.056356146931648254
0.003796011209487915
0.025861084461212158
0.034964561462402344
0.06669445335865021
0.03073596954345703
0.03890448808670044
0.04331076145172119
0.0
0.042937666177749634
0.0
0.03704798221588135
0.011708453297615051
0.02105426788330078
0.0
0.0
0.032335877418518066
0.0
0.011739075183868408
0.029534056782722473
0.06450319290161133
0.023357108235359192
0.005878835916519165
0.04534178972244263
0.04433929920196533
0.07771426439285278
0.0035430938005447388
0.04423314332962036
0.009555816650390625
0.05968153476715088
0.0729028731584549
0.059459805488586426
0.03942747414112091
0.01691436767578125
0.0
0.06584817171096802
0.020957857370376587
0.0
0.0
0.0
0.018965721130371094
0.008351325988769531
0.03111135959625244
0.04733020067214966
0.02468264102935791
0.017966940999031067
0.06393301486968994
0.012791633605957031
0.08170194923877716
0.02187824249267578
0.009519219398498535
0.01890164613723755
0.045851051807403564
0.06177349388599396
0.06501305103302002
0.04421025514602661
0.019733622670173645
0.04147481918334961
0.08081360161304474
0.025519490242004395
0.0
0.007970809936523438
0.03818780183792114
0.0
0.029949486255645752
0.03391629457473755
0.07866182923316956
0.020240306854248047
0.0
0.024259477853775024
0.05109758675098419
0.016076385974884033
0.04199953377246857
0.031937599182128906
0.0
0.021456241607666016
0.0
0.019481569528579712
0.016525566577911377
0.02150888741016388
0.06817932426929474
0.1020607054233551
0.010875344276428223
0.0087069571018219
0.03220111131668091
0.11896505951881409
0.029100611805915833
0.0
0.0
0.005201935768127441
0.07721614837646484
0.06623239815235138
0.005849361419677734
0.043168842792510986
0.0611492395401001
0.029707148671150208
0.041828453540802
0.0
0.04837876558303833
0.0017993003129959106
0.02804577350616455
0.0
0.07539081573486328
0.015350252389907837
0.0
0.017514050006866455
0.0
0.07487356662750244
0.0
0.05055856704711914
0.013201355934143066
0.0494353324174881
0.0
0.007232666015625
0.007412627339363098
0.04488945007324219
0.0
0.08012640476226807
0.0545039176940918
0.0054122209548950195
0.011959940195083618
0.0
0.07156020402908325
0.014214426279067993
0.023853495717048645
0.0075702667236328125
0.002509981393814087
0.0
0.016419708728790283
0.0
0.03898745775222778
0.008774474263191223
0.05386620759963989
0.0626804381608963
0.00844031572341919
0.06172001361846924
0.05370369553565979
0.0
0.08348095417022705
0.06500530242919922
0.06884709000587463
0.04347926378250122
0.052809059619903564
0.0
0.0042137205600738525
0.0
0.05748310685157776
0.1511581540107727
0.05649462342262268
0.050858139991760254
0.046804070472717285
0.03902406990528107
0.0023248791694641113
0.016534149646759033
0.03277559578418732
0.03446245193481445
0.0
0.02109462022781372
0.022669613361358643
0.0
0.03922891616821289
0.09747648239135742
0.0019749701023101807
0.045232489705085754
0.0
0.06770241260528564
0.004048943519592285
0.0401885062456131
0.05068504810333252
0.03664369881153107
0.005831629037857056
0.02278149127960205
0.020472347736358643
0.01369515061378479
0.0
0.023196041584014893
0.013792991638183594
0.017863944172859192
0.018944859504699707
0.010070517659187317
0.07968778908252716
0.06392470002174377
0.0
0.06831037998199463
0.049990952014923096
0.02498847246170044
0.03380328416824341
0.04133978486061096
0.0648336410522461
0.02835303544998169
0.0
0.0566142201423645
0.0
0.018896490335464478
0.04816389083862305
0.061732009053230286
0.0018256306648254395
0.03576767444610596
0.055062681436538696
0.00331193208694458
0.05862694978713989
0.01118345558643341
0.003213226795196533
0.13184195756912231
0.0
0.0
0.0
0.018043339252471924
0.011138826608657837
0.051159679889678955
0.04090690612792969
0.015162855386734009
0.08830547332763672
0.011651813983917236
0.06532974541187286
0.030485346913337708
0.022185802459716797
0.027307629585266113
0.0
0.05008423328399658
0.012004569172859192
0.10792207717895508
0.04585707187652588
0.011298179626464844
0.07734346389770508
0.045025646686553955
0.01571333408355713
0.00870409607887268
0.0
0.06320686638355255
0.049798399209976196
0.04974031448364258
0.09528809785842896
0.02585422992706299
0.0
0.0
0.02812129259109497
0.0
0.013865381479263306
0.03336353600025177
0.05954332649707794
0.0320165753364563
0.05631867051124573
0.0
0.02373218536376953
0.025180160999298096
0.026513397693634033
0.02756252884864807
0.027744486927986145
0.005362704396247864
0.04045601189136505
0.0
0.0043052732944488525
0.02297145128250122
0.04218578338623047
0.002750307321548462
0.057600975036621094
0.04144135117530823
0.031116202473640442
0.02726900577545166
0.06163759529590607
0.03690779209136963
0.0
0.07241792976856232
0.05929386615753174
0.04973804950714111
0.033156394958496094
0.015420347452163696
0.0
0.03414030373096466
0.03619137406349182
0.0
0.0
0.07086582481861115
0.038275912404060364
0.05547267198562622
0.0
0.025373846292495728
0.011253267526626587
0.06954920291900635
0.009769558906555176
0.04999840259552002
0.0
0.007963955402374268
0.0024541914463043213
0.038691043853759766
0.00976581871509552
0.0
0.009274601936340332
0.0
0.053699687123298645
0.03444214165210724
0.08321800827980042
0.052990153431892395
0.011423230171203613
0.01731264591217041
0.015126526355743408
0.15809500217437744
0.032815366983413696
0.0031422674655914307
0.057117760181427
0.029907703399658203
0.06474609673023224
0.01662313938140869
0.040767863392829895
0.0
0.0
0.005977272987365723
0.0
0.0
0.06665098667144775
0.04655802249908447
0.07976388931274414
0.0
0.039760783314704895
0.012226015329360962
0.03143465518951416
0.039400577545166016
0.0
0.054777443408966064
0.0
0.05533933639526367
0.05331774055957794
0.01535196602344513
0.08070975542068481
0.06102275848388672
0.01087963581085205
0.0009355545043945312
0.025181591510772705
0.03015632927417755
0.00575295090675354
0.06303608417510986
0.05437631905078888
0.0020319223403930664
0.08345146477222443
0.0
0.06535235047340393
0.0450439453125
0.011225223541259766
0.07371711730957031
0.07954388856887817
0.039135366678237915
0.037631332874298096
0.0657663345336914
0.02759373188018799
0.06546193361282349
0.0
0.06743431091308594
0.03013688325881958
0.07311803102493286
0.005307197570800781
0.022922515869140625
0.015621185302734375
0.024261772632598877
0.05991354584693909
0.04212915897369385
0.04822511970996857
0.05781269073486328
0.0021695196628570557
0.0305422842502594
0.05931246280670166
0.06096382439136505
0.0544896125793457
0.022526562213897705
0.060095787048339844
0.0014980435371398926
0.099587082862854
0.04099245369434357
0.0
0.059626296162605286
0.024905800819396973
0.0646156370639801
0.02721548080444336
0.05128556489944458
0.017614752054214478
0.0
0.0
0.04290276765823364
0.01433601975440979
0.04873409867286682
0.051044657826423645
0.024987608194351196
0.009840786457061768
0.06541788578033447
0.03704911470413208
0.038241028785705566
0.017594456672668457
0.007089048624038696
0.008758455514907837
0.03482496738433838
0.030741989612579346
0.029303744435310364
0.0744924545288086
0.060570716857910156
0.08240032196044922
0.06637544929981232
0.06533461809158325
0.054284483194351196
0.0
0.031165719032287598
0.015820324420928955
0.02096271514892578
0.04037362337112427
0.0
0.056472599506378174
0.0
0.017501741647720337
0.05786362290382385
0.03148069977760315
0.04661579430103302
0.0606631338596344
0.04884541034698486
0.011632084846496582
0.0
0.0
0.0
0.04389782249927521
0.0
0.03624916076660156
0.026909351348876953
0.03868618607521057
0.06451550126075745
0.03477489948272705
0.003943085670471191
0.05623340606689453
0.033292293548583984
0.04960699379444122
0.0
0.054607510566711426
0.0376896858215332
0.028422832489013672
0.03707113862037659
0.06844598054885864
0.04687471687793732
0.05925321578979492
0.0
0.0
0.033074572682380676
0.041602134704589844
0.04189568758010864
0.0682557225227356
0.019129395484924316
0.06435728073120117
0.028547003865242004
0.029003053903579712
0.025609880685806274
0.05762559175491333
0.0
0.03603029251098633
0.0007570385932922363
0.04675942659378052
0.021201610565185547
0.03674441576004028
0.028579354286193848
0.08201208710670471
0.07863724231719971
0.028998196125030518
0.04924565553665161
0.027851775288581848
0.08620205521583557
0.047603726387023926
0.049511149525642395
0.04579925537109375
0.05533134937286377
0.019551396369934082
0.0060187578201293945
0.047292426228523254
0.008589088916778564
0.021987825632095337
0.060671716928482056
0.03630581498146057
0.07417690753936768
0.06530113518238068
0.03547954559326172
0.04747381806373596
0.028294086456298828
0.06090432405471802
0.009651660919189453
0.011646658182144165
0.0011464357376098633
0.003135398030281067
0.0
0.03868618607521057
0.0028169751167297363
0.004272103309631348
0.033864498138427734
0.036213696002960205
0.0
0.0
0.0013252496719360352
0.0
0.0
0.05585634708404541
0.055459797382354736
0.04817962646484375
0.041355252265930176
0.009748101234436035
0.0
0.03210325539112091
0.060437679290771484
0.04849863052368164
0.013532072305679321
0.036777615547180176
0.02846062183380127
0.05054140090942383
0.0
0.08194771409034729
0.01462554931640625
0.024814248085021973
0.03043442964553833
0.06147480010986328
0.0
0.067646324634552
0.02254772186279297
0.019241809844970703
0.023920729756355286
0.07459032535552979
0.03572016954421997
0.005100071430206299
0.0
0.03816977143287659
0.0
0.0
0.05538797378540039
0.027556538581848145
0.022111713886260986
0.0
0.0
0.07078714668750763
0.012740135192871094
0.0
0.07091446220874786
0.0
0.012200266122817993
0.035315632820129395
0.0
0.005500912666320801
0.005017399787902832
0.0
0.0
0.0
0.07117195427417755
0.0
0.07444840669631958
0.03503008186817169
0.0
0.026269346475601196
0.012507826089859009
0.03404846787452698
0.006910800933837891
0.05709715187549591
0.02449953556060791
0.014453604817390442
0.0
0.013166144490242004
0.0419611930847168
0.018414974212646484
0.02914924919605255
0.0
0.043866634368896484
0.0
0.04790468513965607
0.04138155281543732
0.039963915944099426
0.007129669189453125
0.012438297271728516
0.012369930744171143
0.0018296241760253906
0.0048849135637283325
0.005551531910896301
0.0009450018405914307
0.06999722123146057
0.046434998512268066
0.05932474136352539
0.06259432435035706
0.0
0.0619654655456543
0.004399120807647705
0.0
0.04911148548126221
0.018811821937561035
0.0
0.09490013122558594
0.03697901964187622
0.0
0.0
0.0423319935798645
0.0515141487121582
0.07558739185333252
0.0
0.0
0.058423519134521484
0.037578701972961426
0.07499229907989502
0.031186580657958984
0.039462387561798096
0.023940756916999817
0.0750117301940918
0.054131150245666504
0.012435436248779297
0.06119728088378906
0.0
0.024143606424331665
0.05177965760231018
0.016116440296173096
0.0
0.05283994972705841
0.06213998794555664
0.028187096118927002
0.07071304321289062
0.0223008394241333
0.01256704330444336
0.026195243000984192
0.05667686462402344
0.05615444481372833
0.0703834593296051
0.00919562578201294
0.0
0.0006829500198364258
0.03119802474975586
0.0
0.032737553119659424
0.03856630623340607
0.00154954195022583
0.02623787522315979
0.0
0.0
0.047521889209747314
0.027283310890197754
0.0
0.052036285400390625
0.061413586139678955
0.055909544229507446
0.03808450698852539
0.04144278168678284
0.009831622242927551
0.07122945785522461
0.02947397530078888
0.016548752784729004
0.06669676303863525
0.0
0.12558460235595703
0.0
0.0010889172554016113
0.02368469536304474
0.028795361518859863
0.0
0.030274778604507446
0.022733688354492188
0.0006125569343566895
0.08267898857593536
0.0663394033908844
0.0
0.06396162509918213
0.016509532928466797
0.02752619981765747
0.050079345703125
0.019356250762939453
0.048919498920440674
0.007516205310821533
0.0
0.0
0.047906115651130676
0.03110647201538086
0.023404598236083984
0.056496620178222656
0.039089590311050415
0.0
0.002349764108657837
0.01403847336769104
0.010169506072998047
0.0007916688919067383
0.06191396713256836
0.05965548753738403
0.05074942111968994
0.0
0.05445471405982971
0.05909271538257599
0.02078104019165039
0.033834755420684814
0.051482394337654114
0.0
0.06855124235153198
0.006245613098144531
0.0
0.004863739013671875
0.0
0.023712456226348877
0.053893089294433594
0.07374918460845947
0.06574803590774536
0.005546092987060547
0.07387620210647583
0.015234947204589844
0.02104082703590393
0.028857707977294922
0.0
0.05046100914478302
0.0034970343112945557
0.05409681797027588
0.0
0.05288231372833252
0.0388798713684082
0.004856586456298828
0.07428961992263794
0.06913919746875763
0.03882324695587158
0.024178802967071533
0.07869446277618408
0.04326096177101135
0.027674108743667603
0.03224173188209534
0.0
0.07413369417190552
0.0804591178894043
0.053612709045410156
0.0
0.03811398148536682
0.055326178669929504
0.0
0.0
0.10078668594360352
0.07598534226417542
0.049420177936553955
0.058259010314941406
0.0
0.06539297103881836
0.003953367471694946
0.0
0.07184314727783203
0.0621185302734375
0.012129023671150208
0.0
0.0754440426826477
0.03561916947364807
0.030236437916755676
0.009387314319610596
0.029229938983917236
0.0
0.0
0.03141947090625763
0.049447059631347656
0.04469147324562073
0.0
0.09245052933692932
0.034879326820373535
0.037498295307159424
0.04251253604888916
0.0
0.05769339203834534
0.0
0.04046517610549927
0.04597778618335724
0.027010634541511536
0.029118061065673828
0.012434303760528564
0.033199310302734375
0.05126181244850159
0.06037016212940216
0.04625904560089111
0.0
0.057061970233917236
0.0025614798069000244
0.037606433033943176
0.018787771463394165
0.05545806884765625
0.0
0.06858646869659424
0.04667246341705322
0.01358070969581604
0.008030608296394348
0.0873727798461914
0.04198923707008362
0.016432881355285645
0.01150532066822052
0.0
0.026134610176086426
0.019520193338394165
0.029753506183624268
0.0
0.052146732807159424
0.0626755952835083
0.006623268127441406
0.0
0.09479314088821411
0.03744077682495117
0.040213972330093384
0.02928858995437622
0.0067543089389801025
0.06932087242603302
0.07817402482032776
0.016090109944343567
0.029277145862579346
0.03558941185474396
0.03540802001953125
0.006665900349617004
0.06988680362701416
0.057959750294685364
0.0
0.046328842639923096
0.020555883646011353
0.06036129593849182
0.03338271379470825
0.01303739845752716
0.03476172685623169
0.061534881591796875
0.03193560242652893
0.0
0.04702034592628479
0.0685918927192688
0.010334312915802002
0.04107457399368286
0.02522134780883789
0.04700461030006409
0.010586082935333252
0.00699007511138916
0.0
0.021559536457061768
0.06545305252075195
0.04573030769824982
0.046104252338409424
0.019913867115974426
0.0011464357376098633
0.03102293610572815
0.0
0.05119830369949341
0.04601497948169708
0.054844677448272705
0.03575935959815979
0.019419491291046143
0.0
0.021455958485603333
0.0
0.02519388496875763
0.03868246078491211
0.06310272216796875
0.0
0.060765862464904785
0.02449321746826172
0.025062277913093567
0.05359697341918945
0.0
0.04002857208251953
0.0
0.019081026315689087
0.007497906684875488
0.04319572448730469
0.024976730346679688
0.04977381229400635
0.0685349702835083

IGM
0.009455978870391846
0.04805803298950195
0.029576122760772705
0.03803873062133789
0.031933605670928955
0.07323503494262695
0.03044787049293518
0.0
0.016815662384033203
0.006030753254890442
0.02322864532470703
0.05792970955371857
0.0
0.10410948097705841
0.05484151840209961
0.05048675835132599
0.03136511147022247
0.0415111780166626
0.01303797960281372
0.04757252335548401
0.025087743997573853
0.10098898410797119
0.0
0.09522886574268341
0.0
0.0382232666015625
0.002006441354751587
0.019176602363586426
0.011812329292297363
0.07407474517822266
0.027416899800300598
0.014054208993911743
0.006086260080337524
0.039446353912353516
0.05728884041309357
0.0
0.0
0.0001785270869731903
0.06092149019241333
0.03685426712036133
0.03789341449737549
0.06591939926147461
0.059832870960235596
0.014652729034423828
0.06027717888355255
0.0575251579284668
0.021681979298591614
0.005110651254653931
0.009174168109893799
0.0
0.024994492530822754
0.0434148907661438
0.0
0.0
0.06375733017921448
0.04601413011550903
0.002701669931411743
0.0
0.0
0.0
0.07814627885818481
0.0
0.03317958116531372
0.0
0.04106941819190979
0.0
0.017515182495117188
0.07119026780128479
0.0065368711948394775
0.02250969409942627
0.012357354164123535
0.030176356434822083
0.03194504976272583
0.06741543114185333
0.011053279042243958
0.06332416832447052
0.02164936065673828
0.0089358389377594
0.02532750368118286
0.03820696473121643
0.03815746307373047
0.03885698318481445
0.07006902992725372
0.043833449482917786
0.04828578233718872
0.0
0.02000027894973755
0.0
0.03570842742919922
0.055159956216812134
0.04850637912750244
0.0
0.06023514270782471
0.043191149830818176
0.03701534867286682
0.01628151535987854
0.06706726551055908
0.03212757408618927
0.1272362768650055
0.06812496483325958
0.003345400094985962
0.0
0.06210394203662872
0.060795024037361145
0.09643879532814026
0.09113419055938721
0.0
0.03578510880470276
0.03948700428009033
0.04552745819091797
0.015288174152374268
0.052170753479003906
0.0
0.02683556079864502
0.020832255482673645
0.00969916582107544
0.04996576905250549
0.01534569263458252
0.03708258271217346
0.0
0.019182875752449036
0.0
0.05274668335914612
0.06985588371753693
0.026390671730041504
0.0
0.04143734276294708
0.019848644733428955
0.0
0.0
0.0147477388381958
0.07628889381885529
0.015302479267120361
0.10102015733718872
0.03528928756713867
0.02882540225982666
0.04728585481643677
0.06303492188453674
0.034957125782966614
0.0
0.03237190842628479
0.07454824447631836
0.057430461049079895
0.0
0.029712587594985962
0.01178199052810669
0.05373460054397583
0.0
0.03198540210723877
0.018476203083992004
0.05796833336353302
0.003796875476837158
0.026721954345703125
0.037278562784194946
0.06845684349536896
0.031567394733428955
0.039599135518074036
0.04395562410354614
0.0
0.04577036201953888
0.0
0.03804504871368408
0.011644363403320312
0.021788716316223145
0.0
0.0
0.03433084487915039
0.0
0.012189686298370361
0.03016805648803711
0.07001811265945435
0.024512112140655518
0.005890563130378723
0.04706783592700958
0.046035006642341614
0.08600950241088867
0.003547102212905884
0.04619923233985901
0.009606480598449707
0.06294965744018555
0.0764322280883789
0.05812425911426544
0.04033870995044708
0.016622543334960938
0.0
0.06886398792266846
0.02147427201271057
0.0
0.0
0.0
0.019268423318862915
0.00835418701171875
0.03146667778491974
0.05293494462966919
0.025522619485855103
0.017811015248298645
0.06825143098831177
0.012855708599090576
0.08126479387283325
0.022092819213867188
0.00942850112915039
0.01907217502593994
0.04852294921875
0.06270018219947815
0.06689101457595825
0.042348578572273254
0.01995992660522461
0.042591214179992676
0.08443081378936768
0.026293396949768066
0.0
0.008003711700439453
0.03889763355255127
0.0
0.03089761734008789
0.03426074981689453
0.08646869659423828
0.020384788513183594
0.0
0.024683773517608643
0.05173760652542114
0.01647549867630005
0.04913663864135742
0.03232327103614807
0.0
0.021560102701187134
0.0
0.019523918628692627
0.01663029193878174
0.022129446268081665
0.06909056007862091
0.10493603348731995
0.010937988758087158
0.008768752217292786
0.03227120637893677
0.14287061989307404
0.029800131916999817
0.0
0.0
0.005212500691413879
0.08334189653396606
0.06685495376586914
0.005928635597229004
0.04568368196487427
0.06477701663970947
0.031844913959503174
0.042578890919685364
0.0
0.051575660705566406
0.0018113255500793457
0.029492288827896118
0.0
0.08354730904102325
0.015210926532745361
0.0
0.017771542072296143
0.0
0.07629747688770294
0.0
0.05172932147979736
0.013306617736816406
0.053426459431648254
0.0
0.00727100670337677
0.007435798645019531
0.045873358845710754
0.0
0.08323688805103302
0.05675041675567627
0.00543135404586792
0.011952787637710571
0.0
0.07714062929153442
0.014284521341323853
0.02411729097366333
0.007472425699234009
0.0025277137756347656
0.0
0.016823962330818176
0.0
0.040204524993896484
0.008823990821838379
0.058362603187561035
0.06594343483448029
0.008498668670654297
0.0644957572221756
0.05660104751586914
0.0
0.08544647693634033
0.06729069352149963
0.07408392429351807
0.04480934143066406
0.05407392978668213
0.0
0.004216581583023071
0.0
0.061472803354263306
0.16405880451202393
0.05821239948272705
0.052030280232429504
0.05068618059158325
0.04187166690826416
0.0023177266120910645
0.016849711537361145
0.033220767974853516
0.03588467836380005
0.0
0.021865367889404297
0.022915363311767578
0.0
0.04186220467090607
0.11573782563209534
0.00197756290435791
0.04914522171020508
0.0
0.07112732529640198
0.004047214984893799
0.04184848070144653
0.05219566822052002
0.036664873361587524
0.005833342671394348
0.02327270805835724
0.02067720890045166
0.013550668954849243
0.0
0.02416592836380005
0.013831332325935364
0.01853400468826294
0.01939946413040161
0.010226443409919739
0.08361425995826721
0.06659689545631409
0.0
0.07332545518875122
0.05193531513214111
0.025350958108901978
0.03509187698364258
0.04363119602203369
0.06322890520095825
0.02943935990333557
0.0
0.059171974658966064
0.0
0.019708454608917236
0.04982300102710724
0.06157723069190979
0.0018293410539627075
0.037371546030044556
0.057362377643585205
0.003323376178741455
0.06020966172218323
0.011253267526626587
0.0032109320163726807
0.10978288948535919
0.0
0.0
0.0
0.01860523223876953
0.011219218373298645
0.052053749561309814
0.04288358986377716
0.015213489532470703
0.09228402376174927
0.011710762977600098
0.06864023208618164
0.032490074634552
0.022821247577667236
0.029895693063735962
0.0
0.051711857318878174
0.012151062488555908
0.1145876944065094
0.04865598678588867
0.011646389961242676
0.09576588869094849
0.04614144563674927
0.015832901000976562
0.00871497392654419
0.0
0.06637030839920044
0.05173015594482422
0.0526064932346344
0.10223925113677979
0.025805294513702393
0.0
0.0
0.02906198799610138
0.0
0.01397581398487091
0.0347694456577301
0.0633276104927063
0.032725244760513306
0.0594886839389801
0.0
0.02448749542236328
0.02554607391357422
0.0272463858127594
0.028260350227355957
0.02959299087524414
0.0053770095109939575
0.044834256172180176
0.0
0.0043089985847473145
0.02334052324295044
0.04381914436817169
0.0027520209550857544
0.060338690876960754
0.041760921478271484
0.03161776065826416
0.027557089924812317
0.06432381272315979
0.03777781128883362
0.0
0.08115893602371216
0.06108200550079346
0.05248776078224182
0.03397923707962036
0.015463262796401978
0.0
0.03795921802520752
0.03793230652809143
0.0
0.0
0.07278788089752197
0.03863668441772461
0.05914020538330078
0.0
0.027107059955596924
0.011479020118713379
0.0715973973274231
0.009911179542541504
0.04841423034667969
0.0
0.007984280586242676
0.002469360828399658
0.04025489091873169
0.00981302559375763
0.0
0.009317517280578613
0.0
0.05697384476661682
0.03494912385940552
0.09140455722808838
0.056310951709747314
0.011389166116714478
0.0171329528093338
0.015295028686523438
0.13360348343849182
0.03423243761062622
0.003147721290588379
0.057761192321777344
0.030716538429260254
0.06713593006134033
0.016078665852546692
0.0419280081987381
0.0
0.0
0.006044507026672363
0.0
0.0
0.07269544899463654
0.04779425263404846
0.07679474353790283
0.0
0.0472380667924881
0.012603670358657837
0.03168010711669922
0.044333845376968384
0.0
0.05803699791431427
0.0
0.05787593126296997
0.05625028908252716
0.015560269355773926
0.08579865097999573
0.06611138582229614
0.010983765125274658
0.0009335577487945557
0.02560102939605713
0.03405189514160156
0.005788147449493408
0.0690259039402008
0.05552244186401367
0.0020284652709960938
0.08462992310523987
0.0
0.06814301013946533
0.04625016450881958
0.011261850595474243
0.08056183159351349
0.08247414231300354
0.03972446918487549
0.03859320282936096
0.06933033466339111
0.028037458658218384
0.06677258014678955
0.0
0.068647101521492
0.03161889314651489
0.078529953956604
0.0053206682205200195
0.023275569081306458
0.015588581562042236
0.02465832233428955
0.060175612568855286
0.04298603534698486
0.049693405628204346
0.06278744339942932
0.002171233296394348
0.031878381967544556
0.06180925667285919
0.0638626217842102
0.05800524353981018
0.022731423377990723
0.062216103076934814
0.0015063285827636719
0.10486164689064026
0.042039304971694946
0.0
0.06158752739429474
0.02562534809112549
0.06702977418899536
0.027605727314949036
0.05405274033546448
0.019104480743408203
0.0
0.0
0.044259458780288696
0.014437869191169739
0.05143177509307861
0.0525890588760376
0.025508880615234375
0.009866833686828613
0.06957066059112549
0.037403881549835205
0.04345351457595825
0.017722606658935547
0.007133126258850098
0.008784487843513489
0.035852909088134766
0.031606584787368774
0.029692843556404114
0.07805788516998291
0.06390181183815002
0.08675050735473633
0.06890088319778442
0.06573545932769775
0.058230116963386536
0.0
0.03159201145172119
0.01585066318511963
0.020975589752197266
0.04014959931373596
0.0
0.06282007694244385
0.0
0.01742449402809143
0.059935569763183594
0.032021164894104004
0.04929056763648987
0.0624009370803833
0.05736696720123291
0.011698722839355469
0.0
0.0
0.0
0.045771509408950806
0.0
0.037215620279312134
0.02755051851272583
0.03959742188453674
0.06786718964576721
0.035322487354278564
0.003968238830566406
0.05815601348876953
0.035419464111328125
0.05022156238555908
0.0
0.055848315358161926
0.03695526719093323
0.029171854257583618
0.04175034165382385
0.07032281160354614
0.04720890522003174
0.0623663067817688
0.0
0.0
0.03622114658355713
0.042285919189453125
0.04344463348388672
0.07256785035133362
0.019484713673591614
0.06586933135986328
0.02875414490699768
0.02933807671070099
0.02738887071609497
0.05967894196510315
0.0
0.03662538528442383
0.0007616281509399414
0.04678690433502197
0.02106344699859619
0.03766024112701416
0.02933293581008911
0.08517438173294067
0.08295166492462158
0.02947711944580078
0.05276814103126526
0.029290586709976196
0.09440004825592041
0.04953634738922119
0.05130815505981445
0.04657888412475586
0.056688904762268066
0.019651800394058228
0.006039619445800781
0.04852151870727539
0.008651167154312134
0.022411540150642395
0.06115293502807617
0.03707972168922424
0.08071175217628479
0.06887257099151611
0.038010984659194946
0.04916524887084961
0.028708934783935547
0.06378364562988281
0.009811311960220337
0.01168842613697052
0.0011452734470367432
0.003165721893310547
0.0
0.03958284854888916
0.0028181076049804688
0.004283815622329712
0.03697557747364044
0.037657082080841064
0.0
0.0
0.0013260841369628906
0.0
0.0
0.056607067584991455
0.05878889560699463
0.05014343559741974
0.042287349700927734
0.009958937764167786
0.0
0.0343242883682251
0.06386721134185791
0.054497912526130676
0.01362621784210205
0.03497457504272461
0.02892094850540161
0.0533214807510376
0.0
0.08453035354614258
0.01470482349395752
0.023985683917999268
0.030891060829162598
0.06394930183887482
0.0
0.07599908113479614
0.02330532670021057
0.019456982612609863
0.024033740162849426
0.07832366228103638
0.037096887826919556
0.005111813545227051
0.0
0.03926840424537659
0.0
0.0
0.0603867769241333
0.025684550404548645
0.02289476990699768
0.0
0.0
0.07499486207962036
0.012751296162605286
0.0
0.07741785049438477
0.0
0.012226298451423645
0.041407883167266846
0.0
0.005512908101081848
0.005028843879699707
0.0
0.0
0.0
0.06972026824951172
0.0
0.08312645554542542
0.036203980445861816
0.0
0.02658665180206299
0.012613683938980103
0.03463011980056763
0.007104218006134033
0.05791056156158447
0.025082886219024658
0.014576628804206848
0.0
0.013193324208259583
0.0460478812456131
0.018584638833999634
0.030965998768806458
0.0
0.045452237129211426
0.0
0.049465373158454895
0.0427345335483551
0.041661933064460754
0.007212936878204346
0.01276618242263794
0.012389376759529114
0.001831352710723877
0.004878044128417969
0.005550980567932129
0.0009455680847167969
0.07632780075073242
0.0479530394077301
0.06455612182617188
0.0651254653930664
0.0
0.06985217332839966
0.0043853819370269775
0.0
0.05463409423828125
0.01929330825805664
0.0
0.09769022464752197
0.03939485549926758
0.0
0.0
0.04386034607887268
0.053437620401382446
0.07983513176441193
0.0
0.0
0.06101590394973755
0.03841525316238403
0.07916480302810669
0.03182545304298401
0.041725754737854004
0.024450302124023438
0.0776713490486145
0.056905463337898254
0.012556195259094238
0.0631333589553833
0.0
0.024629414081573486
0.054961398243904114
0.016224026679992676
0.0
0.053605854511260986
0.06509029865264893
0.02876758575439453
0.07612895965576172
0.02331620454788208
0.012593090534210205
0.028016284108161926
0.05849564075469971
0.05759984254837036
0.07092447578907013
0.009225666522979736
0.0
0.0006809234619140625
0.03219538927078247
0.0
0.03345079720020294
0.04065313935279846
0.0015555620193481445
0.026473045349121094
0.0
0.0
0.050124555826187134
0.027951911091804504
0.0
0.05462665855884552
0.06193628907203674
0.057059675455093384
0.03967440128326416
0.043183714151382446
0.009964942932128906
0.07251206040382385
0.02932894229888916
0.017114639282226562
0.06767207384109497
0.0
0.1521998643875122
0.0
0.0010863542556762695
0.024121582508087158
0.029984384775161743
0.0
0.03206720948219299
0.02303469181060791
0.000613972544670105
0.08816272020339966
0.07074368000030518
0.0
0.06745636463165283
0.016265779733657837
0.026813805103302002
0.0512031614780426
0.020533278584480286
0.0512031614780426
0.00763094425201416
0.0
0.0
0.04908743500709534
0.031236082315444946
0.023748785257339478
0.0615391731262207
0.04077959060668945
0.0
0.0023560523986816406
0.013602733612060547
0.010179519653320312
0.0007910728454589844
0.06546193361282349
0.060450851917266846
0.0531131774187088
0.0
0.057431891560554504
0.0646173506975174
0.021616756916046143
0.035182297229766846
0.05250635743141174
0.0
0.07118970155715942
0.006255060434341431
0.0
0.004859745502471924
0.0
0.023898422718048096
0.05387707054615021
0.082741379737854
0.06752701103687286
0.005548097193241119
0.07557451725006104
0.015567973256111145
0.020867735147476196
0.029861092567443848
0.0
0.05251064896583557
0.00349503755569458
0.05660219490528107
0.0
0.054345130920410156
0.04079991579055786
0.004860877990722656
0.07891619205474854
0.07253009080886841
0.04128772020339966
0.02460022270679474
0.08083420991897583
0.04501563310623169
0.032577335834503174
0.033234789967536926
0.0
0.08553630113601685
0.08453637361526489
0.05739012360572815
0.0
0.03846848011016846
0.057552337646484375
0.0
0.0
0.10596859455108643
0.08042135834693909
0.05064868927001953
0.060955822467803955
0.0
0.07489700615406036
0.003965094685554504
0.0
0.07481861114501953
0.06436359882354736
0.012254908680915833
0.0
0.07440978288650513
0.03706485033035278
0.03094024956226349
0.009446531534194946
0.029884248971939087
0.0
0.0
0.033329784870147705
0.05389082431793213
0.04536008834838867
0.0
0.09873592853546143
0.035902976989746094
0.04019796848297119
0.04473811388015747
0.0
0.060138702392578125
0.0
0.04134523868560791
0.048027992248535156
0.02815103530883789
0.029653072357177734
0.01243603229522705
0.03443413972854614
0.0548243522644043
0.06292420625686646
0.047486692667007446
0.0
0.05988037586212158
0.0025663375854492188
0.04037821292877197
0.01896601915359497
0.05708056688308716
0.0
0.07170641422271729
0.04843111336231232
0.013684272766113281
0.008124470710754395
0.0919567346572876
0.04251308739185333
0.016581058502197266
0.011731624603271484
0.0
0.02634716033935547
0.01977252960205078
0.030470192432403564
0.0
0.05426187813282013
0.06473866105079651
0.006644442677497864
0.0
0.09667742252349854
0.03781500458717346
0.04091435670852661
0.029814153909683228
0.006768614053726196
0.07034797966480255
0.0845315009355545
0.01599740982055664
0.030220702290534973
0.03630638122558594
0.03607809543609619
0.006762892007827759
0.07323819398880005
0.05910959839820862
0.0
0.04716482758522034
0.02142333984375
0.06376791000366211
0.03400754928588867
0.013072878122329712
0.035665228962898254
0.06515753269195557
0.03361101448535919
0.0
0.04874098300933838
0.07145291566848755
0.01033860445022583
0.043397143483161926
0.025644779205322266
0.0494542121887207
0.010639309883117676
0.007041275501251221
0.0
0.022066503763198853
0.06772613525390625
0.04611396789550781
0.04707928001880646
0.020397379994392395
0.0011421218514442444
0.031768232583999634
0.0
0.0521312952041626
0.04792328178882599
0.055969059467315674
0.03429022431373596
0.019598305225372314
0.0
0.021966934204101562
0.0
0.025837063789367676
0.03972072899341583
0.06355705857276917
0.0
0.06461364030838013
0.025641635060310364
0.02549457550048828
0.05263853073120117
0.0
0.04153120517730713
0.0
0.01954507827758789
0.007415771484375
0.0432744026184082
0.025354981422424316
0.050881028175354004
0.0694347620010376
