
SAPA
60.0
354.0
294.0
171.0
1000
1000
252.0
0.0
102.0
18.0
285.0
687.0
0.0
658.0
762.0
372.0
392.0
309.0
168.0
1000
402.0
508.0
0.0
730.0
0.0
207.0
3.0
108.0
99.0
1000
1000
54.0
3.0
169.0
546.0
0.0
0.0
3.0
652.0
171.0
357.0
1000
528.0
342.0
143.0
695.0
45.0
39.0
318.0
0.0
165.0
267.0
0.0
0.0
717.0
342.0
3.0
0.0
0.0
0.0
705.0
0.0
1000
0.0
1000
0.0
204.0
613.0
9.0
135.0
15.0
228.0
210.0
474.0
117.0
459.0
240.0
36.0
33.0
117.0
357.0
1000
645.0
288.0
193.0
0.0
480.0
0.0
267.0
471.0
378.0
0.0
369.0
1000
126.0
1000
1000
192.0
509.0
534.0
6.0
0.0
1000
292.0
573.0
617.0
0.0
1000
323.0
480.0
48.0
459.0
0.0
126.0
168.0
24.0
330.0
60.0
177.0
0.0
48.0
0.0
627.0
480.0
54.0
0.0
156.0
78.0
0.0
0.0
141.0
507.0
111.0
897.0
360.0
141.0
737.0
456.0
156.0
0.0
1000
669.0
819.0
0.0
672.0
30.0
1000
0.0
249.0
201.0
333.0
3.0
1000
282.0
396.0
156.0
141.0
663.0
0.0
558.0
0.0
288.0
220.0
1000
0.0
0.0
99.0
0.0
51.0
278.0
662.0
120.0
9.0
327.0
435.0
875.0
12.0
573.0
42.0
447.0
348.0
246.0
231.0
117.0
0.0
534.0
1000
0.0
0.0
0.0
116.0
45.0
276.0
243.0
150.0
54.0
639.0
15.0
610.0
489.0
12.0
78.0
225.0
870.0
465.0
711.0
525.0
321.0
645.0
252.0
0.0
18.0
174.0
0.0
147.0
509.0
481.0
435.0
0.0
102.0
585.0
1000
666.0
123.0
0.0
339.0
0.0
273.0
71.0
144.0
693.0
890.0
9.0
9.0
216.0
564.0
201.0
0.0
0.0
34.0
666.0
561.0
9.0
759.0
336.0
93.0
288.0
0.0
483.0
3.0
249.0
0.0
626.0
114.0
0.0
120.0
0.0
621.0
0.0
602.0
60.0
480.0
0.0
9.0
393.0
225.0
0.0
606.0
440.0
6.0
60.0
0.0
1000
45.0
168.0
24.0
3.0
0.0
9.0
0.0
620.0
42.0
486.0
469.0
60.0
642.0
781.0
0.0
831.0
477.0
777.0
297.0
1000
0.0
9.0
0.0
531.0
662.0
384.0
1000
1000
1000
3.0
54.0
387.0
234.0
0.0
222.0
402.0
0.0
336.0
1000
3.0
69.0
0.0
795.0
3.0
369.0
288.0
315.0
6.0
183.0
45.0
18.0
0.0
171.0
123.0
81.0
201.0
1000
633.0
833.0
0.0
1000
1000
570.0
189.0
303.0
627.0
519.0
0.0
1000
0.0
60.0
303.0
661.0
3.0
525.0
721.0
6.0
468.0
78.0
3.0
419.0
0.0
0.0
0.0
120.0
36.0
282.0
534.0
141.0
822.0
1000
561.0
147.0
135.0
144.0
0.0
582.0
33.0
720.0
498.0
102.0
518.0
411.0
170.0
84.0
0.0
1000
1000
725.0
519.0
84.0
0.0
0.0
375.0
0.0
48.0
455.0
630.0
123.0
1000
0.0
345.0
1000
312.0
120.0
102.0
6.0
859.0
0.0
21.0
54.0
237.0
3.0
459.0
258.0
75.0
399.0
435.0
183.0
0.0
1000
495.0
583.0
411.0
66.0
0.0
144.0
174.0
0.0
0.0
546.0
132.0
705.0
0.0
234.0
168.0
884.0
39.0
264.0
0.0
45.0
3.0
660.0
99.0
0.0
36.0
0.0
448.0
141.0
657.0
456.0
36.0
252.0
147.0
408.0
375.0
3.0
418.0
354.0
495.0
12.0
237.0
0.0
0.0
27.0
0.0
0.0
582.0
1000
543.0
0.0
120.0
3.0
192.0
396.0
0.0
609.0
0.0
602.0
480.0
105.0
1000
534.0
1000
3.0
150.0
153.0
9.0
1000
234.0
3.0
597.0
0.0
537.0
450.0
114.0
366.0
624.0
151.0
141.0
573.0
279.0
300.0
0.0
399.0
342.0
327.0
18.0
1000
498.0
180.0
569.0
291.0
309.0
387.0
3.0
186.0
345.0
1000
1000
234.0
750.0
3.0
735.0
869.0
0.0
246.0
528.0
653.0
162.0
369.0
132.0
0.0
0.0
518.0
156.0
1000
451.0
69.0
138.0
420.0
1000
1000
285.0
15.0
12.0
306.0
285.0
231.0
808.0
615.0
393.0
783.0
327.0
1000
0.0
357.0
57.0
393.0
159.0
0.0
387.0
0.0
1000
664.0
201.0
270.0
441.0
438.0
1000
0.0
0.0
0.0
739.0
0.0
207.0
132.0
1000
777.0
309.0
3.0
670.0
1000
381.0
0.0
951.0
231.0
132.0
609.0
684.0
297.0
234.0
0.0
0.0
192.0
450.0
758.0
615.0
120.0
372.0
1000
246.0
183.0
543.0
0.0
273.0
3.0
474.0
296.0
378.0
111.0
672.0
1000
192.0
327.0
363.0
1000
1000
1000
465.0
342.0
123.0
24.0
821.0
147.0
81.0
713.0
228.0
849.0
516.0
378.0
735.0
639.0
849.0
39.0
135.0
3.0
3.0
0.0
450.0
3.0
66.0
1000
264.0
0.0
0.0
3.0
0.0
0.0
285.0
708.0
327.0
243.0
51.0
0.0
123.0
597.0
360.0
207.0
183.0
207.0
975.0
0.0
522.0
105.0
72.0
183.0
732.0
0.0
961.0
1000
528.0
180.0
711.0
147.0
6.0
0.0
1000
0.0
0.0
387.0
237.0
303.0
0.0
0.0
357.0
18.0
0.0
1000
0.0
33.0
168.0
0.0
12.0
18.0
0.0
0.0
0.0
615.0
0.0
614.0
222.0
0.0
135.0
45.0
681.0
30.0
479.0
165.0
81.0
0.0
123.0
195.0
117.0
492.0
0.0
312.0
0.0
203.0
216.0
303.0
21.0
27.0
48.0
3.0
3.0
30.0
3.0
510.0
705.0
801.0
306.0
0.0
673.0
3.0
0.0
432.0
369.0
0.0
807.0
447.0
0.0
0.0
528.0
302.0
537.0
0.0
0.0
651.0
387.0
834.0
141.0
336.0
1000
1000
258.0
201.0
396.0
0.0
252.0
399.0
93.0
0.0
1000
216.0
105.0
596.0
60.0
33.0
1000
294.0
576.0
327.0
96.0
0.0
3.0
189.0
0.0
228.0
1000
3.0
633.0
0.0
0.0
1000
144.0
0.0
330.0
417.0
528.0
1000
402.0
39.0
449.0
238.0
1000
474.0
0.0
648.0
0.0
3.0
522.0
356.0
0.0
228.0
165.0
3.0
668.0
617.0
0.0
618.0
51.0
81.0
312.0
60.0
388.0
15.0
0.0
0.0
606.0
138.0
267.0
318.0
567.0
0.0
3.0
27.0
54.0
3.0
393.0
501.0
624.0
0.0
474.0
1000
57.0
261.0
615.0
0.0
534.0
12.0
0.0
90.0
0.0
261.0
447.0
459.0
853.0
321.0
588.0
120.0
279.0
186.0
0.0
342.0
6.0
180.0
0.0
804.0
212.0
9.0
360.0
314.0
428.0
300.0
681.0
345.0
282.0
744.0
0.0
471.0
573.0
600.0
0.0
621.0
483.0
0.0
0.0
714.0
284.0
180.0
666.0
0.0
378.0
3.0
0.0
558.0
309.0
66.0
0.0
213.0
588.0
234.0
48.0
333.0
0.0
0.0
288.0
1000
570.0
0.0
894.0
441.0
189.0
441.0
0.0
504.0
0.0
1000
1000
135.0
141.0
63.0
333.0
417.0
216.0
668.0
0.0
634.0
3.0
312.0
69.0
489.0
0.0
132.0
423.0
102.0
66.0
890.0
972.0
285.0
63.0
0.0
201.0
369.0
252.0
0.0
315.0
267.0
24.0
0.0
871.0
159.0
156.0
327.0
18.0
402.0
723.0
123.0
512.0
96.0
366.0
12.0
621.0
483.0
0.0
476.0
99.0
664.0
819.0
132.0
189.0
624.0
84.0
0.0
525.0
507.0
1000
435.0
279.0
1000
33.0
12.0
0.0
539.0
921.0
414.0
412.0
231.0
3.0
681.0
0.0
522.0
810.0
300.0
546.0
201.0
0.0
312.0
0.0
360.0
511.0
381.0
0.0
846.0
384.0
342.0
329.0
0.0
615.0
0.0
754.0
6.0
249.0
120.0
426.0
399.0

PA
4.0
43.0
28.0
55.0
15.0
41.0
15.0
0.0
3.0
8.0
34.0
78.0
0.0
74.0
55.0
62.0
55.0
45.0
24.0
50.0
13.0
39.0
0.0
75.0
0.0
17.0
1.0
12.0
11.0
48.0
8.0
6.0
1.0
50.0
40.0
0.0
0.0
1.0
63.0
40.0
39.0
48.0
44.0
5.0
15.0
71.0
4.0
5.0
7.0
0.0
24.0
52.0
0.0
0.0
63.0
44.0
1.0
0.0
0.0
0.0
70.0
0.0
24.0
0.0
21.0
0.0
6.0
64.0
2.0
19.0
4.0
14.0
15.0
65.0
7.0
52.0
24.0
7.0
8.0
20.0
27.0
37.0
47.0
33.0
34.0
0.0
28.0
0.0
51.0
57.0
53.0
0.0
87.0
10.0
13.0
18.0
70.0
41.0
54.0
67.0
1.0
0.0
41.0
41.0
72.0
64.0
0.0
40.0
24.0
29.0
6.0
65.0
0.0
7.0
14.0
4.0
98.0
10.0
8.0
0.0
7.0
0.0
40.0
54.0
21.0
0.0
29.0
4.0
0.0
0.0
6.0
76.0
25.0
84.0
32.0
26.0
49.0
54.0
36.0
0.0
24.0
73.0
46.0
0.0
36.0
10.0
23.0
0.0
25.0
8.0
38.0
1.0
17.0
50.0
69.0
36.0
19.0
54.0
0.0
35.0
0.0
28.0
3.0
49.0
0.0
0.0
28.0
0.0
9.0
19.0
41.0
17.0
5.0
45.0
53.0
62.0
1.0
38.0
5.0
88.0
60.0
34.0
33.0
49.0
0.0
99.0
13.0
0.0
0.0
0.0
20.0
9.0
51.0
26.0
28.0
25.0
56.0
6.0
25.0
31.0
3.0
17.0
25.0
53.0
51.0
45.0
54.0
43.0
80.0
25.0
0.0
4.0
30.0
0.0
18.0
31.0
67.0
38.0
0.0
16.0
42.0
10.0
33.0
19.0
0.0
18.0
0.0
5.0
20.0
15.0
39.0
96.0
3.0
1.0
38.0
138.0
24.0
0.0
0.0
2.0
60.0
67.0
2.0
26.0
71.0
17.0
29.0
0.0
54.0
1.0
24.0
0.0
60.0
5.0
0.0
31.0
0.0
57.0
0.0
45.0
13.0
32.0
0.0
3.0
62.0
40.0
0.0
43.0
52.0
3.0
14.0
0.0
56.0
10.0
30.0
3.0
2.0
0.0
2.0
0.0
49.0
7.0
44.0
56.0
2.0
80.0
70.0
0.0
33.0
55.0
83.0
44.0
40.0
0.0
2.0
0.0
26.0
86.0
74.0
44.0
37.0
37.0
1.0
13.0
17.0
10.0
0.0
31.0
47.0
0.0
40.0
93.0
1.0
31.0
0.0
58.0
1.0
29.0
57.0
82.0
2.0
28.0
11.0
7.0
0.0
29.0
14.0
21.0
11.0
13.0
52.0
42.0
0.0
45.0
52.0
13.0
78.0
41.0
62.0
42.0
0.0
46.0
0.0
14.0
50.0
43.0
1.0
17.0
79.0
2.0
36.0
14.0
2.0
48.0
0.0
0.0
0.0
10.0
4.0
43.0
21.0
22.0
83.0
11.0
78.0
17.0
15.0
21.0
0.0
65.0
4.0
79.0
35.0
3.0
51.0
39.0
18.0
7.0
0.0
58.0
37.0
71.0
38.0
15.0
0.0
0.0
29.0
0.0
6.0
66.0
56.0
21.0
59.0
0.0
16.0
36.0
30.0
24.0
17.0
3.0
58.0
0.0
2.0
14.0
21.0
3.0
88.0
25.0
15.0
19.0
61.0
14.0
0.0
66.0
27.0
69.0
17.0
5.0
0.0
20.0
13.0
0.0
0.0
24.0
46.0
77.0
0.0
10.0
36.0
34.0
11.0
33.0
0.0
3.0
1.0
47.0
15.0
0.0
9.0
0.0
47.0
7.0
64.0
58.0
7.0
27.0
69.0
117.0
33.0
1.0
53.0
29.0
52.0
2.0
23.0
0.0
0.0
10.0
0.0
0.0
70.0
36.0
41.0
0.0
27.0
1.0
17.0
31.0
0.0
65.0
0.0
51.0
48.0
18.0
60.0
38.0
6.0
1.0
57.0
16.0
5.0
60.0
31.0
2.0
74.0
0.0
57.0
47.0
33.0
119.0
84.0
32.0
21.0
64.0
19.0
41.0
0.0
83.0
14.0
47.0
3.0
24.0
15.0
38.0
50.0
32.0
34.0
42.0
1.0
19.0
71.0
52.0
47.0
24.0
61.0
1.0
65.0
44.0
0.0
28.0
41.0
85.0
19.0
44.0
11.0
0.0
0.0
116.0
13.0
22.0
38.0
30.0
6.0
78.0
25.0
33.0
13.0
4.0
6.0
49.0
50.0
21.0
88.0
53.0
228.0
26.0
40.0
56.0
0.0
24.0
10.0
4.0
24.0
0.0
53.0
0.0
11.0
46.0
36.0
87.0
50.0
26.0
6.0
0.0
0.0
0.0
46.0
0.0
29.0
18.0
10.0
44.0
23.0
1.0
20.0
43.0
31.0
0.0
86.0
54.0
30.0
42.0
70.0
35.0
45.0
0.0
0.0
13.0
57.0
45.0
34.0
8.0
36.0
40.0
17.0
21.0
31.0
0.0
46.0
1.0
43.0
22.0
67.0
11.0
75.0
77.0
13.0
33.0
52.0
64.0
26.0
58.0
49.0
65.0
39.0
5.0
23.0
4.0
19.0
77.0
31.0
52.0
82.0
49.0
19.0
25.0
80.0
5.0
7.0
1.0
1.0
0.0
18.0
1.0
6.0
20.0
37.0
0.0
0.0
1.0
0.0
0.0
61.0
65.0
73.0
17.0
12.0
0.0
18.0
74.0
148.0
18.0
34.0
16.0
48.0
0.0
81.0
13.0
18.0
13.0
47.0
0.0
37.0
12.0
63.0
16.0
79.0
37.0
7.0
0.0
43.0
0.0
0.0
96.0
21.0
32.0
0.0
0.0
40.0
4.0
0.0
41.0
0.0
7.0
36.0
0.0
3.0
2.0
0.0
0.0
0.0
35.0
0.0
65.0
36.0
0.0
25.0
14.0
45.0
8.0
44.0
17.0
5.0
0.0
11.0
15.0
7.0
28.0
0.0
39.0
0.0
50.0
42.0
14.0
2.0
9.0
16.0
1.0
1.0
4.0
1.0
67.0
45.0
66.0
44.0
0.0
20.0
1.0
0.0
50.0
19.0
0.0
82.0
23.0
0.0
0.0
57.0
25.0
37.0
0.0
0.0
63.0
48.0
46.0
16.0
43.0
25.0
65.0
33.0
10.0
42.0
0.0
32.0
54.0
12.0
0.0
33.0
45.0
32.0
67.0
23.0
2.0
72.0
52.0
82.0
36.0
8.0
0.0
1.0
9.0
0.0
12.0
37.0
1.0
19.0
0.0
0.0
35.0
56.0
0.0
45.0
66.0
31.0
19.0
27.0
8.0
73.0
10.0
9.0
38.0
0.0
81.0
0.0
1.0
15.0
21.0
0.0
32.0
19.0
1.0
83.0
59.0
0.0
69.0
16.0
14.0
39.0
11.0
51.0
2.0
0.0
0.0
32.0
14.0
50.0
23.0
31.0
0.0
1.0
3.0
4.0
1.0
54.0
78.0
51.0
0.0
28.0
42.0
15.0
57.0
46.0
0.0
48.0
3.0
0.0
5.0
0.0
39.0
48.0
29.0
46.0
34.0
54.0
17.0
36.0
27.0
0.0
53.0
3.0
12.0
0.0
86.0
36.0
2.0
50.0
40.0
38.0
126.0
43.0
37.0
9.0
33.0
0.0
24.0
82.0
56.0
0.0
48.0
68.0
0.0
0.0
91.0
16.0
37.0
82.0
0.0
23.0
3.0
0.0
47.0
46.0
14.0
0.0
37.0
51.0
38.0
8.0
41.0
0.0
0.0
25.0
63.0
21.0
0.0
84.0
34.0
59.0
58.0
0.0
54.0
0.0
31.0
44.0
46.0
24.0
13.0
18.0
14.0
57.0
57.0
0.0
77.0
3.0
43.0
17.0
53.0
0.0
39.0
34.0
31.0
5.0
74.0
50.0
30.0
12.0
0.0
14.0
9.0
20.0
0.0
21.0
33.0
3.0
0.0
80.0
20.0
32.0
33.0
5.0
30.0
79.0
16.0
40.0
8.0
38.0
4.0
91.0
37.0
0.0
42.0
11.0
33.0
24.0
11.0
15.0
54.0
11.0
0.0
30.0
104.0
3.0
68.0
22.0
54.0
2.0
1.0
0.0
29.0
52.0
30.0
62.0
24.0
2.0
58.0
0.0
55.0
34.0
39.0
55.0
9.0
0.0
16.0
0.0
20.0
28.0
51.0
0.0
89.0
17.0
143.0
59.0
0.0
47.0
0.0
22.0
3.0
41.0
31.0
131.0
59.0

IGD
0.34234532713890076
1.3967489004135132
0.8397918343544006
1.458959937095642
1.0144295692443848
1.891676425933838
0.8531121015548706
0.0
0.5136687755584717
0.201690211892128
0.6840564012527466
1.7757587432861328
0.0
3.4905247688293457
1.8971154689788818
1.8689054250717163
0.9817472100257874
1.3863804340362549
0.3907897174358368
1.5482529401779175
0.754479169845581
2.573901653289795
0.0
2.910909414291382
0.0
1.1780778169631958
0.06152667477726936
0.6554492712020874
0.4034755825996399
2.4687747955322266
0.7906498312950134
0.4623858630657196
0.18800531327724457
1.17365300655365
1.8870304822921753
0.0
0.0
0.0055659059435129166
2.087578535079956
1.1193578243255615
1.2655632495880127
1.8440568447113037
1.6075438261032104
0.4867110550403595
1.6954702138900757
1.6313869953155518
0.775823175907135
0.18266133964061737
0.27561742067337036
0.0
0.7236030697822571
1.4416754245758057
0.0
0.0
2.091646194458008
1.3957839012145996
0.0734831839799881
0.0
0.0
0.0
2.497936725616455
0.0
0.8968936800956726
0.0
1.240175485610962
0.0
0.5182355642318726
2.078341245651245
0.21569225192070007
0.6674368381500244
0.34261494874954224
0.871712863445282
0.9498898983001709
2.020407199859619
0.3289458751678467
2.2535266876220703
0.7586495876312256
0.3111855387687683
0.72907555103302
0.9855199456214905
1.006643533706665
1.141183614730835
2.154259204864502
1.2650556564331055
1.4479693174362183
0.0
0.6051024794578552
0.0
1.0533751249313354
1.6012799739837646
1.4382503032684326
0.0
1.8963022232055664
1.510543942451477
1.265642523765564
0.6201035380363464
2.143397092819214
0.8173537254333496
3.0855233669281006
2.167680263519287
0.09774501621723175
0.0
1.575493574142456
2.136608123779297
2.374169111251831
2.3662891387939453
0.0
1.0236743688583374
1.4644767045974731
1.3207942247390747
0.5473654866218567
1.5956552028656006
0.0
0.7248575091362
0.7005956768989563
0.3287079632282257
1.384113073348999
0.5446986556053162
0.9601954817771912
0.0
0.611079752445221
0.0
1.6601266860961914
2.060732126235962
0.8628645539283752
0.0
1.2203060388565063
0.5508065819740295
0.0
0.0
0.4219970405101776
2.3794338703155518
0.5292247533798218
3.150106191635132
1.0683128833770752
0.9410572648048401
1.4682997465133667
1.904489278793335
0.9750238060951233
0.0
0.969235897064209
2.904257297515869
1.719114065170288
0.0
0.9650494456291199
0.37204626202583313
1.4449737071990967
0.0
0.9151778221130371
0.5421168804168701
1.7547720670700073
0.1081153079867363
0.8228403925895691
1.1350563764572144
2.1840858459472656
0.9711228013038635
1.084963321685791
1.4028087854385376
0.0
1.357773780822754
0.0
0.9965581893920898
0.34837037324905396
0.7177058458328247
0.0
0.0
1.1007881164550781
0.0
0.39821019768714905
1.013089656829834
2.1401543617248535
0.6965996026992798
0.18554741144180298
1.3372385501861572
1.3457857370376587
2.1912379264831543
0.10836946219205856
1.5952540636062622
0.28904861211776733
1.8659240007400513
2.2970869541168213
1.7192795276641846
1.4863426685333252
0.42837175726890564
0.0
1.801812767982483
0.6081153750419617
0.0
0.0
0.0
0.6334530115127563
0.2665152847766876
1.0333155393600464
1.2347520589828491
0.8997646570205688
0.5341405272483826
1.9008738994598389
0.31664055585861206
2.6716549396514893
0.6372295618057251
0.29575300216674805
0.4931016266345978
1.4681886434555054
2.0083868503570557
2.1742870807647705
1.5792700052261353
0.553185224533081
1.0968879461288452
2.8993825912475586
0.7895715832710266
0.0
0.2729188799858093
1.0052005052566528
0.0
0.9144441485404968
0.9066723585128784
2.4805991649627686
0.6257328987121582
0.0
0.8365728855133057
1.6958695650100708
0.5437343120574951
1.3511772155761719
1.112206220626831
0.0
0.6830256581306458
0.0
0.44522812962532043
0.5130814909934998
0.7014678716659546
2.1627588272094727
3.5882465839385986
0.32667821645736694
0.2550662159919739
1.0728795528411865
5.249305248260498
0.8533023595809937
0.0
0.0
0.15295997262001038
2.837239980697632
2.0845186710357666
0.20230863988399506
1.4636061191558838
2.2414112091064453
0.7731273174285889
1.1991679668426514
0.0
1.6541486978530884
0.04427386075258255
0.778931200504303
0.0
2.6267194747924805
0.5026953220367432
0.0
0.5998853445053101
0.0
2.5616953372955322
0.0
1.52605140209198
0.42066502571105957
1.818732500076294
0.0
0.25860244035720825
0.2239857167005539
1.3945152759552002
0.0
2.7404119968414307
1.7531145811080933
0.1475054770708084
0.40742409229278564
0.0
2.5137147903442383
0.3273283839225769
0.8357165455818176
0.24933111667633057
0.07833435386419296
0.0
0.5487293601036072
0.0
1.3019073009490967
0.2798830270767212
1.738462209701538
1.875810146331787
0.26098090410232544
2.1538310050964355
1.6641950607299805
0.0
2.8070924282073975
1.946082353591919
2.2579383850097656
1.3524457216262817
1.6980260610580444
0.0
0.13443897664546967
0.0
1.9140512943267822
5.5323405265808105
2.080009698867798
1.5889747142791748
1.5863105058670044
1.2511487007141113
0.07660099864006042
0.4938944876194
0.9554874300956726
0.9173181056976318
0.0
0.7431728839874268
0.8219048380851746
0.0
1.0509014129638672
3.312347173690796
0.054787326604127884
1.378381371498108
0.0
2.686988592147827
0.12735076248645782
1.322110652923584
1.6791558265686035
1.0477617979049683
0.1817733347415924
0.7460399270057678
0.5980611443519592
0.48130369186401367
0.0
0.7666575312614441
0.46512922644615173
0.6706568598747253
0.6103829741477966
0.39595913887023926
2.4280848503112793
1.879042148590088
0.0
2.3797991275787354
1.613141417503357
0.8837960958480835
1.157859444618225
1.2105062007904053
2.044954538345337
0.8845732808113098
0.0
1.8100109100341797
0.0
0.557546079158783
1.5708972215652466
1.6126970052719116
0.05682741478085518
1.3083462715148926
1.8421459197998047
0.1118263527750969
1.8485920429229736
0.3912971019744873
0.10486496239900589
3.355278730392456
0.0
0.0
0.0
0.6185970902442932
0.36295998096466064
1.5524550676345825
1.3392205238342285
0.49606698751449585
3.052232027053833
0.3475783169269562
2.2401561737060547
0.782021701335907
0.7428553104400635
0.8579961061477661
0.0
1.6391793489456177
0.3810533285140991
2.906613826751709
1.3628637790679932
0.3385237753391266
2.320793628692627
1.4531402587890625
0.4267064034938812
0.2878117859363556
0.0
2.077446222305298
1.6306164264678955
1.6336923837661743
2.4992337226867676
0.8257739543914795
0.0
0.0
0.9300839304924011
0.0
0.47619765996932983
1.0938749313354492
1.8267241716384888
0.8209215402603149
1.7594733238220215
0.0
0.8664253950119019
0.8729022145271301
0.7818173766136169
1.011844515800476
0.7864158749580383
0.15261124074459076
1.1705567836761475
0.0
0.14082872867584229
0.7635970711708069
1.3606759309768677
0.08404359966516495
1.7719190120697021
1.2507680654525757
0.9585541486740112
0.8657662868499756
2.1333909034729004
1.1435245275497437
0.0
2.4010636806488037
1.6887460947036743
1.5372954607009888
0.8856673836708069
0.44928044080734253
0.0
1.2463438510894775
1.1321548223495483
0.0
0.0
1.9099284410476685
1.0452245473861694
1.885444164276123
0.0
0.9115307927131653
0.3895845115184784
2.067422389984131
0.3072846531867981
1.5585442781448364
0.0
0.27777406573295593
0.08913441002368927
1.3280730247497559
0.26469165086746216
0.0
0.3008941411972046
0.0
1.7227898836135864
1.1975189447402954
2.9354264736175537
2.034250259399414
0.3079664409160614
0.5353288650512695
0.4456087648868561
5.151878356933594
1.05692720413208
0.08090441673994064
1.9241520166397095
0.9406439661979675
2.153878927230835
0.49579742550849915
1.2662131786346436
0.0
0.0
0.18332740664482117
0.0
0.0
2.257122039794922
1.700705885887146
2.7561264038085938
0.0
1.6025010347366333
0.4078998267650604
0.9045373797416687
1.1553541421890259
0.0
1.9981117248535156
0.0
1.762253761291504
1.5588138103485107
0.5397223830223083
2.512920618057251
2.0371999740600586
0.37934064865112305
0.029593126848340034
0.8408701419830322
0.8615006804466248
0.18099631369113922
2.1448240280151367
1.8052538633346558
0.06834540516138077
3.0015547275543213
0.0
2.111297130584717
1.4640153646469116
0.3511621057987213
3.0537540912628174
2.612236738204956
1.0460964441299438
1.091813564300537
1.9635897874832153
0.7116800546646118
1.9670624732971191
0.0
2.197559356689453
0.9616243839263916
2.681293487548828
0.19426900148391724
0.8051592707633972
0.5385964512825012
0.8445649743080139
2.120622396469116
1.10305655002594
1.592352271080017
1.8190616369247437
0.056293267756700516
0.9486529231071472
1.9611002206802368
2.0335052013397217
1.6039440631866455
0.6991685032844543
2.0240066051483154
0.05210734158754349
3.1641430854797363
1.1282984018325806
0.0
1.638541340827942
0.9378660917282104
2.3278183937072754
0.8925336599349976
1.823220133781433
0.46725407242774963
0.0
0.0
1.3031225204467773
0.46324217319488525
1.2436323165893555
1.690921664237976
0.7062722444534302
0.333592027425766
2.480091094970703
1.1139346361160278
1.3439462184906006
0.5780021548271179
0.20725621283054352
0.2512602210044861
1.170021653175354
1.017695665359497
0.9941002130508423
2.4792840480804443
2.1650898456573486
2.6306312084198
2.139163017272949
1.9310024976730347
1.9335403442382812
0.0
0.962988018989563
0.4510478377342224
0.6476794481277466
1.3260749578475952
0.0
2.003081798553467
0.0
0.5814907550811768
1.773989200592041
0.96728515625
1.4187138080596924
2.114187479019165
1.4477962255477905
0.4199197292327881
0.0
0.0
0.0
1.4696002006530762
0.0
1.1165494918823242
0.8346065878868103
1.245471715927124
2.227755069732666
0.9911031126976013
0.13857778906822205
1.572356104850769
1.1785218715667725
1.7410629987716675
0.0
1.7212250232696533
1.004217267036438
0.8711259961128235
1.0075156688690186
2.4605133533477783
1.4314473867416382
2.463700294494629
0.0
0.0
0.9978743195533752
1.2919338941574097
1.5592103004455566
2.117196559906006
0.6037694215774536
2.2256650924682617
0.886650562286377
0.9036495685577393
0.8834215998649597
1.6487572193145752
0.0
1.1261448860168457
0.025799982249736786
1.6237024068832397
0.6246545314788818
1.0849624872207642
0.810741126537323
2.648042917251587
2.3635056018829346
0.9154157638549805
1.7788352966308594
1.0036146640777588
2.909191608428955
1.5899578332901
1.2981393337249756
1.3861745595932007
2.083583116531372
0.6450631022453308
0.21334540843963623
1.4901198148727417
0.29055511951446533
0.7096025347709656
1.8572946786880493
1.3135000467300415
2.329721450805664
2.070768356323242
1.2345300912857056
1.269464135169983
0.9610692858695984
1.8564573526382446
0.3623415231704712
0.3772473931312561
0.03607559949159622
0.09092631191015244
0.0
1.167484998703003
0.08009573817253113
0.13821308314800262
1.1226876974105835
1.0757814645767212
0.0
0.0
0.048253923654556274
0.0
0.0
1.939136028289795
1.8670343160629272
1.5095926523208618
1.2289040088653564
0.3325772285461426
0.0
1.2262051105499268
1.9689338207244873
1.732357382774353
0.48877236247062683
1.1844525337219238
1.06602942943573
1.7495217323303223
0.0
2.882779836654663
0.45466330647468567
0.849449098110199
0.8804027438163757
1.9465419054031372
0.0
2.013333797454834
0.6570195555686951
0.5613518357276917
0.8515422344207764
2.926609992980957
1.1042616367340088
0.15210409462451935
0.0
1.173336386680603
0.0
0.0
1.7764567136764526
0.7977539300918579
0.72972571849823
0.0
0.0
2.027547836303711
0.3568064272403717
0.0
2.3798465728759766
0.0
0.458056777715683
0.9694549441337585
0.0
0.17711126804351807
0.15570367872714996
0.0
0.0
0.0
2.261518716812134
0.0
2.368375301361084
1.2830380201339722
0.0
0.773476243019104
0.38021281361579895
1.050520896911621
0.22197186946868896
1.936537265777588
0.7874464988708496
0.4588008224964142
0.0
0.42998918890953064
1.4359192848205566
0.49294301867485046
0.9106903672218323
0.0
1.275156855583191
0.0
1.4898967742919922
1.2293922901153564
1.299656629562378
0.21391625702381134
0.35821306705474854
0.4031426012516022
0.06131893768906593
0.1468711942434311
0.1681518852710724
0.03087434358894825
2.2372727394104004
1.4661275148391724
1.7998770475387573
2.3042380809783936
0.0
1.940656304359436
0.1499634087085724
0.0
1.759727120399475
0.6133958697319031
0.0
3.3902640342712402
1.4051716327667236
0.0
0.0
1.3132938146591187
1.3704277276992798
2.427656650543213
0.0
0.0
2.1040232181549072
1.0883091688156128
2.3994905948638916
0.8487513065338135
1.2604092359542847
0.7996726632118225
2.5018222332000732
1.6705135107040405
0.4198087751865387
1.9793362617492676
0.0
0.8164337277412415
1.7386009693145752
0.49966663122177124
0.0
1.8566317558288574
1.9074546098709106
0.8726485371589661
2.3057901859283447
0.7190061211585999
0.42484912276268005
0.9545677900314331
1.7498481273651123
1.880338191986084
2.1752703189849854
0.2517837584018707
0.0
0.022158972918987274
0.9341911673545837
0.0
0.9610376358032227
1.2948359251022339
0.052884429693222046
0.7456307411193848
0.0
0.0
1.607242465019226
0.8733144402503967
0.0
1.6638966798782349
2.065774917602539
1.5061672925949097
1.1653602123260498
1.3211590051651
0.331974595785141
2.0539662837982178
0.867209255695343
0.5659663081169128
2.1100010871887207
0.0
4.8711018562316895
0.0
0.031096341088414192
0.7320884466171265
1.0849155187606812
0.0
1.080364465713501
0.8227611184120178
0.01622536964714527
3.2160861492156982
2.256298542022705
0.0
2.5257821083068848
0.58136385679245
0.8098849058151245
1.4955270290374756
0.5056606531143188
1.423427939414978
0.2580156624317169
0.0
0.0
1.6115871667861938
0.8541428446769714
0.7729687690734863
1.4411300420761108
1.20887291431427
0.0
0.08608981221914291
0.6796447038650513
0.37463098764419556
0.02499125339090824
1.9686956405639648
1.8732820749282837
1.587087631225586
0.0
1.7217644453048706
2.0339174270629883
0.7182291150093079
1.0181715488433838
1.6993896961212158
0.0
2.6147265434265137
0.2054167538881302
0.0
0.16239561140537262
0.0
0.73752760887146
1.8086471557617188
3.0600812435150146
2.102764129638672
0.1611587405204773
2.658334255218506
0.536963164806366
0.6293472051620483
0.9616401195526123
0.0
1.5900211334228516
0.10868661105632782
1.840472936630249
0.0
1.7293126583099365
1.1934436559677124
0.15364232659339905
3.1150894165039062
2.339611768722534
1.2368124723434448
0.8651003241539001
2.7774550914764404
1.3370164632797241
0.833861231803894
0.93292236328125
0.0
2.2536377906799316
3.3498120307922363
1.6824381351470947
0.0
1.2046546936035156
1.7908053398132324
0.0
0.0
3.320711612701416
2.1385762691497803
1.4135442972183228
2.018662691116333
0.0
2.2410149574279785
0.11934275180101395
0.0
2.403061866760254
1.8917866945266724
0.3757568597793579
0.0
2.336228847503662
1.2981010675430298
0.8436293601989746
0.31963756680488586
0.9886611700057983
0.0
0.0
1.1227036714553833
1.6716928482055664
1.2501177787780762
0.0
3.282695770263672
1.2078737020492554
1.3246476650238037
1.4507933855056763
0.0
2.0702743530273438
0.0
1.3956888914108276
1.4087238311767578
0.8583588600158691
0.8768190145492554
0.37792935967445374
0.9291162490844727
1.2661021947860718
2.1334545612335205
1.5629045963287354
0.0
1.86260986328125
0.0868350937962532
1.5193926095962524
0.5745610594749451
1.7562843561172485
0.0
1.7522428035736084
1.5512025356292725
0.48493507504463196
0.2825309932231903
2.5552923679351807
1.4844110012054443
0.6069260239601135
0.4328276813030243
0.0
0.94300776720047
0.5413239598274231
0.8637207746505737
0.0
1.459641695022583
2.0091164112091064
0.20660603046417236
0.0
3.2667243480682373
1.0097041130065918
1.2980231046676636
1.027558445930481
0.2029588520526886
2.1646456718444824
2.7698614597320557
0.502235472202301
0.9636531472206116
1.1856399774551392
1.104245662689209
0.2249213606119156
2.3313546180725098
1.7013871669769287
0.0
1.3909157514572144
0.6640760898590088
1.9956529140472412
1.0655378103256226
0.3996999263763428
1.2045912742614746
2.182548761367798
0.792378306388855
0.0
1.5216013193130493
2.4974448680877686
0.32146093249320984
1.2044804096221924
0.8771982789039612
1.5591468811035156
0.33652570843696594
0.18259786069393158
0.0
0.694409966468811
2.268099546432495
1.465619683265686
1.5830732583999634
0.5977762937545776
0.04256126284599304
0.9454022645950317
0.0
1.7284424304962158
1.3360176086425781
1.9567077159881592
1.0498864650726318
0.6791406273841858
0.0
0.6676757335662842
0.0
0.8778972625732422
1.2447481155395508
2.2318971157073975
0.0
2.0184404850006104
0.9123395085334778
0.7142964005470276
1.5366612672805786
0.0
1.337622880935669
0.0
0.6600518822669983
0.28570595383644104
1.388217568397522
0.9138301014900208
1.734815001487732
2.262866497039795

AGNA
2.6188840866088867
6.581173419952393
4.324995040893555
7.072797775268555
4.000353813171387
5.389669418334961
3.7033724784851074
0.0
2.4974517822265625
6.377714157104492
3.635575532913208
6.266193389892578
0.0
7.328347206115723
7.014875411987305
6.620330333709717
5.6846022605896
4.419207572937012
4.072287559509277
4.919426918029785
4.709325313568115
6.9407734870910645
0.0
7.820448875427246
0.0
4.6957292556762695
1.7976216077804565
5.741883754730225
2.5181548595428467
6.646676540374756
3.3408989906311035
2.6672956943511963
1.9485771656036377
5.643199920654297
6.169394493103027
0.0
0.0
0.11821425706148148
6.946004867553711
5.807074546813965
4.964600563049316
5.705942630767822
5.769046306610107
2.6407089233398438
3.4151625633239746
6.121918201446533
2.094240427017212
2.5491180419921875
4.677430152893066
0.0
6.3030266761779785
3.715747594833374
0.0
0.0
5.82230806350708
4.483103275299072
1.478606939315796
0.0
0.0
0.0
6.072320938110352
0.0
4.499748229980469
0.0
2.8645691871643066
0.0
2.711059331893921
6.844330310821533
1.7841161489486694
2.7194337844848633
2.0666301250457764
2.657470941543579
3.7775890827178955
6.788760185241699
3.8438868522644043
4.728237628936768
5.359795570373535
2.1741580963134766
8.842354774475098
4.149746417999268
5.29124116897583
7.3619890213012695
6.890471935272217
3.7755203247070312
4.861120223999023
0.0
5.120156764984131
0.0
5.605531692504883
3.9079251289367676
5.9113898277282715
0.0
6.883254528045654
4.174354076385498
2.9869163036346436
3.225370168685913
5.2827324867248535
2.5724270343780518
6.9805474281311035
5.908299922943115
2.2217233180999756
0.0
4.631476402282715
8.64088249206543
6.150340557098389
5.818459987640381
0.0
4.719056129455566
5.566916465759277
5.426143646240234
2.5576343536376953
8.334012985229492
0.0
2.8013358116149902
4.179572105407715
2.0467982292175293
6.330100059509277
2.921478033065796
3.7796709537506104
0.0
2.0230276584625244
0.0
6.479376792907715
7.4770989418029785
2.2421278953552246
0.0
3.1213278770446777
2.629725933074951
0.0
0.0
4.065340042114258
5.586016654968262
2.594958782196045
8.915172576904297
4.66313362121582
2.963106155395508
5.719125747680664
5.838950157165527
3.4417836666107178
0.0
3.1499412059783936
6.9620585441589355
3.9139225482940674
0.0
5.551916122436523
2.1059110164642334
5.462263107299805
0.0
4.877952575683594
4.151235580444336
5.179721832275391
1.9798206090927124
4.603409767150879
4.908149242401123
5.711390972137451
5.68212890625
2.6258599758148193
6.012194633483887
0.0
4.83140754699707
0.0
5.672922134399414
2.7499470710754395
6.077043056488037
0.0
0.0
2.736673593521118
0.0
2.681987762451172
7.639176368713379
5.083642482757568
3.0156519412994385
2.30264949798584
4.277894020080566
5.935213088989258
5.803327560424805
1.940209150314331
4.837689399719238
2.1740739345550537
7.722930431365967
6.106933116912842
5.5189995765686035
4.420414924621582
3.7153873443603516
0.0
6.6805830001831055
4.3820576667785645
0.0
0.0
0.0
3.062072277069092
2.4661967754364014
5.5200886726379395
3.740628957748413
4.752606391906738
3.638075590133667
5.959781646728516
2.6756961345672607
6.554685115814209
4.732329368591309
4.199153423309326
2.6991794109344482
4.366954803466797
5.623775959014893
6.264949798583984
9.714461326599121
10.16706657409668
5.57797384262085
5.737064838409424
6.290073394775391
0.0
2.3431570529937744
5.734897613525391
0.0
3.0219054222106934
7.134230613708496
6.671779155731201
6.359591960906982
0.0
2.552271604537964
5.986259937286377
2.8974335193634033
5.932555198669434
2.5933051109313965
0.0
6.077548503875732
0.0
3.1321160793304443
2.336432933807373
2.942897319793701
6.005908012390137
8.442242622375488
3.07366943359375
1.885888695716858
3.143784523010254
8.311694145202637
3.209763288497925
0.0
0.0
5.217808723449707
6.395925998687744
5.927526473999023
1.4998787641525269
5.159055233001709
8.968531608581543
2.928844928741455
5.288437366485596
0.0
4.292150497436523
0.9253498315811157
5.265472888946533
0.0
6.929862022399902
3.6502685546875
0.0
5.384742736816406
0.0
10.697218894958496
0.0
5.4827094078063965
2.3835153579711914
5.42081880569458
0.0
1.850074291229248
6.565212726593018
5.317612648010254
0.0
5.616498947143555
4.109301567077637
3.381779909133911
2.0911076068878174
0.0
6.155188083648682
6.579236030578613
5.981780052185059
3.7786073684692383
0.9788002967834473
0.0
1.775368094444275
0.0
5.390575408935547
2.629427194595337
3.5782504081726074
6.000579833984375
5.73341703414917
6.739156723022461
6.762461185455322
0.0
6.696555137634277
5.841641902923584
6.246781349182129
3.387925148010254
5.472311019897461
0.0
1.6945747137069702
0.0
4.851475715637207
7.857444763183594
6.426662921905518
4.274780750274658
4.986253261566162
4.402740478515625
0.5721215605735779
2.364079475402832
2.9854307174682617
5.49003267288208
0.0
3.521334171295166
7.137892246246338
0.0
4.62551736831665
6.80838680267334
0.735016942024231
3.039865493774414
0.0
8.391023635864258
2.032154083251953
3.750518321990967
5.659581661224365
6.1879353523254395
2.1228911876678467
6.162855625152588
2.9767205715179443
1.7480978965759277
0.0
5.325211524963379
2.527705192565918
6.413579940795898
4.6014533042907715
3.755786657333374
5.269497871398926
5.646045684814453
0.0
5.79611349105835
5.946437835693359
6.318838119506836
9.206107139587402
4.783601760864258
5.925779819488525
5.240966796875
0.0
5.465080261230469
0.0
4.824495792388916
5.156999588012695
5.950692653656006
0.7259175181388855
4.04068660736084
6.613880157470703
1.5900769233703613
5.1144232749938965
5.895893573760986
1.7453018426895142
6.5743489265441895
0.0
0.0
0.0
2.514941453933716
2.2370007038116455
6.506361484527588
5.601709365844727
4.160104751586914
7.061566352844238
6.38554573059082
7.709912300109863
3.1188788414001465
4.724790096282959
8.763799667358398
0.0
6.446728706359863
3.36212420463562
6.742490768432617
5.921464920043945
2.602297306060791
8.34357738494873
4.073375701904297
6.467928409576416
2.3518660068511963
0.0
5.896149635314941
4.044539928436279
6.323914527893066
5.875604152679443
3.781219482421875
0.0
0.0
4.607203483581543
0.0
2.137619972229004
6.8649983406066895
6.445217132568359
3.697547674179077
7.370543956756592
0.0
4.414558410644531
4.680664539337158
2.9780690670013428
3.6402459144592285
3.244964122772217
1.9628887176513672
7.452855587005615
0.0
3.7299909591674805
2.5687170028686523
4.705674648284912
1.0908637046813965
6.270753383636475
3.787930965423584
2.7104170322418213
4.2419867515563965
4.599302768707275
5.112431049346924
0.0
6.276284694671631
5.9189276695251465
6.6488847732543945
6.020221710205078
2.660900115966797
0.0
2.9866838455200195
3.5762758255004883
0.0
0.0
9.547649383544922
2.682685613632202
6.288242340087891
0.0
2.7358663082122803
4.895131587982178
5.4835896492004395
2.088947057723999
5.964106559753418
0.0
2.4437015056610107
1.0233851671218872
5.464615345001221
2.9830148220062256
0.0
9.712869644165039
0.0
7.265495777130127
2.4514174461364746
6.367152214050293
6.852595329284668
2.227916955947876
3.160053014755249
5.98464298248291
7.758540630340576
3.475356340408325
1.111662745475769
6.539300441741943
3.4761574268341064
5.332082271575928
1.8880356550216675
3.47385311126709
0.0
0.0
6.420132160186768
0.0
0.0
6.524569511413574
4.203924655914307
5.6504130363464355
0.0
2.5226516723632812
1.2908085584640503
4.983495712280273
9.40173625946045
0.0
6.090142726898193
0.0
4.364474773406982
5.317807674407959
6.054065704345703
7.107799530029297
5.377389907836914
3.7744860649108887
0.6508269309997559
6.371857643127441
3.2911481857299805
1.7565730810165405
5.282667636871338
4.4679155349731445
0.8899428844451904
7.148405075073242
0.0
5.753696441650391
5.681641578674316
6.0139384269714355
6.673871040344238
6.366235256195068
5.1281819343566895
3.0423386096954346
6.1354498863220215
4.654458045959473
5.37663459777832
0.0
5.731399059295654
3.1637487411499023
5.677951812744141
1.9046151638031006
3.806392192840576
4.097565174102783
3.764512538909912
5.552750587463379
4.148160457611084
5.502105712890625
4.32705545425415
0.7984188795089722
2.798351764678955
6.874195098876953
5.859893798828125
4.424727916717529
5.922236442565918
6.194692611694336
0.7386467456817627
7.268063545227051
5.265687942504883
0.0
4.7940545082092285
6.5501556396484375
6.64691162109375
3.741284132003784
6.141266822814941
5.756093502044678
0.0
0.0
7.5343708992004395
3.4756014347076416
5.65348482131958
5.139705181121826
5.621315002441406
3.718257188796997
6.430561542510986
4.141665458679199
5.838818073272705
3.8585214614868164
1.2329564094543457
4.317215919494629
5.574728488922119
7.867055892944336
3.1110403537750244
9.704004287719727
5.726294040679932
6.675405979156494
5.843077659606934
5.239409923553467
4.345231056213379
0.0
6.107804298400879
2.588148832321167
4.548417568206787
3.059993028640747
0.0
6.300661563873291
0.0
4.0755720138549805
6.3277153968811035
8.750327110290527
3.73201322555542
4.447625637054443
5.3896589279174805
3.104377508163452
0.0
0.0
0.0
5.374305725097656
0.0
4.860560417175293
2.78519868850708
3.887263298034668
5.525628566741943
5.798489093780518
0.5148746371269226
5.921563625335693
3.9918148517608643
6.268671989440918
0.0
5.164079189300537
4.4153618812561035
3.025212049484253
7.286952495574951
6.370059013366699
3.676417350769043
3.210371732711792
0.0
0.0
2.713087558746338
5.93001651763916
6.100825309753418
5.333987712860107
3.744399309158325
4.462568283081055
4.434523105621338
3.707167148590088
3.4507017135620117
4.996579170227051
0.0
5.475283622741699
0.40060868859291077
5.852395534515381
5.519484043121338
5.523245334625244
2.766472101211548
8.051224708557129
7.533969879150391
3.3722872734069824
9.19166374206543
8.567625045776367
6.844325065612793
4.676358222961426
6.096792221069336
6.920167446136475
3.9843101501464844
2.3388876914978027
4.508686065673828
4.218364238739014
3.0604286193847656
2.9180541038513184
6.440016269683838
3.5562126636505127
5.981196880340576
6.4714226722717285
5.964798450469971
5.656656742095947
4.179952621459961
7.6762847900390625
2.0040082931518555
4.808473110198975
0.8926757574081421
1.8837599754333496
0.0
3.819232940673828
1.3327946662902832
2.908616065979004
2.803468704223633
5.7642292976379395
0.0
0.0
0.9585700631141663
0.0
0.0
6.000880718231201
5.524252414703369
5.818366527557373
3.07523775100708
2.0610570907592773
0.0
3.549076557159424
7.235982894897461
4.169504642486572
6.024368762969971
5.77186918258667
4.084290027618408
6.944574356079102
0.0
6.256194114685059
5.568319797515869
2.462068557739258
5.383413314819336
6.1469645500183105
0.0
6.409650802612305
4.804141044616699
8.417631149291992
4.026270389556885
8.863177299499512
3.8225159645080566
1.8918471336364746
0.0
4.992790699005127
0.0
0.0
9.474708557128906
3.4111812114715576
3.4976115226745605
0.0
0.0
6.756820201873779
3.273599624633789
0.0
5.947107315063477
0.0
2.1227006912231445
6.689688682556152
0.0
1.9679772853851318
2.4029507637023926
0.0
0.0
0.0
5.497069835662842
0.0
5.626325607299805
3.1577439308166504
0.0
5.1046600341796875
3.4250175952911377
6.329387664794922
2.052152633666992
5.6328325271606445
3.270376205444336
2.5853826999664307
0.0
2.538093328475952
3.461505651473999
4.237820148468018
3.9434750080108643
0.0
6.26591682434082
0.0
3.316317081451416
6.136693954467773
5.366512298583984
1.9274369478225708
1.9452511072158813
1.9090344905853271
1.847396969795227
1.7940267324447632
1.8852803707122803
0.5906389355659485
5.556197166442871
5.944062232971191
6.339712142944336
5.249851703643799
0.0
6.366429805755615
1.8162871599197388
0.0
6.581691265106201
3.746537446975708
0.0
6.087553977966309
5.491847515106201
0.0
0.0
5.508598804473877
4.909215450286865
6.224559783935547
0.0
0.0
4.644596576690674
5.571972370147705
6.051426887512207
3.249150276184082
4.254748821258545
5.071181774139404
4.985229969024658
4.107371807098389
4.608428955078125
5.8319220542907715
0.0
5.185489654541016
6.322447776794434
4.263232707977295
0.0
4.289135932922363
3.8315749168395996
3.0728187561035156
6.549994945526123
2.1981897354125977
2.4418153762817383
5.666666507720947
6.8165106773376465
7.252743721008301
5.014152526855469
2.534001350402832
0.0
2.868196487426758
3.8081517219543457
0.0
5.173038482666016
3.8222081661224365
0.6539943814277649
7.626460552215576
0.0
0.0
3.5388071537017822
3.3604495525360107
0.0
6.743232250213623
5.844923973083496
5.717629909515381
2.730445623397827
4.232491970062256
3.332200288772583
8.671550750732422
3.3690037727355957
3.8069138526916504
5.256690979003906
0.0
8.336392402648926
0.0
0.8858205676078796
4.7834320068359375
3.6440789699554443
0.0
3.095944404602051
3.116992950439453
0.30808863043785095
5.972485065460205
6.180797576904297
0.0
4.544942855834961
2.713874101638794
2.7706308364868164
3.6985058784484863
2.917940139770508
5.421926498413086
2.248852252960205
0.0
0.0
6.030453681945801
2.8549413681030273
4.573802471160889
6.023904323577881
5.835363388061523
0.0
1.0493406057357788
2.3281874656677246
3.214130163192749
0.38380834460258484
6.9204630851745605
7.318944454193115
4.209868907928467
0.0
3.7895476818084717
5.236062049865723
2.8262851238250732
7.803891181945801
6.43828010559082
0.0
4.92136287689209
1.7435566186904907
0.0
2.8343586921691895
0.0
3.9702632427215576
6.359532356262207
5.572175979614258
5.649024963378906
3.937934160232544
5.236024856567383
3.8189384937286377
6.380064487457275
7.236851215362549
0.0
6.550822734832764
0.8671338558197021
2.9789726734161377
0.0
7.223937034606934
3.895155429840088
1.6391812562942505
5.75891637802124
5.900522708892822
4.557575225830078
5.711259841918945
6.619381904602051
5.825648307800293
3.15684175491333
4.1247053146362305
0.0
7.830932140350342
5.757320404052734
6.5719828605651855
0.0
4.654000759124756
6.778554439544678
0.0
0.0
7.418956756591797
3.541212320327759
3.407029151916504
9.350631713867188
0.0
4.976922035217285
3.375683307647705
0.0
5.4376983642578125
5.340724468231201
2.863945245742798
0.0
5.926332950592041
5.865938663482666
6.297676086425781
3.304283857345581
6.034539222717285
0.0
0.0
3.254405975341797
6.57548189163208
5.172282695770264
0.0
7.427933216094971
5.329465389251709
8.998379707336426
5.083548069000244
0.0
5.941679000854492
0.0
4.023484706878662
5.3558173179626465
2.7708733081817627
3.1716814041137695
4.060293197631836
4.039597511291504
3.4269604682922363
2.9808638095855713
5.76814603805542
0.0
8.351741790771484
1.5137656927108765
3.777147054672241
2.2668299674987793
5.742443084716797
0.0
4.3695597648620605
6.3359198570251465
3.0225865840911865
2.830018997192383
6.357288360595703
8.246217727661133
5.3797383308410645
5.232171058654785
0.0
4.583052635192871
3.018853187561035
5.265550136566162
0.0
4.11629581451416
3.2431282997131348
2.2445855140686035
0.0
6.556832313537598
4.410075664520264
2.6700332164764404
4.6212286949157715
2.216663122177124
5.545426368713379
7.959779739379883
5.48822021484375
4.988290309906006
2.7285046577453613
6.6201019287109375
3.7227683067321777
7.423418045043945
5.0354743003845215
0.0
6.218266010284424
2.1951966285705566
6.048116207122803
4.1987624168396
3.050880193710327
3.244738817214966
5.389698028564453
2.9345476627349854
0.0
5.1953911781311035
6.933948040008545
6.5219035148620605
5.540205478668213
5.9134697914123535
4.631579875946045
2.6962177753448486
2.2753753662109375
0.0
4.905959129333496
6.255675792694092
4.807928085327148
7.271349906921387
3.9032015800476074
0.6659268736839294
7.34630823135376
0.0
7.083026885986328
3.6189701557159424
4.67278528213501
5.79586124420166
3.5467700958251953
0.0
4.669671535491943
0.0
3.4336376190185547
4.577073574066162
6.088990211486816
0.0
6.567507743835449
3.432593822479248
6.0992431640625
5.583558559417725
0.0
7.174230098724365
0.0
3.8872320652008057
1.5784366130828857
4.421020984649658
6.178203105926514
8.002927780151367
4.988448619842529
