
DeepFool
0.21567906439304352
1.5913736820220947
0.8448764085769653
1.1367342472076416
0.9071202874183655
1.8620390892028809
1.0011777877807617
0.0
0.37792593240737915
0.21479275822639465
0.7426076531410217
2.1394271850585938
0.0
4.469766616821289
2.1892809867858887
2.290461540222168
1.0154780149459839
1.5786283016204834
0.3791347146034241
1.7046518325805664
0.9061898589134216
4.2826948165893555
0.0
4.0691304206848145
0.0
1.1234556436538696
0.060900717973709106
0.6479598879814148
0.4118075668811798
2.5560874938964844
0.9578295350074768
0.46807631850242615
0.16616608202457428
0.6352895498275757
2.0300185680389404
0.0
0.0
0.005728653632104397
2.4268505573272705
1.0261893272399902
1.4660481214523315
2.1827681064605713
1.831134557723999
0.47505900263786316
1.5959851741790771
1.9724665880203247
0.5249144434928894
0.1984247863292694
0.34214121103286743
0.0
0.811289370059967
1.5455025434494019
0.0
0.0
2.848611831665039
2.104172945022583
0.07807300239801407
0.0
0.0
0.0
2.9220001697540283
0.0
0.9249454140663147
0.0
1.9573276042938232
0.0
0.477772980928421
1.9784605503082275
0.1480475217103958
0.7320356369018555
0.3033023476600647
0.866005003452301
1.4523581266403198
2.0978329181671143
0.324664443731308
2.3282642364501953
0.8492553234100342
0.3330964148044586
0.48904740810394287
1.2236747741699219
1.274113416671753
1.2958247661590576
2.6271579265594482
1.585625171661377
1.8230533599853516
0.0
0.6179450154304504
0.0
1.1981528997421265
1.9404165744781494
1.7898696660995483
0.0
2.3192732334136963
1.2250194549560547
0.858534038066864
0.5654067397117615
2.3711047172546387
0.7766484022140503
3.716836452484131
2.658242702484131
0.10017702728509903
0.0
1.7998979091644287
1.6811823844909668
2.6639130115509033
3.3012635707855225
0.0
1.159397840499878
1.6347521543502808
1.563111424446106
0.4141679108142853
1.8975119590759277
0.0
0.7449952363967896
0.7441446185112
0.31599318981170654
1.757477879524231
0.5483473539352417
0.8072203397750854
0.0
0.669060230255127
0.0
1.9952776432037354
2.2074410915374756
1.0230311155319214
0.0
1.5469117164611816
0.39490240812301636
0.0
0.0
0.3841646611690521
3.846904754638672
0.5550701022148132
4.063144207000732
1.1647800207138062
1.094951868057251
1.784977912902832
2.4798383712768555
1.0296789407730103
0.0
1.0174286365509033
3.0032973289489746
2.2641713619232178
0.0
1.0530707836151123
0.3630269765853882
1.765132188796997
0.0
0.8915740251541138
0.5677034258842468
2.40865159034729
0.09838733822107315
0.786770224571228
1.2018064260482788
2.653909921646118
1.072075605392456
1.037580132484436
1.5721200704574585
0.0
1.0123584270477295
0.0
1.1972283124923706
0.36271095275878906
0.7637616395950317
0.0
0.0
1.5190224647521973
0.0
0.3309467136859894
1.099774718284607
2.5914533138275146
0.8553017377853394
0.15305911004543304
1.5298992395401
1.6267857551574707
3.1880528926849365
0.08758438378572464
1.6757769584655762
0.2607501745223999
2.383556365966797
3.058431386947632
1.9430053234100342
1.5853087902069092
0.3911512792110443
0.0
2.4312729835510254
0.6273271441459656
0.0
0.0
0.0
0.6653110980987549
0.2876315116882324
1.1618013381958008
1.4010323286056519
0.9166289567947388
0.4011598229408264
2.763845443725586
0.3529491424560547
3.348458766937256
0.7340936064720154
0.21358782052993774
0.5686773061752319
2.524355411529541
2.5289242267608643
2.4782626628875732
1.1637656688690186
0.598755419254303
1.1600102186203003
3.399183988571167
0.8439476490020752
0.0
0.28267255425453186
1.314741849899292
0.0
1.0439385175704956
1.0160391330718994
3.3698387145996094
0.6578819155693054
0.0
0.9005478024482727
1.9157018661499023
0.5496072173118591
1.3639990091323853
0.9132647514343262
0.0
0.7371574640274048
0.0
0.4759984314441681
0.5681169629096985
0.5845105051994324
2.199241876602173
4.817953586578369
0.30466875433921814
0.20614519715309143
1.1508382558822632
3.7385945320129395
0.8993123173713684
0.0
0.0
0.15923583507537842
3.4658408164978027
2.716973304748535
0.2046467810869217
1.5554006099700928
2.3586843013763428
0.8295016884803772
1.364065170288086
0.0
1.8533438444137573
0.041926633566617966
0.8180212378501892
0.0
3.973081350326538
0.4824322760105133
0.0
0.5950441956520081
0.0
3.6443183422088623
0.0
1.835473895072937
0.4336540102958679
1.6160136461257935
0.0
0.26031824946403503
0.2457292526960373
1.4620128870010376
0.0
2.732372522354126
2.252568483352661
0.15022127330303192
0.41366520524024963
0.0
2.8505659103393555
0.31810462474823
0.810612142086029
0.2103172242641449
0.07553241401910782
0.0
0.11963130533695221
0.0
1.6078599691390991
0.3013599216938019
2.3182642459869385
2.328190326690674
0.1858597844839096
2.7171802520751953
2.032468795776367
0.0
3.0785982608795166
2.451418161392212
3.1242010593414307
1.5128780603408813
1.7405484914779663
0.0
0.13598480820655823
0.0
2.2765791416168213
4.247013568878174
2.6906354427337646
1.874170184135437
1.5813331604003906
1.6060922145843506
0.024441640824079514
0.4915817379951477
0.9404234886169434
0.9170317649841309
0.0
0.7629242539405823
0.9069908261299133
0.0
1.0996589660644531
4.634396553039551
0.059850405901670456
1.6329855918884277
0.0
3.7793796062469482
0.1272963434457779
1.5545374155044556
1.6960595846176147
1.1223284006118774
0.15358620882034302
0.768415093421936
0.6122193336486816
0.3918343484401703
0.0
0.7480833530426025
0.5258067846298218
0.5425435304641724
0.6446303725242615
0.3717314600944519
3.302760601043701
2.56107234954834
0.0
2.255920886993408
1.7797011137008667
1.0045093297958374
1.1361327171325684
1.3748977184295654
1.9460524320602417
0.9365359544754028
0.0
2.106752634048462
0.0
0.5482617616653442
1.861521601676941
1.8797398805618286
0.04997873678803444
1.934615969657898
2.659938335418701
0.11521968990564346
2.279082775115967
0.4098649024963379
0.10249517858028412
4.854476451873779
0.0
0.0
0.0
0.47597235441207886
0.37464481592178345
1.796026587486267
1.4695889949798584
0.5138049125671387
3.743551015853882
0.3650481700897217
2.7355573177337646
0.79133141040802
0.7992985248565674
0.824190080165863
0.0
1.9458258152008057
0.2919985353946686
3.158569574356079
1.5208444595336914
0.25387534499168396
2.470029354095459
1.6014735698699951
0.4542800188064575
0.29097482562065125
0.0
2.3549106121063232
1.9496850967407227
1.6175429821014404
3.2214558124542236
0.7864352464675903
0.0
0.0
1.0175570249557495
0.0
0.4971853196620941
1.1947393417358398
2.097902297973633
0.8854457139968872
2.037543535232544
0.0
0.5291162729263306
0.9007696509361267
0.8222911953926086
0.7995598316192627
0.8888281583786011
0.1645364761352539
1.6302975416183472
0.0
0.14826476573944092
0.8162054419517517
1.483999490737915
0.06368770450353622
2.1447479724884033
1.365965485572815
1.0379422903060913
0.9357724785804749
2.903258800506592
1.3644531965255737
0.0
2.79302716255188
2.3129982948303223
1.7375785112380981
0.8475387096405029
0.4825960099697113
0.0
1.282672643661499
1.0054781436920166
0.0
0.0
2.3772926330566406
1.2378771305084229
2.0907680988311768
0.0
0.823999285697937
0.38986489176750183
3.139120101928711
0.30560728907585144
1.3870797157287598
0.0
0.27688390016555786
0.05846414715051651
1.4475492238998413
0.26614323258399963
0.0
0.3161328136920929
0.0
2.1584391593933105
0.9490675330162048
3.135313034057617
2.17335844039917
0.3092745244503021
0.49513182044029236
0.4734141230583191
5.338122844696045
1.0689274072647095
0.08455535024404526
2.3535513877868652
1.0003762245178223
2.7445876598358154
0.23283454775810242
1.4286781549453735
0.0
0.0
0.1847507804632187
0.0
0.0
2.4380576610565186
2.1663527488708496
2.4125266075134277
0.0
0.8194928169250488
0.07571344822645187
0.9937033653259277
1.3007503747940063
0.0
2.3545823097229004
0.0
1.9898478984832764
1.9539021253585815
0.5105776786804199
2.8450167179107666
2.4350764751434326
0.4008568525314331
0.02520253136754036
0.9709317684173584
0.7705141305923462
0.1769709438085556
2.5399889945983887
2.3980050086975098
0.05614539980888367
3.062931537628174
0.0
2.4747509956359863
1.6937856674194336
0.34939536452293396
2.518829107284546
3.1527140140533447
1.2243072986602783
1.538054347038269
2.6707816123962402
0.8078479766845703
2.425762891769409
0.0
2.6515538692474365
0.9574035406112671
3.760545015335083
0.1669614315032959
0.9134178757667542
0.5107943415641785
0.7579178810119629
1.3973045349121094
1.2274715900421143
2.0233330726623535
2.121975898742676
0.06007513403892517
1.0241113901138306
2.436568021774292
2.451829195022583
1.7690670490264893
0.7759344577789307
2.444269895553589
0.04619647189974785
3.8476336002349854
1.3026126623153687
0.0
2.099208354949951
0.995697021484375
2.939595937728882
0.9704885482788086
2.287266492843628
0.4746412932872772
0.0
0.0
1.4875277280807495
0.47205159068107605
1.378674030303955
1.9948878288269043
0.7109183669090271
0.3460470139980316
2.4298458099365234
1.2289215326309204
1.3146191835403442
0.6088037490844727
0.2094738483428955
0.25720617175102234
1.1833938360214233
1.2168173789978027
1.1468702554702759
3.201958417892456
2.432192325592041
3.148743152618408
2.4342947006225586
2.436286211013794
1.8664530515670776
0.0
1.0728267431259155
0.38338640332221985
0.6217963099479675
1.4186122417449951
0.0
2.1035854816436768
0.0
0.5999177098274231
2.2796835899353027
1.0989928245544434
1.882298469543457
2.5987672805786133
1.7060033082962036
0.43887004256248474
0.0
0.0
0.0
1.6258151531219482
0.0
1.2601277828216553
0.9041891098022461
1.5049703121185303
2.735600233078003
1.1254459619522095
0.028750546276569366
2.1682467460632324
1.4089590311050415
2.2137205600738525
0.0
2.0813770294189453
0.9874696731567383
0.8825400471687317
1.0342897176742554
2.73883056640625
0.9101510047912598
3.146057367324829
0.0
0.0
0.5928457379341125
1.5908242464065552
1.6695225238800049
3.062849283218384
0.6697828769683838
2.6040873527526855
0.9520562887191772
1.0074101686477661
0.822655200958252
1.858721375465393
0.0
0.9387167096138
0.021032895892858505
1.7071970701217651
0.6603269577026367
1.2434394359588623
0.9730958342552185
3.282362461090088
2.9653804302215576
1.0081523656845093
0.9634753465652466
0.9332224130630493
4.703261375427246
1.6891316175460815
1.5210832357406616
1.5253942012786865
2.1875479221343994
0.6524417400360107
0.1926073431968689
1.935941219329834
0.3101654350757599
0.7169612646102905
2.368584632873535
1.4353328943252563
1.92780601978302
2.605210304260254
1.4506502151489258
1.348852515220642
1.0556035041809082
2.202040672302246
0.23113812506198883
0.39217662811279297
0.03647680580615997
0.05987625941634178
0.0
1.3582818508148193
0.0899914875626564
0.13640472292900085
0.9876646995544434
1.3588720560073853
0.0
0.0
0.04634867236018181
0.0
0.0
2.087308406829834
2.4198732376098633
1.7408561706542969
1.489348292350769
0.2938288748264313
0.0
0.6947104930877686
2.19301700592041
1.6715564727783203
0.5124465227127075
1.0087721347808838
1.166908860206604
2.406951427459717
0.0
3.9871468544006348
0.4773954749107361
0.651019275188446
0.9953321218490601
1.8652923107147217
0.0
2.3110315799713135
0.6416690945625305
0.5465423464775085
0.9267045259475708
3.498844623565674
1.3793902397155762
0.1546415388584137
0.0
1.2466561794281006
0.0
0.0
1.9117521047592163
0.6047647595405579
0.7249406576156616
0.0
0.0
3.1875250339508057
0.3044949769973755
0.0
3.0975470542907715
0.0
0.4602508544921875
0.9653263092041016
0.0
0.17000454664230347
0.17412665486335754
0.0
0.0
0.0
2.7001748085021973
0.0
2.6228935718536377
1.3918637037277222
0.0
0.8433630466461182
0.3500199019908905
1.243362545967102
0.20350250601768494
2.624203681945801
0.8997218608856201
0.45658373832702637
0.0
0.46079540252685547
1.3909257650375366
0.552706778049469
1.0781245231628418
0.0
1.4162349700927734
0.0
1.7721847295761108
1.3936233520507812
1.5384353399276733
0.21779343485832214
0.34041428565979004
0.36087706685066223
0.06404292583465576
0.11179813742637634
0.16376428306102753
0.03191307187080383
3.1547436714172363
1.7880429029464722
2.1524243354797363
3.2547287940979004
0.0
1.9932337999343872
0.08433613181114197
0.0
2.760472297668457
0.6025252938270569
0.0
3.8945367336273193
1.2791765928268433
0.0
0.0
1.5379530191421509
1.7227821350097656
3.1764767169952393
0.0
0.0
2.6157217025756836
1.1349924802780151
2.909566640853882
0.5629302263259888
1.7227741479873657
0.8143378496170044
2.7472641468048096
1.8454434871673584
0.3838552236557007
2.2814676761627197
0.0
0.868584156036377
2.1751554012298584
0.5227220058441162
0.0
1.91665518283844
2.719547986984253
0.8631402254104614
3.0068328380584717
0.5753977298736572
0.38055598735809326
1.1238292455673218
2.27763032913208
2.231306552886963
2.4566025733947754
0.2554967999458313
0.0
0.019465837627649307
0.9503645300865173
0.0
1.0533785820007324
1.4050261974334717
0.045662716031074524
0.8715978264808655
0.0
0.0
1.9171299934387207
0.9855257868766785
0.0
1.9829145669937134
2.388369560241699
1.610115647315979
1.2794655561447144
1.566321611404419
0.3828052878379822
2.747999429702759
1.135732889175415
0.5079613924026489
3.0772130489349365
0.0
5.002626895904541
0.0
0.029552221298217773
0.8154330849647522
1.0611166954040527
0.0
1.1216809749603271
0.8885611295700073
0.012957718223333359
3.4898629188537598
2.839932918548584
0.0
2.808509349822998
0.37101832032203674
0.7564366459846497
1.9319359064102173
0.6264817714691162
1.7585572004318237
0.2507258653640747
0.0
0.0
1.9209866523742676
0.8831547498703003
0.8667228817939758
1.4892927408218384
1.3703283071517944
0.0
0.07508299499750137
0.31127655506134033
0.407844603061676
0.024278752505779266
2.594259738922119
2.26664137840271
1.939329743385315
0.0
1.7875601053237915
1.5681068897247314
0.7729106545448303
1.144368290901184
2.028276205062866
0.0
2.190229892730713
0.20216384530067444
0.0
0.15357433259487152
0.0
0.7994828820228577
2.359511137008667
3.239304542541504
2.6887240409851074
0.1525804102420807
3.310391426086426
0.5184873938560486
0.7776420712471008
0.727096438407898
0.0
1.8973166942596436
0.09724920988082886
1.3867746591567993
0.0
2.0591602325439453
1.2110234498977661
0.15924960374832153
3.8712358474731445
2.6889312267303467
1.3243130445480347
0.8462153077125549
3.3346450328826904
1.649024486541748
0.6600576639175415
0.9828563332557678
0.0
1.6428306102752686
4.061990737915039
2.003077983856201
0.0
1.3341777324676514
2.1137287616729736
0.0
0.0
4.118578910827637
2.117081642150879
1.587114930152893
2.66369891166687
0.0
2.4833297729492188
0.11874557286500931
0.0
2.746755838394165
2.3720290660858154
0.37938204407691956
0.0
2.623566150665283
1.3837836980819702
0.9216088652610779
0.32157260179519653
1.113619089126587
0.0
0.0
0.9463523030281067
1.8668851852416992
1.646876573562622
0.0
5.015370845794678
1.4248548746109009
1.17214035987854
1.7841097116470337
0.0
2.298678398132324
0.0
1.458593487739563
1.63114595413208
0.8942526578903198
1.0414888858795166
0.3999848961830139
1.1256623268127441
1.2394134998321533
2.7229955196380615
1.8347591161727905
0.0
2.237736940383911
0.08821072429418564
1.442275047302246
0.5905441641807556
1.9032108783721924
0.0
2.512723922729492
1.8098872900009155
0.5092778205871582
0.2807115614414215
3.3669278621673584
1.6228694915771484
0.6218236088752747
0.40017184615135193
0.0
1.064489483833313
0.6072044968605042
1.195951223373413
0.0
1.38798987865448
2.215670108795166
0.18953527510166168
0.0
5.280242443084717
1.1675140857696533
1.345131516456604
1.15813148021698
0.21035076677799225
2.7043001651763916
3.6929543018341064
0.5701970458030701
0.9904223084449768
0.7591514587402344
1.3056014776229858
0.22570794820785522
2.8417837619781494
1.9761645793914795
0.0
1.586289882659912
0.4909214675426483
2.391005754470825
1.1030831336975098
0.42268919944763184
0.68271404504776
3.4581716060638428
0.5644331574440002
0.0
1.703031301498413
3.094729423522949
0.35302138328552246
1.3444103002548218
0.970253050327301
1.8418858051300049
0.3557193875312805
0.19676516950130463
0.0
0.716392993927002
2.699446678161621
1.709978699684143
1.900701880455017
0.6023936867713928
0.03572686389088631
1.1997507810592651
0.0
2.0409436225891113
1.4866626262664795
2.362772226333618
1.204635500907898
0.7217848300933838
0.0
0.8180699944496155
0.0
0.7813325524330139
1.4795219898223877
2.8921375274658203
0.0
2.3234264850616455
0.8685823678970337
0.7675345540046692
1.8759673833847046
0.0
1.5753445625305176
0.0
0.8045125603675842
0.154032364487648
1.240384578704834
0.9343310594558716
2.1685075759887695
2.535536766052246

PAL2
0.9024064540863037
4.887088298797607
3.075679063796997
4.262235641479492
2.726247549057007
3.470719575881958
2.6403398513793945
0.0
1.1360480785369873
1.7347087860107422
2.876373291015625
5.761794090270996
0.0
6.724326133728027
4.662539482116699
4.801081657409668
4.710070610046387
3.9655191898345947
2.7147719860076904
4.492870807647705
2.2970783710479736
5.913431167602539
0.0
6.177974224090576
0.0
2.901036024093628
0.2822478413581848
2.7795827388763428
2.2698047161102295
4.787631988525391
2.3145787715911865
1.5161325931549072
0.6493446826934814
5.113027095794678
4.54788064956665
0.0
0.0
0.07877935469150543
4.869781494140625
3.840135335922241
4.271242141723633
5.091884613037109
4.770251750946045
1.8205252885818481
2.9514100551605225
4.76181697845459
1.1089893579483032
1.4189189672470093
1.7195721864700317
0.0
3.321885347366333
4.497819423675537
0.0
0.0
4.881802558898926
3.795048475265503
0.5344752669334412
0.0
0.0
0.0
4.482483863830566
0.0
4.03863000869751
0.0
2.616780996322632
0.0
1.8561785221099854
5.97755241394043
0.8156861066818237
2.5825982093811035
1.0719335079193115
2.0715932846069336
2.2731709480285645
4.991973876953125
1.5088169574737549
4.1699442863464355
2.665853261947632
1.414093255996704
1.2791692018508911
3.4303252696990967
2.8574576377868652
4.90985631942749
4.2555317878723145
3.881481885910034
4.201811790466309
0.0
3.691301107406616
0.0
4.790805816650391
4.043020248413086
4.129014492034912
0.0
6.434512615203857
2.2040374279022217
2.469165086746216
2.3651211261749268
4.599001407623291
3.0983543395996094
6.368622779846191
5.731074810028076
0.3943254053592682
0.0
4.6891679763793945
4.382540702819824
5.286255359649658
6.6101861000061035
0.0
4.237308025360107
3.4635255336761475
4.091309547424316
1.8631786108016968
5.745693206787109
0.0
1.8639782667160034
2.9540178775787354
1.7096651792526245
4.530041217803955
2.4730799198150635
2.3460352420806885
0.0
1.4473531246185303
0.0
4.099082946777344
4.6690826416015625
2.4320077896118164
0.0
3.063760757446289
1.194191813468933
0.0
0.0
1.604844093322754
5.722478866577148
2.688992977142334
6.730032920837402
4.088273525238037
2.612635374069214
4.5190043449401855
4.69505500793457
3.048624277114868
0.0
2.5770087242126465
6.185290813446045
4.17783784866333
0.0
4.484797954559326
1.9471834897994995
3.92630672454834
0.0
3.7719926834106445
1.8750804662704468
3.668828010559082
0.5693490505218506
3.356562614440918
4.564469814300537
5.563466548919678
3.4849345684051514
2.3944549560546875
5.490499973297119
0.0
3.4103167057037354
0.0
4.033862590789795
1.0529283285140991
4.238774299621582
0.0
0.0
3.242809534072876
0.0
2.126309633255005
2.921395778656006
4.085322380065918
3.0343825817108154
1.3175987005233765
4.133103370666504
4.532463550567627
5.827385902404785
0.5759922862052917
4.408755302429199
1.1844629049301147
5.917728424072266
5.88267707824707
4.0116753578186035
3.544424295425415
2.5994129180908203
0.0
5.175308704376221
2.401106119155884
0.0
0.0
0.0
3.0867207050323486
1.5180602073669434
4.453455924987793
3.5354843139648438
3.039983034133911
2.793485164642334
5.12239408493042
2.403562307357788
4.994986534118652
3.2029709815979004
1.1712743043899536
2.459317684173584
3.414682388305664
5.056665420532227
4.930421352386475
2.4123003482818604
5.380434036254883
4.487975597381592
5.606801509857178
3.1372129917144775
0.0
1.3589634895324707
4.130141258239746
0.0
2.726823568344116
5.780123710632324
6.722400665283203
3.4905378818511963
0.0
2.2775261402130127
4.5196075439453125
1.9912009239196777
4.084069728851318
2.3616058826446533
0.0
2.711418390274048
0.0
1.6905317306518555
2.485020399093628
2.754204511642456
4.331874370574951
7.609764099121094
1.2179834842681885
0.7348716259002686
3.708919048309326
6.417178153991699
3.3620545864105225
0.0
0.0
1.0897692441940308
5.544616222381592
4.9759202003479
0.9270768165588379
3.4796907901763916
5.406999588012695
2.7257630825042725
3.5328667163848877
0.0
4.012197971343994
0.24969100952148438
3.2931456565856934
0.0
5.252799034118652
1.871525764465332
0.0
3.168156623840332
0.0
8.770336151123047
0.0
4.848165988922119
2.086264133453369
3.6972968578338623
0.0
0.9626206755638123
5.522280216217041
5.014755725860596
0.0
4.542750358581543
4.08174991607666
1.051897644996643
2.2068586349487305
0.0
4.829652786254883
1.2310459613800049
2.892812490463257
1.243140697479248
0.696530282497406
0.0
0.9539242386817932
0.0
5.003323078155518
1.5293525457382202
3.4616851806640625
5.429642200469971
1.0770416259765625
5.7176899909973145
6.135838031768799
0.0
4.279117584228516
5.112480163574219
6.23123836517334
3.483985185623169
4.0272111892700195
0.0
1.3154106140136719
0.0
4.34527587890625
7.359486103057861
6.069075107574463
3.717419385910034
4.023815155029297
2.866664409637451
0.16954998672008514
2.316556453704834
2.2944581508636475
2.42329740524292
0.0
3.639069080352783
4.270722389221191
0.0
3.708559513092041
5.649903297424316
0.23650509119033813
4.6190104484558105
0.0
5.399261951446533
0.5590915679931641
3.2816379070281982
5.048548221588135
4.562358379364014
0.5510711669921875
4.355288028717041
2.5717906951904297
1.5465818643569946
0.0
3.1031126976013184
2.205482244491577
1.8983080387115479
2.3032455444335938
1.9584242105484009
4.29182767868042
5.25620698928833
0.0
4.519247055053711
4.11525297164917
2.8161461353302
5.111639976501465
4.2023234367370605
5.918222427368164
4.009087085723877
0.0
4.9263505935668945
0.0
2.2707250118255615
4.096679210662842
4.860672473907471
0.2267122119665146
2.571204900741577
5.883003234863281
0.6965793967247009
4.1491522789001465
2.2896318435668945
1.2470169067382812
5.849843978881836
0.0
0.0
0.0
1.982500672340393
1.2119410037994385
4.167052745819092
3.2736151218414307
2.7484257221221924
5.8958258628845215
2.164987325668335
5.356741428375244
2.657546281814575
2.744295120239258
3.3122081756591797
0.0
5.479424476623535
1.1968435049057007
5.528560638427734
4.096945285797119
1.061385154724121
4.861058712005615
3.8630120754241943
4.603789806365967
1.6360704898834229
0.0
4.964103698730469
3.9298183917999268
4.996158599853516
5.855429649353027
2.7265257835388184
0.0
0.0
3.5670881271362305
0.0
1.5788594484329224
5.37572717666626
5.092702865600586
2.9561989307403564
4.969944477081299
0.0
3.001120090484619
3.826819658279419
3.210939884185791
2.802497625350952
2.4901769161224365
1.3201173543930054
6.062779426574707
0.0
1.094464659690857
2.2610373497009277
3.333786725997925
0.5584651827812195
5.701879978179932
2.9800169467926025
2.5627996921539307
2.7083401679992676
4.6668314933776855
2.740152597427368
0.0
4.8708977699279785
4.020490646362305
6.347595691680908
3.369898796081543
1.8933690786361694
0.0
2.100161075592041
2.7031397819519043
0.0
0.0
4.52565860748291
3.322077989578247
5.883232593536377
0.0
1.7711600065231323
3.115786552429199
4.464383602142334
1.6565138101577759
4.2174530029296875
0.0
1.3368504047393799
0.44144532084465027
4.232699394226074
2.111314058303833
0.0
2.2253377437591553
0.0
4.557138442993164
2.043438673019409
5.414567470550537
5.162961006164551
1.6121947765350342
2.6150894165039062
2.9426701068878174
8.254450798034668
3.2218375205993652
0.4731178283691406
5.324104309082031
3.4043211936950684
4.7462615966796875
0.41212546825408936
2.9157373905181885
0.0
0.0
1.6124347448349
0.0
0.0
5.29465389251709
3.528697967529297
4.744679927825928
0.0
3.14257550239563
0.2562427818775177
2.9919559955596924
3.6831822395324707
0.0
5.041429042816162
0.0
4.2565016746521
4.958474636077881
2.5625548362731934
5.7360429763793945
4.012570858001709
1.5962313413619995
0.25806498527526855
3.830785036087036
2.2185354232788086
1.2190508842468262
4.728652000427246
3.21872615814209
0.6613215804100037
5.536360740661621
0.0
5.314554691314697
4.5636115074157715
2.0441246032714844
5.970156669616699
5.4610700607299805
4.092889785766602
2.7577977180480957
5.859197616577148
2.8169288635253906
4.4997782707214355
0.0
5.764179229736328
2.2061996459960938
5.108097553253174
1.2109726667404175
2.0504024028778076
2.533604860305786
3.7536942958831787
4.323734283447266
3.9916346073150635
4.196247100830078
3.990767002105713
0.2845652401447296
2.6792690753936768
5.988658428192139
4.806167125701904
4.251241683959961
2.8336310386657715
5.376882553100586
0.29586243629455566
5.401607513427734
4.968154430389404
0.0
3.5203001499176025
6.025369644165039
6.680258274078369
3.0429861545562744
4.784822463989258
2.609891414642334
0.0
0.0
6.09101676940918
2.7412590980529785
3.791165590286255
4.218325138092041
3.5235037803649902
1.8097915649414062
6.022282600402832
3.1713764667510986
4.681201934814453
2.5988407135009766
1.0265568494796753
1.939273715019226
4.029479503631592
4.3186869621276855
3.014047861099243
7.020589828491211
5.024862766265869
6.7234625816345215
4.494913101196289
4.406642913818359
4.696691513061523
0.0
3.885725498199463
2.0905368328094482
1.8246937990188599
2.9327261447906494
0.0
4.883615970611572
0.0
1.8587645292282104
4.9153947830200195
3.2112536430358887
3.872311592102051
4.358648300170898
3.8232083320617676
1.7087401151657104
0.0
0.0
0.0
4.711573123931885
0.0
4.049152374267578
2.6013143062591553
2.146800994873047
4.369678497314453
3.7093865871429443
0.1388092041015625
3.494992256164551
3.225769281387329
3.6785759925842285
0.0
5.830256938934326
4.180968761444092
3.1874189376831055
4.800689220428467
5.158907890319824
3.319138526916504
4.184479713439941
0.0
0.0
2.330561637878418
4.9016594886779785
4.751524925231934
3.807559013366699
2.5536346435546875
4.126573085784912
2.649359941482544
2.770920753479004
2.3326566219329834
3.365825653076172
0.0
4.3913469314575195
0.17604589462280273
4.668210506439209
2.988461494445801
5.68782901763916
2.0527358055114746
5.801544666290283
5.954076290130615
2.9492859840393066
2.6822123527526855
3.699857711791992
7.246668338775635
3.3510799407958984
6.338512420654297
5.282179355621338
4.863945484161377
3.181565523147583
1.4525130987167358
3.112668752670288
1.3267567157745361
3.572800636291504
6.2708539962768555
3.459238052368164
5.064154148101807
5.545516014099121
5.369007587432861
2.3718249797821045
3.596259593963623
5.947231292724609
1.61764395236969
1.5917435884475708
0.3755307197570801
0.5773144960403442
0.0
3.068190813064575
0.7671804428100586
1.5072001218795776
2.3564469814300537
4.537830829620361
0.0
0.0
0.3093204200267792
0.0
0.0
4.146518707275391
5.453567981719971
4.631294250488281
2.5652506351470947
1.3072929382324219
0.0
2.69598388671875
5.708156585693359
5.329051494598389
2.922806739807129
3.545938014984131
2.6394827365875244
5.184930801391602
0.0
6.723927974700928
2.0634453296661377
2.3483593463897705
2.284053325653076
4.172538757324219
0.0
4.224717140197754
2.6739306449890137
4.348845958709717
2.1803457736968994
6.092500686645508
3.4876739978790283
1.407486915588379
0.0
3.552405834197998
0.0
0.0
5.2098612785339355
3.4534521102905273
3.7810218334198
0.0
0.0
4.902327537536621
1.5660605430603027
0.0
4.3668060302734375
0.0
1.7363122701644897
3.5357773303985596
0.0
0.9488402605056763
0.6151529550552368
0.0
0.0
0.0
4.444511890411377
0.0
4.437477111816406
3.865176200866699
0.0
3.4688313007354736
1.979099988937378
4.2894768714904785
1.2307864427566528
4.557261943817139
2.769481897354126
1.4863218069076538
0.0
2.160114049911499
2.5367565155029297
1.9707756042480469
3.741461753845215
0.0
3.8306314945220947
0.0
4.617265701293945
4.295713424682617
3.176959991455078
0.6426724791526794
1.201857566833496
1.9634455442428589
0.4830494225025177
0.7134523987770081
1.0362179279327393
0.21920329332351685
4.894052505493164
4.036396503448486
5.540825366973877
4.157525539398193
0.0
3.848670482635498
0.32922887802124023
0.0
4.88873291015625
2.833901882171631
0.0
5.912136077880859
3.085810422897339
0.0
0.0
4.944401264190674
3.465505599975586
5.141578197479248
0.0
0.0
4.996450901031494
3.927860975265503
4.894179344177246
2.181910753250122
3.6302499771118164
3.372014284133911
4.807980060577393
3.2426064014434814
1.9025092124938965
3.996708869934082
0.0
3.9915850162506104
4.89909553527832
1.730486273765564
0.0
3.2977428436279297
4.792210102081299
3.330299139022827
5.402601718902588
2.8139774799346924
0.9936587810516357
5.545321941375732
5.330735683441162
5.668304920196533
5.163479804992676
1.7090545892715454
0.0
0.12200701981782913
1.817327857017517
0.0
3.168356418609619
4.0136260986328125
0.4383382201194763
3.3392670154571533
0.0
0.0
3.3146088123321533
2.82108998298645
0.0
4.526398658752441
5.333202362060547
3.870588779449463
2.316953182220459
3.7850852012634277
1.4566073417663574
6.339997291564941
2.9186859130859375
1.9629268646240234
4.024682521820068
0.0
7.0659637451171875
0.0
0.19301176071166992
2.4229142665863037
3.0067858695983887
0.0
3.397841453552246
2.4705591201782227
0.18119215965270996
5.740781784057617
5.416496276855469
0.0
4.871886253356934
2.0304081439971924
2.504242181777954
3.761392831802368
1.6414401531219482
4.3826727867126465
1.041325330734253
0.0
0.0
3.9347071647644043
2.0561370849609375
3.525735378265381
3.5128958225250244
3.9987802505493164
0.0
0.23229265213012695
1.8690872192382812
1.186832308769226
0.22257089614868164
5.120906829833984
6.3425469398498535
4.086467266082764
0.0
3.5094428062438965
4.700251579284668
2.5510427951812744
5.085521697998047
4.374549865722656
0.0
4.742946624755859
0.9740813970565796
0.0
1.3066997528076172
0.0
3.6972527503967285
4.802184581756592
3.2628724575042725
5.4256439208984375
3.2412192821502686
4.743060111999512
2.1780190467834473
3.1854591369628906
3.79380202293396
0.0
5.233971118927002
0.7741433382034302
2.210543155670166
0.0
5.98551607131958
3.3431947231292725
1.0995279550552368
4.8968000411987305
4.295548439025879
4.0735063552856445
5.606503963470459
4.232512474060059
4.371366024017334
1.9590445756912231
3.812182903289795
0.0
3.838758945465088
6.332521915435791
4.842190742492676
0.0
4.018257141113281
4.608685493469238
0.0
0.0
6.2945122718811035
3.273801565170288
3.6112210750579834
5.77849817276001
0.0
2.7156784534454346
1.017221450805664
0.0
4.552201271057129
4.995741367340088
2.2896788120269775
0.0
5.539731025695801
4.822115898132324
3.6484463214874268
1.7879434823989868
4.080931186676025
0.0
0.0
3.416233539581299
5.696784019470215
3.5577995777130127
0.0
6.899344444274902
4.725033283233643
4.739083766937256
4.417217254638672
0.0
5.3035759925842285
0.0
3.030291795730591
4.198352813720703
3.7418291568756104
3.1660256385803223
2.3077445030212402
2.818214178085327
2.838329315185547
4.3870439529418945
4.940464496612549
0.0
5.57645845413208
1.1876920461654663
3.84763240814209
2.7235965728759766
4.676617622375488
0.0
4.170042037963867
3.6264448165893555
2.6562609672546387
1.2134153842926025
6.049510955810547
4.730587959289551
3.084925889968872
1.8656655550003052
0.0
2.680880069732666
1.466171383857727
2.9057538509368896
0.0
3.125213146209717
3.0421884059906006
1.3469243049621582
0.0
6.2681193351745605
3.43241024017334
3.213846206665039
4.030640602111816
1.4410579204559326
4.400518417358398
5.817830562591553
2.536909818649292
4.953115940093994
2.106856346130371
3.6725940704345703
1.5367486476898193
6.222745895385742
4.6665120124816895
0.0
4.352300643920898
2.1745519638061523
4.5389275550842285
3.0572450160980225
2.326547384262085
2.122295379638672
4.436223030090332
2.0037622451782227
0.0
3.672736167907715
6.254429817199707
1.633090853691101
5.126378536224365
3.072920799255371
4.280348777770996
1.1002421379089355
0.6515340805053711
0.0
2.823254108428955
5.649445056915283
3.8938708305358887
5.6901092529296875
2.9592251777648926
0.38706517219543457
5.676479816436768
0.0
5.141654014587402
3.818449020385742
3.842705726623535
4.734592437744141
2.2788383960723877
0.0
3.115269660949707
0.0
2.5080044269561768
4.155115604400635
4.8730316162109375
0.0
4.994936943054199
2.5088791847229004
5.258540630340576
4.8326826095581055
0.0
4.041637420654297
0.0
2.5830864906311035
1.0456546545028687
3.9302878379821777
3.8576343059539795
6.207014560699463
4.339442253112793
