
BA
0.2620643973350525
1.1773340702056885
1.0100114345550537
0.9389395117759705
0.7927398085594177
1.1228725910186768
0.850774884223938
0.0
0.28630417585372925
0.2040143609046936
0.7113366723060608
2.1349895000457764
0.0
2.363574504852295
1.5119764804840088
1.4176278114318848
1.229236125946045
1.2380298376083374
0.38586243987083435
1.274474859237671
0.5695282220840454
2.361238718032837
0.0
2.6589128971099854
0.0
0.7559478878974915
0.0600258894264698
0.6132621765136719
0.4829061031341553
1.5793102979660034
0.7863250970840454
0.35160374641418457
0.24371279776096344
0.9032977819442749
1.1728538274765015
0.0
0.0
0.006558791734278202
1.8275426626205444
0.8543143272399902
0.9755005240440369
1.6292240619659424
1.6556339263916016
0.5259828567504883
0.9766653180122375
1.4478447437286377
0.33620885014533997
0.18050935864448547
0.2756779193878174
0.0
0.6167593598365784
1.1439083814620972
0.0
0.0
1.6418226957321167
0.9881645441055298
0.07348991930484772
0.0
0.0
0.0
1.820430040359497
0.0
1.3493999242782593
0.0
0.7339393496513367
0.0
0.4454072117805481
1.6668903827667236
0.1468491107225418
0.5179049968719482
0.3407421410083771
0.6763249635696411
0.6392465829849243
1.3107510805130005
0.7446074485778809
1.3058122396469116
0.6318621635437012
0.3235848844051361
1.5523713827133179
0.7137086391448975
0.7057528495788574
1.8565263748168945
1.4627947807312012
0.9891176819801331
1.207711935043335
0.0
0.671848475933075
0.0
0.9873526692390442
1.2799831628799438
1.0093669891357422
0.0
1.7114280462265015
0.8388766646385193
0.8134824633598328
0.6005184650421143
1.5247821807861328
0.7728819847106934
2.0994884967803955
1.91829252243042
0.12167485058307648
0.0
1.149773120880127
2.7066073417663574
1.6447083950042725
1.6392592191696167
0.0
1.3217841386795044
1.0331281423568726
1.1269291639328003
0.40766987204551697
1.8303178548812866
0.0
0.5080645680427551
0.733483076095581
0.29615524411201477
1.586918592453003
0.5304535627365112
0.8757381439208984
0.0
0.43166619539260864
0.0
1.3805742263793945
1.3154534101486206
0.5455156564712524
0.0
0.8613716959953308
0.33691611886024475
0.0
0.0
0.42258352041244507
1.778840184211731
0.5516181588172913
2.892895460128784
1.1180568933486938
0.6352943778038025
1.2472530603408813
1.521093726158142
0.6853737831115723
0.0
0.7375234365463257
2.3004050254821777
1.1862488985061646
0.0
1.178110957145691
0.313746839761734
1.138048529624939
0.0
0.8602384328842163
0.41449564695358276
1.1673753261566162
0.09630991518497467
0.7229243516921997
1.3897329568862915
1.7629679441452026
0.8835822343826294
0.6633967161178589
1.784569501876831
0.0
0.909586489200592
0.0
1.2520008087158203
0.326057106256485
0.6671218872070312
0.0
0.0
0.625426709651947
0.0
0.41825929284095764
1.2733945846557617
1.3122832775115967
0.6347576379776001
0.1514979600906372
0.949174702167511
1.3310340642929077
1.924923062324524
0.08664856106042862
1.5152497291564941
0.2514030337333679
2.3222527503967285
1.5132582187652588
1.0478301048278809
1.1104413270950317
1.0129624605178833
0.0
1.9392197132110596
0.6991135478019714
0.0
0.0
0.0
0.6249662041664124
0.297443151473999
0.8210259079933167
0.8540149927139282
0.6316313743591309
0.3648373484611511
1.4243015050888062
0.3485925793647766
1.9050462245941162
0.7413042187690735
0.22184106707572937
0.4480944573879242
0.9955916404724121
1.6077752113342285
1.8473302125930786
3.3767287731170654
1.8650407791137695
1.4215279817581177
1.7683782577514648
0.6580004096031189
0.0
0.2971617579460144
0.8031395673751831
0.0
0.700952410697937
2.0339386463165283
2.420356035232544
1.6926215887069702
0.0
0.5659074187278748
1.621533989906311
0.5546361207962036
1.3053237199783325
0.7510591745376587
0.0
1.8010327816009521
0.0
0.3008745610713959
0.512363076210022
0.5748921036720276
1.7228862047195435
3.063023328781128
0.2655754089355469
0.19823788106441498
0.9587728977203369
2.429335355758667
0.9792156219482422
0.0
0.0
0.15394435822963715
1.8434752225875854
1.5052437782287598
0.19067245721817017
1.1026570796966553
1.442766785621643
0.5700662136077881
0.9690261483192444
0.0
1.3272335529327393
0.04278482869267464
0.9064214825630188
0.0
1.9222990274429321
0.42482128739356995
0.0
0.47233593463897705
0.0
2.134126901626587
0.0
1.5031942129135132
0.340947687625885
1.0862255096435547
0.0
0.2567475438117981
1.9889311790466309
1.3723787069320679
0.0
1.5723204612731934
1.3026013374328613
0.16029296815395355
0.38280346989631653
0.0
1.576835036277771
0.26957693696022034
0.9525851607322693
0.2069610357284546
0.07382315397262573
0.0
0.11961040645837784
0.0
1.0643181800842285
0.3169263005256653
0.9370185732841492
1.8007903099060059
0.21484637260437012
2.0557851791381836
1.965720772743225
0.0
1.9115451574325562
1.746113657951355
2.077728033065796
1.065107822418213
1.2487659454345703
0.0
0.1378910094499588
0.0
1.1090515851974487
3.749042510986328
1.9329144954681396
1.0656341314315796
0.9655633568763733
1.0423386096954346
0.024210821837186813
0.5523676872253418
0.6275780200958252
0.6281329393386841
0.0
0.6122483015060425
2.2460920810699463
0.0
1.0723412036895752
2.139680862426758
0.05533271282911301
0.8175471425056458
0.0
2.149073362350464
0.12345994263887405
0.9548083543777466
1.7272976636886597
1.118788242340088
0.1608441323041916
1.6757892370224
0.4842989444732666
0.34929749369621277
0.0
0.7036464214324951
0.4184490740299225
1.4604178667068481
0.7331554293632507
0.4211615324020386
1.361279845237732
1.640716791152954
0.0
0.9724140763282776
1.2740404605865479
1.9092638492584229
2.7448766231536865
1.0043926239013672
1.7022974491119385
1.4297940731048584
0.0
1.4109447002410889
0.0
0.4816257357597351
1.2080981731414795
1.4716960191726685
0.05008716136217117
0.8423659801483154
2.1416432857513428
0.11315382272005081
1.4032130241394043
0.3880203664302826
0.10270173102617264
1.9147257804870605
0.0
0.0
0.0
0.51060551404953
0.3812788426876068
1.3849250078201294
1.2833987474441528
0.5785426497459412
2.4026741981506348
0.36666274070739746
2.065582036972046
0.6105149388313293
0.7297198176383972
2.6622936725616455
0.0
1.753380537033081
1.254771113395691
2.3257405757904053
1.1585017442703247
0.28105777502059937
2.4513940811157227
0.9624011516571045
0.8773652911186218
0.2853870391845703
0.0
1.6159015893936157
1.1865296363830566
1.49124276638031
1.9412649869918823
0.6147948503494263
0.0
0.0
0.8884807825088501
0.0
0.46381691098213196
1.8568536043167114
1.8965421915054321
0.8119077086448669
1.5321940183639526
0.0
0.8364661335945129
1.283792495727539
0.5332362055778503
0.6431024074554443
0.638465940952301
0.1559743583202362
2.3975751399993896
0.0
0.13883227109909058
0.5465229153633118
0.945081889629364
0.06309989839792252
1.8481695652008057
0.9568280577659607
0.6264327168464661
0.7633265852928162
1.4243104457855225
0.7556232213973999
0.0
1.221465826034546
1.3456116914749146
2.0622918605804443
0.9502195119857788
0.4096164107322693
0.0
0.6278068423271179
0.5930274128913879
0.0
0.0
1.4449578523635864
0.7895505428314209
1.8824089765548706
0.0
0.5393418669700623
0.3647422790527344
1.4290828704833984
0.3226128816604614
1.3378938436508179
0.0
0.3031597435474396
0.057271331548690796
1.3030391931533813
0.26610684394836426
0.0
3.721208095550537
0.0
2.1699981689453125
0.5280714631080627
1.9236217737197876
2.03263258934021
0.3364417552947998
0.47533729672431946
0.8753760457038879
2.6543376445770264
0.8536567091941833
0.08209355920553207
1.63681161403656
0.855000376701355
1.4587522745132446
0.16438844799995422
1.1161569356918335
0.0
0.0
1.658379316329956
0.0
0.0
1.7308616638183594
0.7875972986221313
1.4965242147445679
0.0
0.5960097908973694
0.07208491861820221
0.7310006618499756
1.060399055480957
0.0
1.5517781972885132
0.0
1.3629109859466553
1.5278985500335693
0.451727032661438
2.0471889972686768
1.301151990890503
0.3638732135295868
0.02507868781685829
1.1967473030090332
0.6813203692436218
0.20530682802200317
1.55988347530365
1.0020533800125122
0.05534323677420616
2.090980291366577
0.0
2.166532516479492
1.1585476398468018
0.3586782217025757
1.8579978942871094
2.0465309619903564
0.8757248520851135
0.766653299331665
1.9695700407028198
0.7778258323669434
1.1643532514572144
0.0
2.0103237628936768
0.699783980846405
1.6742626428604126
0.1656542867422104
0.5881768465042114
0.6716868877410889
0.9495983123779297
1.4034702777862549
1.0248786211013794
1.1417280435562134
1.2605057954788208
0.05686388537287712
0.64146888256073
1.8242194652557373
1.6226049661636353
1.0460041761398315
1.0523507595062256
1.8979649543762207
0.04689768701791763
1.953057885169983
1.067919135093689
0.0
0.8945516347885132
2.0834507942199707
2.278791904449463
0.9848895072937012
1.334324598312378
0.5112732648849487
0.0
0.0
2.3954672813415527
0.5054723620414734
1.1882026195526123
1.1570550203323364
0.5140540599822998
0.36348819732666016
1.99693763256073
0.8107696175575256
0.7832043766975403
0.582423985004425
0.2147817760705948
0.2688678503036499
1.1877800226211548
1.0277155637741089
0.7584421634674072
1.8770757913589478
1.6031553745269775
1.9819027185440063
1.269157886505127
1.3928481340408325
1.2280975580215454
0.0
0.8609786033630371
0.3589399456977844
0.5968742370605469
0.7839828133583069
0.0
1.3698923587799072
0.0
0.47800618410110474
1.6883114576339722
3.039250135421753
1.306836485862732
1.4259902238845825
1.091566801071167
0.4725842773914337
0.0
0.0
0.0
1.1572192907333374
0.0
0.8674518465995789
0.6328415274620056
0.6977124214172363
1.3930906057357788
0.8839446306228638
0.029142029583454132
1.1293483972549438
1.1787902116775513
1.1368745565414429
0.0
1.8259198665618896
0.9879018068313599
0.6417831778526306
1.1189671754837036
1.9333655834197998
0.991941511631012
1.3008427619934082
0.0
0.0
0.6336491703987122
1.2057541608810425
1.6151667833328247
1.2785736322402954
0.5423389077186584
1.4044831991195679
0.8515947461128235
0.9922575354576111
0.9492268562316895
1.657153844833374
0.0
0.9064912796020508
0.020308956503868103
1.3503950834274292
0.5495649576187134
1.7656301259994507
0.5550827383995056
2.2594730854034424
1.8011353015899658
0.7975663542747498
3.4705915451049805
2.3640151023864746
1.8295865058898926
0.936543881893158
2.01033353805542
1.5491220951080322
1.432078242301941
0.5417444705963135
0.2034626603126526
1.0062919855117798
0.2803933322429657
0.7899919748306274
2.1874098777770996
0.8346568942070007
1.6042821407318115
2.0112123489379883
1.4135595560073853
1.6226778030395508
0.9311888813972473
2.6375234127044678
0.25653475522994995
0.3667299151420593
0.03703425079584122
0.05810508504509926
0.0
0.8226857781410217
0.08021119236946106
0.13561826944351196
0.5606130361557007
0.8672285676002502
0.0
0.0
0.04584247246384621
0.0
0.0
1.341196060180664
1.4622933864593506
1.3335670232772827
0.7537897825241089
0.27952703833580017
0.0
0.7832651138305664
2.4127135276794434
0.8744350075721741
0.4806402921676636
0.9612324237823486
0.637026309967041
1.6343950033187866
0.0
2.078131914138794
0.4211324155330658
0.43651267886161804
0.8478254079818726
1.3295716047286987
0.0
2.4097495079040527
0.5211728811264038
0.7069470882415771
0.6115566492080688
2.0009474754333496
0.8044370412826538
0.1537502557039261
0.0
1.00494384765625
0.0
0.0
2.756974458694458
1.106358289718628
0.8684554100036621
0.0
0.0
2.151979446411133
0.3396233320236206
0.0
1.452918291091919
0.0
0.4257477819919586
1.9715499877929688
0.0
0.15992671251296997
0.1690516173839569
0.0
0.0
0.0
1.3867466449737549
0.0
1.4452100992202759
1.1112264394760132
0.0
0.7094979882240295
0.3004053831100464
1.6454397439956665
0.20472681522369385
1.447216510772705
0.6558900475502014
0.4087371528148651
0.0
0.43305420875549316
0.648152768611908
0.423695832490921
0.9512020349502563
0.0
1.0355186462402344
0.0
0.9650497436523438
0.8787751197814941
1.2373738288879395
0.19595500826835632
0.31853312253952026
0.355939120054245
0.06224441900849342
0.10508603602647781
0.16087192296981812
0.032443203032016754
1.5814892053604126
1.2833361625671387
1.7453359365463257
1.422913670539856
0.0
1.1907013654708862
0.08044218271970749
0.0
1.5573046207427979
0.5209639668464661
0.0
2.0860936641693115
0.8744286894798279
0.0
0.0
1.5168373584747314
1.0600606203079224
1.7084404230117798
0.0
0.0
1.5123240947723389
0.9400214552879333
2.0617990493774414
0.5092325806617737
1.1412584781646729
0.6499732732772827
1.4670864343643188
0.9832163453102112
0.37735360860824585
1.1236594915390015
0.0
1.513342022895813
1.3885184526443481
1.328944444656372
0.0
0.9005880355834961
1.3434650897979736
0.847766637802124
2.014925241470337
0.549027144908905
0.37758442759513855
1.0655136108398438
1.8642245531082153
1.6222004890441895
1.4992108345031738
0.2879166305065155
0.0
0.020785808563232422
0.5635669231414795
0.0
0.8218525052070618
1.1650620698928833
0.04478190839290619
0.6879642605781555
0.0
0.0
0.9844151735305786
0.7298187613487244
0.0
1.2025424242019653
1.5846116542816162
1.0271458625793457
0.7152354121208191
0.9155547618865967
0.3404781222343445
2.638004779815674
0.618169903755188
0.47669997811317444
1.1702569723129272
0.0
2.638888359069824
0.0
0.029070356860756874
0.5887933373451233
0.8117868304252625
0.0
0.988186240196228
0.6840776801109314
0.013158821500837803
1.855181097984314
1.768281102180481
0.0
1.3904260396957397
0.8426331281661987
0.5898013710975647
0.8990829586982727
0.4333805441856384
1.1835896968841553
0.21185877919197083
0.0
0.0
1.2087961435317993
0.6103113889694214
0.974897563457489
1.0672892332077026
1.438973069190979
0.0
0.07051093876361847
0.566920816898346
0.36367538571357727
0.02462734654545784
1.8886463642120361
1.5123708248138428
1.3497785329818726
0.0
1.0772091150283813
1.4699779748916626
2.2312397956848145
2.4188780784606934
1.5841162204742432
0.0
1.6308306455612183
0.22396259009838104
0.0
0.1536283940076828
0.0
0.6009598970413208
1.7563639879226685
1.1650725603103638
1.7242722511291504
0.9183326959609985
1.5512773990631104
0.6116487979888916
0.4958322048187256
0.6275022625923157
0.0
2.0429444313049316
0.09293988347053528
0.7349121570587158
0.0
2.4438934326171875
0.8282479643821716
0.1558021903038025
1.2183723449707031
1.2648664712905884
1.413422703742981
1.52457594871521
1.7723008394241333
1.1162680387496948
0.660792887210846
0.9538314342498779
0.0
2.2883460521698
2.110229015350342
1.5221774578094482
0.0
1.120886206626892
1.6840789318084717
0.0
0.0
2.211451292037964
1.2126052379608154
1.036773443222046
2.39058256149292
0.0
1.008122205734253
0.13379453122615814
0.0
1.6439471244812012
1.2656786441802979
0.7792309522628784
0.0
1.9712821245193481
1.485176682472229
0.7283174395561218
0.36158084869384766
0.759307324886322
0.0
0.0
0.8591856360435486
1.4626609086990356
1.0063079595565796
0.0
2.0214896202087402
1.7321803569793701
3.458730459213257
1.223752498626709
0.0
1.7039566040039062
0.0
0.8845173120498657
1.060202717781067
0.6920236945152283
0.7301719188690186
0.4465717375278473
0.8312404751777649
0.792685866355896
1.1258621215820312
1.5892460346221924
0.0
2.508878469467163
0.08489108085632324
0.9812941551208496
0.6024887561798096
1.5150649547576904
0.0
1.0663641691207886
1.060974359512329
0.493020623922348
0.2845793068408966
2.1825430393218994
1.1504311561584473
0.544268012046814
0.4130188822746277
0.0
0.882159948348999
0.4812919795513153
0.7045466303825378
0.0
0.9120275378227234
0.9927206635475159
0.18791255354881287
0.0
2.278644323348999
0.7557546496391296
0.8201489448547363
0.9125702381134033
0.21926192939281464
1.1626821756362915
2.1609606742858887
0.454629510641098
1.5213640928268433
0.5801700353622437
0.7583175897598267
3.859924077987671
2.265231132507324
1.391805648803711
0.0
1.7704296112060547
0.4960833191871643
1.2897038459777832
0.8048004508018494
0.4509603679180145
1.12968909740448
1.3603570461273193
1.3757226467132568
0.0
1.192059874534607
1.9688717126846313
0.33099478483200073
1.3190853595733643
0.7651694416999817
1.0049521923065186
0.2980569899082184
0.19201448559761047
0.0
1.5461708307266235
2.103522777557373
0.9341893792152405
2.1833341121673584
0.9794188737869263
0.03603791072964668
2.117384433746338
0.0
2.1237478256225586
1.0100805759429932
1.07039475440979
1.605322003364563
0.6344857215881348
0.0
0.6277679800987244
0.0
0.7156592011451721
1.4430019855499268
1.345298171043396
0.0
1.52638840675354
0.6886072754859924
1.4246103763580322
1.4733223915100098
0.0
1.3015110492706299
0.0
0.6569049954414368
0.15291914343833923
0.9720145463943481
1.6703280210494995
1.7191025018692017
1.3752148151397705
