
SAPA
53.0
87.0
22.0
76.0
47.0
16.0
14.0
8.0
24.0
34.0
68.0
63.0
8.0
96.0
25.0
35.0
13.0

SAPA
53.0
71.0
20.0
78.0
30.0
12.0
17.0
11.0
35.0
30.0
72.0
55.0
9.0
81.0
24.0
32.0
14.0
57.0
3.0
53.0
9.0
17.0
41.0
39.0
19.0
126.0
41.0
60.0
75.0
26.0
57.0
26.0
36.0
28.0
27.0
106.0
27.0
28.0
55.0
25.0
21.0
21.0
53.0
18.0
16.0
5.0
21.0
68.0
22.0
58.0
31.0
59.0
58.0
47.0
87.0
56.0
80.0
26.0
32.0
22.0
44.0
17.0
5.0
4.0
35.0
4.0
53.0
44.0
29.0
113.0
63.0
113.0
110.0
0.0
25.0
38.0
27.0
46.0
4.0
46.0
1.0
41.0
110.0
22.0
88.0
77.0
48.0
31.0
54.0
19.0
56.0
41.0
1.0
49.0
17.0
25.0
19.0
36.0
38.0
30.0
49.0
77.0
48.0
76.0
4.0
19.0
90.0
21.0
10.0
56.0
25.0
1.0
26.0
20.0
19.0
1.0
25.0
52.0
5.0
8.0
20.0
11.0
26.0
51.0
23.0
2.0
39.0
36.0
125.0
64.0
41.0
43.0
41.0
15.0
76.0
29.0
48.0
26.0
60.0
36.0
32.0
58.0
22.0
22.0
34.0
23.0
123.0
113.0
61.0
17.0
6.0
0.0
34.0
15.0
25.0
55.0
41.0
58.0
8.0
20.0
10.0
53.0
82.0
59.0
28.0
63.0
40.0
16.0
32.0
27.0
30.0
24.0
62.0
19.0
61.0
0.0
24.0
51.0
16.0
55.0
18.0
91.0
24.0
92.0
4.0
4.0
78.0
26.0
123.0
26.0
17.0
23.0
57.0
8.0
61.0
6.0
31.0
29.0
5.0
39.0
53.0
100.0
20.0
19.0
18.0
48.0
15.0
11.0
88.0
11.0
54.0
8.0
31.0
33.0
8.0
32.0
62.0
2.0
39.0
25.0
17.0
54.0
55.0
31.0
17.0
66.0
58.0
24.0
27.0
30.0
25.0
23.0
19.0
39.0
22.0
18.0
81.0
80.0
63.0
30.0
24.0
0.0
85.0
27.0
46.0
37.0
76.0
0.0
80.0
67.0
4.0
20.0
13.0
39.0
44.0
17.0
59.0
4.0
109.0
2.0
92.0
24.0
77.0
38.0
2.0
28.0
13.0
28.0
61.0
86.0
23.0
70.0
28.0
10.0
23.0
45.0
25.0
55.0
38.0
30.0
77.0
15.0
6.0
36.0
17.0
70.0
16.0
75.0
21.0
3.0
26.0
79.0
14.0
70.0
67.0
49.0
157.0
83.0
64.0
42.0
10.0
44.0
31.0
18.0
30.0
96.0
75.0
23.0
30.0
58.0
12.0
119.0
46.0
19.0
22.0
30.0
20.0
16.0
41.0
27.0
0.0
0.0
16.0
83.0
9.0
11.0
40.0
63.0
24.0
24.0
27.0
55.0
22.0
3.0
63.0
1.0
2.0
32.0
63.0
19.0
0.0
17.0
25.0
28.0
48.0
26.0
54.0
19.0
27.0
19.0
26.0
25.0
20.0
60.0
17.0
54.0
69.0
14.0
8.0
1.0
65.0
52.0
35.0
70.0
69.0
58.0
31.0
14.0
17.0
50.0
33.0
74.0
39.0
74.0
97.0
55.0
0.0
22.0
25.0
49.0
72.0
1.0
34.0
27.0
87.0
26.0
13.0
41.0
14.0
7.0
89.0
60.0
34.0
25.0
12.0
47.0
93.0
11.0
52.0
41.0
117.0
38.0
63.0
31.0
40.0
49.0
2.0
53.0
46.0
22.0
60.0
20.0
5.0
50.0
3.0
39.0
26.0
5.0
96.0
14.0
22.0
90.0
5.0
88.0
58.0
65.0
10.0
27.0
25.0
85.0
27.0
92.0
15.0
33.0
6.0
23.0
54.0
108.0
38.0
20.0
165.0
62.0
32.0
20.0
1.0
0.0
22.0
6.0
0.0
4.0
4.0
44.0
70.0
42.0
26.0
23.0
38.0
4.0
100.0
34.0
35.0
43.0
18.0
77.0
8.0
105.0
53.0
76.0
14.0
18.0
52.0
9.0
46.0
20.0
82.0
85.0
26.0
91.0
5.0
1.0
14.0
10.0
51.0
40.0
49.0
44.0
204.0
11.0
5.0
19.0
17.0
19.0
23.0
94.0
64.0
1.0
9.0
6.0
33.0
18.0
94.0
60.0
10.0
142.0
15.0
8.0
21.0
2.0
10.0
24.0
24.0
2.0
75.0
65.0
58.0
4.0
66.0
31.0
44.0
8.0
39.0
4.0
25.0
17.0
50.0
80.0
9.0
64.0
46.0
28.0
1.0
12.0
31.0
83.0
35.0
73.0
60.0
19.0
24.0
98.0
24.0
60.0
13.0
10.0
56.0
50.0
72.0
56.0
30.0
139.0
6.0
5.0
33.0
100.0
29.0
28.0
81.0
21.0
8.0
29.0
11.0
37.0
12.0
72.0
60.0
25.0
22.0
38.0
29.0
24.0
60.0
15.0
50.0
74.0
59.0
11.0
55.0
32.0
1.0
28.0
33.0
69.0
0.0
2.0
25.0
45.0
58.0
33.0
66.0
26.0
92.0
0.0
109.0
2.0
27.0
49.0
42.0
38.0
11.0
21.0
38.0
38.0
98.0
47.0
43.0
5.0
18.0
49.0
87.0
44.0
24.0
72.0
40.0
1.0
23.0
15.0
14.0
30.0
31.0
1.0
52.0
37.0
54.0
52.0
30.0
2.0
44.0
3.0
4.0
99.0
12.0
116.0
64.0
78.0
40.0
59.0
48.0
46.0
43.0
7.0
27.0
12.0
67.0
89.0
46.0
10.0
20.0
25.0
82.0
29.0
24.0
68.0
31.0
74.0
43.0
36.0
113.0
51.0
30.0
1.0
58.0
31.0
12.0
32.0
50.0
97.0
17.0
0.0
33.0
16.0
25.0
30.0
27.0
31.0
2.0
24.0
37.0
65.0
14.0
19.0
48.0
47.0
24.0
10.0
1.0
22.0
68.0
16.0
11.0
0.0
98.0
10.0
25.0
42.0
7.0
17.0
26.0
62.0
40.0
15.0
29.0
118.0
16.0
23.0
51.0
58.0
20.0
3.0
29.0
53.0
33.0
61.0
43.0
74.0
34.0
66.0
12.0
6.0
44.0
74.0
1.0
71.0
78.0
27.0
39.0
25.0
1.0
14.0
15.0
31.0
23.0
105.0
53.0
7.0
38.0
20.0
70.0
17.0
22.0
18.0
0.0
21.0
114.0
32.0
127.0
21.0
38.0
38.0
47.0
22.0
69.0
43.0
51.0
30.0
22.0
29.0
23.0
31.0
14.0
14.0
1.0
35.0
67.0
81.0
70.0
36.0
29.0
15.0
32.0
24.0
84.0
4.0
22.0
14.0
1.0
75.0
53.0
25.0
40.0
10.0
38.0
16.0
