
SAPA
29.0
51.0
5.0
54.0
8.0
6.0
9.0
11.0
12.0
21.0
44.0
57.0
9.0
47.0
11.0
30.0
20.0
33.0
1.0
18.0
16.0
12.0
47.0
25.0
11.0
82.0
14.0
29.0
56.0
12.0
44.0
8.0
36.0
36.0
24.0
58.0
30.0
9.0
26.0
16.0
7.0
13.0
24.0
11.0
12.0
9.0
20.0
49.0
6.0
34.0
21.0
64.0
38.0
28.0
54.0
31.0
39.0
5.0
24.0
10.0
28.0
24.0
4.0
3.0
28.0
6.0
57.0
40.0
40.0
69.0
30.0
75.0
55.0
8.0
9.0
25.0
32.0
30.0
3.0
36.0
1.0
39.0
62.0
10.0
81.0
36.0
39.0
27.0
42.0
6.0
37.0
30.0
2.0
37.0
15.0
15.0
9.0
32.0
32.0
27.0
47.0
50.0
31.0
48.0
7.0
15.0
80.0
7.0
24.0
41.0
70.0
7.0
30.0
17.0
20.0
1.0
9.0
35.0
14.0
11.0
20.0
7.0
14.0
30.0
19.0
3.0
34.0
21.0
76.0
19.0
39.0
34.0
28.0
16.0
84.0
17.0
33.0
10.0
59.0
4.0
19.0
31.0
16.0
7.0
32.0
10.0
102.0
66.0
36.0
9.0
13.0
0.0
17.0
11.0
7.0
21.0
32.0
43.0
7.0
19.0
17.0
49.0
50.0
34.0
28.0
38.0
51.0
16.0
16.0
28.0
19.0
24.0
42.0
15.0
49.0
5.0
9.0
41.0
12.0
58.0
8.0
61.0
14.0
48.0
10.0
6.0
61.0
10.0
71.0
11.0
8.0
12.0
46.0
7.0
30.0
5.0
17.0
20.0
2.0
14.0
46.0
79.0
6.0
5.0
4.0
35.0
15.0
36.0
48.0
15.0
21.0
3.0
25.0
33.0
7.0
17.0
63.0
3.0
32.0
24.0
4.0
38.0
39.0
17.0
3.0
16.0
44.0
25.0
8.0
10.0
24.0
19.0
38.0
43.0
11.0
17.0
41.0
41.0
41.0
7.0
18.0
1.0
76.0
46.0
29.0
38.0
58.0
0.0
35.0
23.0
3.0
11.0
15.0
21.0
18.0
6.0
43.0
11.0
61.0
8.0
76.0
13.0
40.0
24.0
4.0
13.0
29.0
14.0
37.0
28.0
40.0
30.0
9.0
11.0
24.0
1.0
11.0
47.0
29.0
7.0
40.0
20.0
11.0
14.0
18.0
53.0
12.0
33.0
5.0
2.0
47.0
47.0
10.0
38.0
42.0
21.0
80.0
46.0
56.0
71.0
9.0
37.0
14.0
16.0
34.0
52.0
46.0
22.0
26.0
53.0
12.0
105.0
39.0
41.0
11.0
23.0
8.0
13.0
73.0
12.0
1.0
1.0
23.0
60.0
5.0
8.0
8.0
36.0
28.0
12.0
11.0
29.0
8.0
4.0
62.0
1.0
13.0
12.0
64.0
18.0
1.0
13.0
9.0
63.0
61.0
10.0
25.0
14.0
11.0
11.0
10.0
21.0
34.0
34.0
7.0
38.0
31.0
5.0
10.0
2.0
27.0
36.0
22.0
37.0
34.0
35.0
41.0
19.0
12.0
22.0
27.0
45.0
24.0
67.0
93.0
29.0
0.0
8.0
9.0
28.0
50.0
2.0
37.0
16.0
68.0
7.0
14.0
12.0
10.0
8.0
38.0
37.0
29.0
8.0
12.0
27.0
51.0
5.0
35.0
37.0
36.0
42.0
49.0
21.0
37.0
30.0
7.0
49.0
39.0
6.0
33.0
11.0
7.0
50.0
4.0
12.0
10.0
5.0
67.0
8.0
7.0
40.0
14.0
42.0
53.0
49.0
15.0
11.0
23.0
58.0
8.0
81.0
11.0
25.0
10.0
14.0
53.0
77.0
3.0
12.0
106.0
42.0
43.0
11.0
1.0
0.0
25.0
0.0
0.0
7.0
3.0
43.0
49.0
39.0
18.0
9.0
18.0
5.0
71.0
38.0
11.0
44.0
20.0
58.0
29.0
78.0
58.0
50.0
21.0
7.0
40.0
16.0
46.0
10.0
72.0
29.0
10.0
39.0
14.0
1.0
7.0
16.0
31.0
21.0
23.0
23.0
122.0
11.0
9.0
6.0
9.0
13.0
17.0
67.0
29.0
1.0
16.0
6.0
17.0
10.0
77.0
40.0
4.0
66.0
7.0
10.0
7.0
11.0
10.0
18.0
16.0
2.0
46.0
64.0
43.0
2.0
45.0
36.0
26.0
7.0
28.0
5.0
18.0
5.0
50.0
50.0
14.0
73.0
41.0
15.0
2.0
18.0
4.0
57.0
21.0
41.0
33.0
10.0
20.0
84.0
9.0
52.0
14.0
18.0
33.0
24.0
67.0
54.0
34.0
95.0
8.0
1.0
24.0
99.0
28.0
19.0
40.0
26.0
15.0
24.0
15.0
27.0
12.0
91.0
40.0
19.0
12.0
13.0
18.0
31.0
24.0
13.0
57.0
56.0
35.0
17.0
83.0
35.0
1.0
15.0
25.0
49.0
0.0
2.0
10.0
27.0
38.0
32.0
59.0
8.0
72.0
2.0
58.0
10.0
19.0
48.0
77.0
39.0
11.0
15.0
30.0
24.0
58.0
110.0
19.0
4.0
61.0
44.0
41.0
24.0
18.0
39.0
40.0
1.0
22.0
9.0
12.0
26.0
5.0
1.0
25.0
59.0
45.0
32.0
21.0
3.0
28.0
12.0
3.0
62.0
14.0
117.0
42.0
53.0
34.0
34.0
36.0
13.0
27.0
9.0
17.0
49.0
44.0
49.0
32.0
5.0
5.0
10.0
85.0
14.0
15.0
44.0
10.0
54.0
30.0
53.0
45.0
24.0
18.0
1.0
51.0
29.0
13.0
9.0
79.0
85.0
3.0
4.0
39.0
16.0
17.0
31.0
10.0
46.0
5.0
6.0
19.0
56.0
21.0
10.0
31.0
26.0
6.0
21.0
6.0
43.0
53.0
11.0
5.0
1.0
39.0
69.0
15.0
52.0
5.0
5.0
9.0
41.0
2.0
12.0
12.0
96.0
15.0
26.0
29.0
23.0
15.0
13.0
19.0
52.0
21.0
32.0
40.0
48.0
73.0
37.0
1.0
6.0
32.0
35.0
1.0
50.0
35.0
11.0
31.0
9.0
1.0
8.0
8.0
15.0
9.0
79.0
41.0
15.0
37.0
16.0
48.0
20.0
14.0
23.0
0.0
19.0
59.0
16.0
94.0
8.0
6.0
35.0
41.0
6.0
48.0
41.0
47.0
36.0
8.0
10.0
16.0
13.0
18.0
19.0
1.0
19.0
16.0
30.0
39.0
27.0
23.0
5.0
12.0
14.0
31.0
1.0
8.0
14.0
1.0
41.0
14.0
17.0
22.0
16.0
25.0
37.0
48.0
9.0
25.0
14.0
12.0
73.0
16.0
10.0
7.0
6.0
90.0
133.0
37.0
11.0
80.0
5.0
17.0
58.0
35.0
34.0
40.0
52.0
53.0
74.0
113.0
70.0
33.0
10.0
41.0
60.0
29.0
2.0
19.0
37.0
39.0
19.0
10.0
108.0
46.0
47.0
37.0
34.0
9.0
27.0
12.0
11.0
12.0
2.0
35.0
4.0
35.0
8.0
8.0
4.0
9.0
42.0
25.0
3.0
9.0
46.0
8.0
40.0
40.0
77.0
0.0
25.0
8.0
52.0
10.0
47.0
19.0
15.0
50.0
37.0
20.0
8.0
58.0
2.0
61.0
31.0
20.0
31.0
180.0
41.0
6.0
38.0
32.0
20.0
9.0
62.0
65.0
46.0
8.0
52.0
190.0
65.0
65.0
60.0
21.0
1.0
2.0
3.0
38.0
13.0
35.0
20.0
33.0
13.0
6.0
41.0
43.0
20.0
19.0
26.0
9.0
36.0
19.0
75.0
1.0
48.0
3.0
16.0
50.0
52.0
23.0
7.0
37.0
17.0
25.0
28.0
106.0
17.0
42.0
48.0
14.0
21.0
7.0
18.0
4.0
74.0
38.0
88.0
1.0
95.0
15.0
48.0
12.0
8.0
16.0
6.0
47.0
47.0
26.0
13.0
20.0
50.0
1.0
13.0
7.0
30.0
29.0
15.0
7.0
63.0
12.0
1.0
10.0
9.0
4.0
2.0
37.0
13.0
10.0
6.0
1.0
5.0
23.0
8.0
15.0
48.0
9.0
4.0
5.0
1.0
11.0
8.0
35.0
4.0
16.0
34.0
79.0
86.0
48.0
49.0
2.0
7.0
12.0
14.0
65.0
36.0
11.0
33.0
9.0
30.0
19.0
26.0
10.0
22.0
59.0
64.0
8.0
32.0
9.0
37.0
65.0
99.0
99.0
6.0

PA
10.0
11.0
3.0
11.0
3.0
3.0
4.0
4.0
3.0
11.0
16.0
19.0
4.0
8.0
6.0
6.0
8.0
10.0
1.0
6.0
5.0
6.0
12.0
5.0
3.0
20.0
4.0
5.0
12.0
7.0
8.0
5.0
6.0
6.0
11.0
14.0
11.0
6.0
7.0
5.0
4.0
7.0
2.0
6.0
5.0
2.0
8.0
19.0
2.0
4.0
9.0
10.0
12.0
5.0
15.0
9.0
7.0
3.0
6.0
3.0
9.0
5.0
2.0
2.0
7.0
3.0
12.0
5.0
8.0
14.0
9.0
15.0
8.0
4.0
6.0
12.0
6.0
8.0
3.0
11.0
1.0
10.0
18.0
2.0
20.0
8.0
15.0
8.0
17.0
4.0
6.0
12.0
2.0
5.0
5.0
4.0
6.0
11.0
15.0
10.0
18.0
13.0
5.0
15.0
5.0
7.0
12.0
4.0
6.0
15.0
10.0
3.0
8.0
5.0
6.0
1.0
2.0
8.0
5.0
3.0
5.0
3.0
8.0
14.0
6.0
2.0
8.0
5.0
10.0
4.0
13.0
11.0
4.0
6.0
15.0
5.0
10.0
6.0
17.0
2.0
8.0
10.0
6.0
4.0
8.0
5.0
18.0
14.0
8.0
4.0
5.0
0.0
4.0
3.0
4.0
4.0
11.0
10.0
3.0
5.0
7.0
18.0
8.0
7.0
7.0
6.0
9.0
6.0
7.0
3.0
3.0
6.0
9.0
4.0
10.0
2.0
5.0
9.0
4.0
9.0
4.0
15.0
3.0
14.0
3.0
2.0
11.0
3.0
19.0
4.0
3.0
6.0
10.0
4.0
7.0
3.0
6.0
9.0
2.0
3.0
7.0
22.0
4.0
4.0
3.0
7.0
7.0
5.0
15.0
7.0
4.0
2.0
9.0
7.0
4.0
5.0
10.0
3.0
7.0
5.0
2.0
8.0
11.0
6.0
3.0
4.0
10.0
9.0
4.0
3.0
4.0
5.0
9.0
8.0
4.0
5.0
11.0
14.0
9.0
4.0
3.0
1.0
18.0
8.0
9.0
8.0
8.0
0.0
5.0
8.0
1.0
7.0
4.0
5.0
5.0
2.0
13.0
5.0
12.0
4.0
18.0
4.0
11.0
6.0
2.0
7.0
5.0
5.0
9.0
7.0
8.0
8.0
4.0
5.0
8.0
1.0
5.0
9.0
9.0
4.0
9.0
9.0
4.0
4.0
10.0
14.0
6.0
4.0
4.0
2.0
5.0
10.0
5.0
15.0
7.0
4.0
16.0
6.0
15.0
10.0
3.0
8.0
6.0
6.0
9.0
9.0
11.0
7.0
7.0
12.0
4.0
20.0
10.0
7.0
6.0
8.0
4.0
6.0
11.0
3.0
1.0
1.0
6.0
8.0
3.0
4.0
4.0
11.0
13.0
4.0
5.0
9.0
4.0
3.0
10.0
1.0
4.0
4.0
16.0
7.0
1.0
6.0
4.0
7.0
13.0
4.0
9.0
3.0
5.0
4.0
5.0
4.0
4.0
8.0
4.0
11.0
9.0
3.0
3.0
2.0
5.0
10.0
6.0
11.0
6.0
11.0
12.0
4.0
7.0
5.0
7.0
15.0
5.0
11.0
14.0
5.0
0.0
4.0
5.0
5.0
10.0
2.0
7.0
6.0
27.0
4.0
8.0
8.0
4.0
3.0
9.0
8.0
10.0
3.0
5.0
5.0
19.0
3.0
4.0
10.0
3.0
8.0
11.0
5.0
8.0
4.0
2.0
8.0
7.0
3.0
11.0
3.0
3.0
9.0
3.0
3.0
5.0
2.0
23.0
4.0
3.0
9.0
5.0
12.0
15.0
13.0
6.0
5.0
4.0
8.0
5.0
17.0
4.0
7.0
4.0
6.0
10.0
12.0
2.0
7.0
20.0
12.0
6.0
4.0
1.0
0.0
7.0
0.0
0.0
2.0
2.0
8.0
14.0
7.0
7.0
4.0
6.0
3.0
15.0
8.0
2.0
17.0
9.0
19.0
5.0
14.0
15.0
10.0
9.0
3.0
10.0
7.0
8.0
5.0
10.0
5.0
6.0
14.0
4.0
1.0
3.0
6.0
9.0
6.0
9.0
6.0
28.0
4.0
5.0
3.0
5.0
3.0
4.0
8.0
11.0
1.0
4.0
3.0
5.0
5.0
16.0
13.0
2.0
22.0
4.0
4.0
3.0
3.0
4.0
4.0
6.0
2.0
14.0
15.0
11.0
2.0
11.0
8.0
6.0
2.0
8.0
2.0
7.0
2.0
8.0
13.0
4.0
11.0
8.0
6.0
2.0
5.0
2.0
16.0
9.0
9.0
11.0
4.0
8.0
25.0
3.0
5.0
5.0
5.0
9.0
6.0
10.0
9.0
4.0
20.0
3.0
1.0
7.0
28.0
10.0
5.0
9.0
5.0
4.0
5.0
8.0
6.0
8.0
15.0
7.0
3.0
7.0
6.0
9.0
7.0
6.0
4.0
12.0
8.0
7.0
5.0
13.0
5.0
1.0
3.0
5.0
8.0
0.0
2.0
4.0
7.0
12.0
9.0
12.0
2.0
8.0
2.0
10.0
5.0
7.0
8.0
9.0
7.0
6.0
9.0
12.0
10.0
14.0
14.0
4.0
2.0
9.0
16.0
11.0
8.0
5.0
14.0
14.0
1.0
5.0
5.0
6.0
6.0
2.0
1.0
6.0
9.0
10.0
9.0
5.0
2.0
10.0
3.0
1.0
9.0
8.0
14.0
11.0
16.0
10.0
9.0
11.0
6.0
6.0
3.0
5.0
9.0
12.0
17.0
7.0
2.0
3.0
6.0
9.0
4.0
9.0
11.0
4.0
14.0
5.0
11.0
7.0
4.0
6.0
1.0
15.0
9.0
7.0
5.0
13.0
20.0
2.0
3.0
14.0
4.0
6.0
12.0
4.0
15.0
2.0
5.0
7.0
7.0
6.0
5.0
9.0
12.0
3.0
3.0
2.0
7.0
6.0
4.0
3.0
1.0
8.0
8.0
6.0
7.0
2.0
3.0
5.0
11.0
2.0
3.0
7.0
22.0
5.0
7.0
8.0
5.0
9.0
3.0
3.0
11.0
6.0
8.0
9.0
8.0
13.0
7.0
1.0
4.0
8.0
7.0
1.0
9.0
5.0
5.0
12.0
4.0
1.0
3.0
3.0
9.0
3.0
23.0
14.0
6.0
6.0
5.0
5.0
6.0
4.0
6.0
0.0
4.0
12.0
8.0
18.0
3.0
3.0
6.0
12.0
4.0
13.0
6.0
9.0
8.0
4.0
5.0
7.0
3.0
10.0
5.0
1.0
7.0
3.0
9.0
14.0
7.0
4.0
3.0
6.0
6.0
4.0
1.0
5.0
5.0
1.0
13.0
3.0
6.0
4.0
4.0
4.0
6.0
7.0
5.0
10.0
3.0
6.0
10.0
4.0
2.0
4.0
2.0
14.0
10.0
11.0
4.0
20.0
2.0
6.0
15.0
9.0
6.0
7.0
11.0
7.0
14.0
15.0
8.0
6.0
5.0
12.0
9.0
4.0
2.0
8.0
6.0
8.0
4.0
6.0
16.0
12.0
8.0
9.0
6.0
4.0
4.0
5.0
4.0
4.0
2.0
9.0
4.0
11.0
5.0
5.0
3.0
5.0
8.0
6.0
2.0
3.0
17.0
3.0
4.0
8.0
20.0
0.0
6.0
4.0
9.0
4.0
13.0
4.0
6.0
9.0
6.0
5.0
3.0
14.0
2.0
17.0
13.0
4.0
7.0
21.0
9.0
2.0
7.0
8.0
5.0
3.0
14.0
9.0
15.0
4.0
11.0
31.0
14.0
11.0
11.0
8.0
1.0
2.0
2.0
12.0
5.0
17.0
5.0
12.0
4.0
2.0
9.0
13.0
8.0
4.0
5.0
5.0
5.0
6.0
13.0
1.0
10.0
2.0
7.0
12.0
16.0
5.0
3.0
8.0
5.0
4.0
7.0
11.0
7.0
14.0
5.0
3.0
5.0
4.0
8.0
3.0
19.0
11.0
12.0
1.0
15.0
4.0
6.0
4.0
3.0
6.0
2.0
8.0
7.0
7.0
4.0
4.0
15.0
1.0
4.0
3.0
6.0
13.0
6.0
3.0
15.0
3.0
1.0
4.0
5.0
2.0
2.0
10.0
3.0
4.0
3.0
1.0
2.0
5.0
3.0
4.0
12.0
5.0
2.0
3.0
1.0
6.0
4.0
9.0
2.0
3.0
7.0
16.0
24.0
13.0
14.0
2.0
4.0
3.0
5.0
22.0
13.0
3.0
11.0
4.0
8.0
6.0
8.0
4.0
12.0
14.0
10.0
4.0
7.0
4.0
4.0
20.0
20.0
11.0
4.0

IGD
5.596453666687012
5.512560844421387
5.1177191734313965
4.611772060394287
2.7465085983276367
4.6682024002075195
2.6801400184631348
3.5836095809936523
2.849440574645996
2.2410218715667725
5.443908214569092
4.412349224090576
1.9480232000350952
5.043932914733887
4.106285572052002
2.947918653488159
3.1170105934143066
6.242739677429199
0.23451107740402222
3.065704345703125
1.6098154783248901
2.266359567642212
4.060798168182373
3.8551783561706543
1.4331722259521484
6.101011276245117
3.872727394104004
2.8595259189605713
4.980610370635986
3.999939203262329
3.1458826065063477
4.006502628326416
3.681551694869995
2.192084312438965
6.118908882141113
5.4860382080078125
2.3466949462890625
4.927260398864746
3.1754629611968994
4.118600368499756
3.683687925338745
2.1692726612091064
3.2463178634643555
2.598019599914551
3.154120683670044
2.4273428916931152
4.799692153930664
4.804677963256836
2.140913724899292
3.800335645675659
3.3998453617095947
3.473463296890259
5.313453674316406
3.05851149559021
5.803779125213623
3.286623954772949
6.1187262535095215
3.5778648853302
3.6677305698394775
3.235110282897949
5.072688579559326
2.2857394218444824
1.3327949047088623
1.5017321109771729
4.1135029792785645
1.345920443534851
3.6819560527801514
3.6187262535095215
3.2250332832336426
5.3878302574157715
6.398020267486572
5.64475154876709
4.795934677124023
1.3175756931304932
4.922647953033447
3.94610595703125
2.248641014099121
4.266246318817139
1.9305708408355713
4.226099967956543
1.8578510284423828
4.530498027801514
6.620440483093262
2.754408597946167
3.965602159500122
5.7668328285217285
5.003220558166504
3.638166666030884
5.024383544921875
3.7261509895324707
3.753465175628662
5.613666534423828
0.5618264079093933
2.9013373851776123
3.7812557220458984
1.4203988313674927
3.5580601692199707
2.8179404735565186
4.366575717926025
4.156718730926514
4.102313995361328
4.942098140716553
3.793768882751465
7.15531063079834
1.9296531677246094
3.4034924507141113
4.83525276184082
3.57788348197937
3.8935601711273193
3.3299779891967773
2.725376605987549
2.2170064449310303
2.81071400642395
3.494480848312378
2.98006534576416
0.5669302344322205
2.405918598175049
5.479152202606201
2.81471586227417
1.9834409952163696
2.1439878940582275
2.2478511333465576
4.194235801696777
5.329147815704346
2.9909749031066895
1.4677914381027222
3.927272319793701
4.220938682556152
3.9977848529815674
3.5673439502716064
4.647166728973389
4.728118896484375
3.8730592727661133
2.5856404304504395
4.205990791320801
4.746758937835693
4.76632022857666
3.4250025749206543
5.204270362854004
2.1652886867523193
4.032567501068115
5.14001989364624
3.6016147136688232
5.779830455780029
2.4761929512023926
5.00959587097168
5.736403465270996
5.551779270172119
4.662060737609863
1.897742509841919
2.729630708694458
0.0
2.8609914779663086
2.4582860469818115
4.737398624420166
4.101041793823242
4.803753852844238
5.018614292144775
1.8061426877975464
2.291151762008667
2.619166851043701
5.604701042175293
6.614902973175049
3.854588508605957
2.7489113807678223
3.492537260055542
3.030449151992798
2.068894624710083
3.983381509780884
2.2696940898895264
1.8506388664245605
5.065627098083496
6.029229164123535
2.3172402381896973
4.463098526000977
0.8353236317634583
4.318220615386963
2.5918924808502197
4.739161014556885
1.8988642692565918
4.498229503631592
4.570284366607666
3.4066004753112793
6.860479354858398
1.7930481433868408
2.300705671310425
6.465330600738525
2.3976573944091797
6.199215888977051
3.4973044395446777
2.5262811183929443
4.126577854156494
3.5434134006500244
1.8394979238510132
4.166772842407227
2.754128932952881
4.324586868286133
4.480839252471924
1.7382789850234985
1.828596830368042
2.7454912662506104
5.302775859832764
4.325416088104248
4.697399616241455
4.914280414581299
4.12080192565918
2.9492712020874023
1.8995921611785889
5.369558334350586
3.4839932918548584
3.9943506717681885
1.8550000190734863
5.042425155639648
2.3203492164611816
2.448669195175171
3.9926483631134033
4.125960826873779
1.2866672277450562
2.9356093406677246
2.720872402191162
2.833562135696411
4.226561546325684
4.837075233459473
4.279094696044922
3.8631410598754883
3.659776449203491
4.058161735534668
3.3491311073303223
4.499344825744629
3.3606772422790527
2.3962721824645996
2.934166431427002
2.6546168327331543
2.1305196285247803
3.2549781799316406
2.3330726623535156
5.28048849105835
4.828261375427246
3.41642165184021
4.728715419769287
3.348470687866211
0.47211846709251404
3.2154133319854736
3.846911668777466
2.5976574420928955
2.2389183044433594
6.379298210144043
0.0
3.8644216060638428
3.363563299179077
0.6054604649543762
4.041084289550781
4.517369270324707
3.7861850261688232
3.8396382331848145
2.792628288269043
4.414918422698975
2.336465835571289
6.442374229431152
1.723513126373291
3.458045482635498
3.263733148574829
5.159409523010254
3.827012777328491
1.9718858003616333
4.476585388183594
1.3687453269958496
5.284307479858398
2.2987117767333984
3.4897491931915283
2.9746429920196533
4.29790735244751
3.517319440841675
2.8288183212280273
1.8715399503707886
1.5678678750991821
5.578647136688232
3.2977094650268555
3.3934590816497803
5.434301376342773
4.336134433746338
2.4894585609436035
2.5640153884887695
4.578436851501465
4.599766731262207
5.936019420623779
4.323153972625732
4.386139392852783
3.9999332427978516
1.9494001865386963
2.102776050567627
4.39149808883667
3.748774528503418
4.9439239501953125
5.2968010902404785
2.6918141841888428
6.1271257400512695
4.798043251037598
4.151611804962158
3.3820512294769287
3.2582883834838867
5.590420722961426
5.250373840332031
3.281654119491577
2.3720455169677734
5.728235244750977
4.432201862335205
3.39314341545105
3.5842819213867188
3.7172110080718994
2.105039119720459
7.623538017272949
4.540486812591553
3.4862911701202393
3.96148943901062
2.392998456954956
3.038689374923706
3.2300217151641846
3.019972324371338
2.7200887203216553
0.6706381440162659
0.04398356378078461
4.458351135253906
4.380207538604736
2.235675811767578
2.8174808025360107
2.2632596492767334
5.425961971282959
4.198373794555664
4.253914833068848
4.315205097198486
5.944385528564453
5.357170104980469
2.5783917903900146
4.590758323669434
0.481490820646286
2.2114181518554688
3.437795400619507
2.949617385864258
4.054474353790283
0.052494846284389496
1.7592443227767944
5.8777642250061035
2.415059804916382
2.3232288360595703
5.052097320556641
3.1238603591918945
1.7167388200759888
2.9130959510803223
1.4866080284118652
3.82861590385437
3.493067741394043
1.7783312797546387
2.914872884750366
5.498844146728516
4.802347660064697
3.9353723526000977
4.359796524047852
1.763255000114441
0.8377923965454102
5.644671440124512
5.758209228515625
3.2352213859558105
3.2385833263397217
4.919045925140381
5.122290134429932
2.8397574424743652
2.9439992904663086
4.185718059539795
2.504570484161377
4.072490215301514
5.807244300842285
3.433084011077881
2.781013250350952
4.326339244842529
5.456820964813232
0.0
3.799300193786621
4.606432914733887
2.7542293071746826
7.187895774841309
0.7022512555122375
4.056778907775879
4.935577392578125
6.1152238845825195
4.740565299987793
2.496764659881592
3.518031120300293
5.05131196975708
2.1885037422180176
3.7748003005981445
2.1978843212127686
4.839653491973877
3.691953182220459
1.8526129722595215
3.55368971824646
5.382849216461182
2.438291072845459
3.637434482574463
2.4883852005004883
2.6904284954071045
2.7960803508758545
3.6558144092559814
2.816349983215332
2.7581160068511963
2.0043716430664062
0.7435415983200073
4.541041851043701
3.309284210205078
3.147908926010132
4.941080093383789
1.9472018480300903
0.9972655177116394
4.99332332611084
1.8975578546524048
2.801823616027832
4.42488956451416
1.4629783630371094
4.238529205322266
4.919834613800049
1.5760642290115356
3.5295140743255615
2.102447271347046
5.896798610687256
6.914434432983398
4.71762752532959
2.2262704372406006
5.147854804992676
2.789454221725464
3.9488041400909424
4.275894641876221
1.8683279752731323
2.9951424598693848
3.2971811294555664
3.748448610305786
1.8734029531478882
3.569474697113037
4.008026599884033
3.0210769176483154
2.6040520668029785
5.840663909912109
3.968458414077759
3.0095736980438232
3.3582019805908203
0.8381480574607849
0.0
3.8408284187316895
0.0
0.0
1.3045769929885864
1.8844249248504639
3.779932737350464
3.013071298599243
4.500662326812744
4.520366191864014
4.9660749435424805
2.6554105281829834
1.9598407745361328
4.4631781578063965
5.327459812164307
1.538219928741455
5.1164727210998535
3.36189866065979
7.1545329093933105
1.5349079370498657
3.7361562252044678
3.0892271995544434
3.7867748737335205
2.5678110122680664
2.1295125484466553
3.8507742881774902
0.7539294362068176
4.241326332092285
4.24138069152832
6.078123092651367
4.444057941436768
5.677031993865967
6.174426555633545
2.2224085330963135
1.2446105480194092
3.944495916366577
2.7720634937286377
6.172391414642334
4.263264179229736
2.3364195823669434
4.845603942871094
4.300753593444824
2.9503257274627686
1.9638839960098267
3.3765323162078857
3.283013105392456
2.4500598907470703
2.722466230392456
3.7343573570251465
4.4763994216918945
0.28015685081481934
3.9459807872772217
1.0970101356506348
2.940307140350342
4.012478828430176
4.4652018547058105
5.227055072784424
1.7766480445861816
7.982708930969238
5.04917573928833
2.114302635192871
5.458667755126953
2.112104892730713
1.8430877923965454
2.837584972381592
2.9667458534240723
1.4776884317398071
5.479927062988281
4.444149017333984
5.224678039550781
1.5281946659088135
4.072117328643799
3.2659051418304443
5.530834674835205
1.4660881757736206
3.199239492416382
1.782854676246643
3.2431223392486572
2.974576234817505
4.682582855224609
5.759647369384766
2.0741398334503174
2.8635849952697754
3.6716701984405518
5.374861240386963
1.8868006467819214
2.243677854537964
1.730750322341919
5.857002258300781
5.531740188598633
5.250900745391846
5.171497344970703
3.8765721321105957
2.932232141494751
3.793131113052368
3.1481704711914062
3.380587100982666
1.3133710622787476
2.098285436630249
4.645174503326416
3.494453191757202
6.426507472991943
3.0126616954803467
3.072972059249878
3.848358154296875
1.0764405727386475
0.6714280843734741
2.6843836307525635
3.6327545642852783
4.006424427032471
2.9827215671539307
4.653622150421143
2.8450629711151123
2.9308106899261475
3.5601089000701904
2.853001594543457
4.516163349151611
2.3404271602630615
3.5824456214904785
5.526553630828857
1.4095218181610107
3.660611629486084
3.9308829307556152
4.211062908172607
3.171349048614502
3.955980062484741
0.9980706572532654
3.4868276119232178
5.156872272491455
3.9279613494873047
2.7711758613586426
4.048709869384766
3.5843560695648193
0.5527669787406921
1.7022106647491455
2.3957180976867676
3.90856671333313
0.0
0.6688451766967773
3.4462523460388184
4.581882476806641
5.29618501663208
3.069852828979492
2.8537728786468506
2.4583511352539062
3.051586627960205
0.6337413787841797
5.2328104972839355
1.9205188751220703
4.388340473175049
3.18827748298645
2.789543390274048
5.03673791885376
2.9099578857421875
4.085235118865967
5.142574310302734
3.2800326347351074
5.224308967590332
2.2286624908447266
3.206444263458252
1.3457391262054443
1.727415919303894
6.69944953918457
5.967275142669678
3.9697277545928955
2.2042248249053955
3.8917829990386963
6.404110908508301
0.7460664510726929
2.526581048965454
4.132754802703857
3.5982956886291504
2.439084768295288
2.9827754497528076
1.428260326385498
4.546981334686279
3.5969839096069336
3.4009389877319336
5.704801082611084
2.9812443256378174
0.9897745847702026
5.530299663543701
2.5280580520629883
0.7379052639007568
3.7834300994873047
4.114875316619873
4.935133934020996
4.425177097320557
5.098491191864014
4.217870235443115
2.930447578430176
6.397170543670654
3.587259531021118
5.179537773132324
2.994694471359253
3.3486175537109375
3.1888060569763184
4.5798659324646
4.5371856689453125
3.7700002193450928
1.924354910850525
1.8193528652191162
4.33261251449585
3.2060511112213135
3.6178925037384033
3.9386255741119385
5.198208808898926
4.9286112785339355
4.598053455352783
3.039011240005493
2.00968599319458
5.053994178771973
2.4807043075561523
3.6324069499969482
0.3939967453479767
3.6030893325805664
2.851715564727783
4.202563285827637
4.515007972717285
3.425633668899536
6.348581314086914
2.1132493019104004
1.7389410734176636
3.297089099884033
3.364002227783203
3.153271436691284
3.105556011199951
5.250223636627197
3.8709309101104736
0.5466142892837524
4.94815731048584
4.775074005126953
4.027977466583252
3.6744961738586426
4.798165798187256
7.462045192718506
4.618350028991699
4.698648452758789
2.415015935897827
1.9641081094741821
2.9499878883361816
3.0112345218658447
3.441768169403076
1.8101292848587036
0.7798282504081726
4.057147026062012
1.5241338014602661
2.9733920097351074
4.249083518981934
1.6755768060684204
4.3139777183532715
3.6628129482269287
2.774040460586548
1.6261788606643677
2.3524792194366455
4.665121078491211
5.507997035980225
4.028360366821289
3.0730092525482178
4.480154037475586
4.037575721740723
3.9502744674682617
0.9363238215446472
3.0439369678497314
4.825937271118164
2.6618659496307373
3.0827438831329346
3.049683094024658
5.57783317565918
2.1575067043304443
5.118819713592529
0.4405902028083801
2.9833853244781494
4.5782575607299805
4.960129261016846
0.7853327393531799
5.2099833488464355
4.206845283508301
2.7795448303222656
5.131477355957031
5.283355712890625
0.7920454740524292
1.870019555091858
3.059819459915161
3.5150158405303955
2.73990797996521
6.209392547607422
4.960116386413574
2.7564961910247803
3.5505166053771973
4.339127063751221
3.2519781589508057
3.884812831878662
3.0133328437805176
3.648974657058716
0.0
3.305140495300293
7.810055255889893
4.708585739135742
5.9349541664123535
4.3521528244018555
2.5603747367858887
4.0819478034973145
2.6139235496520996
5.225473880767822
4.351230621337891
2.565737724304199
2.807983875274658
3.428131580352783
5.541013717651367
4.560783863067627
4.71113920211792
2.280653715133667
4.1329874992370605
1.9567099809646606
0.17639100551605225
5.119986057281494
2.8999576568603516
5.194481372833252
4.957858562469482
3.018470287322998
2.2224059104919434
4.77692985534668
3.631037950515747
2.971997022628784
3.30199933052063
1.279717206954956
5.016936302185059
4.118536472320557
0.38862666487693787
3.2254951000213623
2.6659655570983887
3.7975757122039795
3.493096351623535
3.31020188331604
2.629096746444702
2.502830982208252
4.321375846862793
4.979996204376221
5.07895040512085
1.7551264762878418
2.426011323928833
2.8560638427734375
3.037494421005249
2.1336562633514404
3.2471799850463867
1.7985684871673584
4.969252109527588
3.8030765056610107
6.660269737243652
2.0806686878204346
7.078831672668457
2.6902077198028564
4.814207077026367
6.324126720428467
3.061535358428955
3.803954839706421
3.6149237155914307
5.126430034637451
4.113489151000977
4.955378532409668
2.9967193603515625
3.872110366821289
3.6861605644226074
3.7335000038146973
3.2250683307647705
5.4933600425720215
4.557780742645264
0.7183254361152649
5.261679649353027
3.6871120929718018
4.339198589324951
3.359367609024048
4.165824890136719
6.783444404602051
4.213818550109863
4.356411933898926
7.248438358306885
2.2019691467285156
4.935638904571533
3.610654830932617
5.357250690460205
1.8291921615600586
2.9202144145965576
1.0891716480255127
1.7814574241638184
2.4905216693878174
2.7462873458862305
2.111510753631592
3.617633819580078
5.2101287841796875
4.0225510597229
4.465938568115234
2.3112733364105225
0.8439099788665771
3.520646333694458
3.2071495056152344
3.658452033996582
5.024564266204834
2.344451904296875
5.760748386383057
0.0
3.1812593936920166
4.364528179168701
3.7342848777770996
3.6542012691497803
5.408841609954834
4.388463020324707
3.85770845413208
5.918909549713135
3.258664846420288
2.635430335998535
2.266387462615967
3.6452910900115967
2.106631278991699
6.369483947753906
4.20680570602417
1.972585916519165
3.3987674713134766
3.90735125541687
4.103519916534424
1.1577647924423218
4.934460163116455
4.397165775299072
4.168724060058594
1.9620862007141113
6.542828559875488
2.488355875015259
5.142154216766357
1.879119873046875
3.467573881149292
3.1832587718963623
1.4941719770431519
4.020753383636475
4.379618167877197
5.181614398956299
0.13038025796413422
0.7652389407157898
2.3915226459503174
6.047565460205078
4.124104022979736
5.122077465057373
2.505298376083374
4.710648059844971
5.040093898773193
1.6128424406051636
6.011460304260254
5.251795291900635
3.0774362087249756
2.9982917308807373
3.2333781719207764
2.77925968170166
2.935361623764038
3.7036008834838867
3.5191144943237305
0.49199119210243225
4.583840370178223
1.9186996221542358
3.94429087638855
6.036285400390625
6.37219762802124
3.2088253498077393
4.897487163543701
2.9995882511138916
4.380882263183594
3.730675220489502
3.9647409915924072
4.764729022979736
3.469905138015747
3.1644210815429688
3.227962017059326
2.9100399017333984
4.538846492767334
4.014233112335205
3.452451229095459
3.3238487243652344
6.086159706115723
3.2302560806274414
6.019529819488525
0.2071525603532791
3.8197529315948486
1.8953033685684204
3.024972915649414
4.556327819824219
4.282065391540527
3.220578908920288
1.5473486185073853
4.948132514953613
3.404127359390259
3.948535442352295
2.552363872528076
0.8492980003356934
5.302400588989258
1.0677525997161865
1.9322338104248047
1.6496696472167969
4.361385345458984
4.221548080444336
3.7879278659820557
2.2132346630096436
4.565998554229736
3.237119436264038
0.21263672411441803
5.189783573150635
4.828344345092773
2.3151118755340576
0.8266320824623108
3.182216167449951
2.4239578247070312
4.167707443237305
1.87968909740448
0.9502391219139099
1.7948229312896729
1.4939979314804077
1.3140407800674438
1.7112784385681152
4.179124355316162
1.1276479959487915
4.1196064949035645
4.122940540313721
0.33023586869239807
1.7508563995361328
4.46371603012085
4.295715808868408
2.372283935546875
4.340869903564453
4.662758827209473
8.00929069519043
5.252206325531006
5.4337477684021
3.748408317565918
1.2209068536758423
2.3311617374420166
3.7564053535461426
3.6200833320617676
5.095531940460205
5.584658622741699
2.115534543991089
3.6291797161102295
5.1300435066223145
5.917886734008789
4.290597915649414
2.8243234157562256
4.645195007324219
3.3728790283203125
3.3644418716430664
3.9926490783691406
3.402230978012085
4.502509117126465
3.0930933952331543
2.4620583057403564
6.377168655395508
7.348501682281494
3.621295928955078
1.8396321535110474

AGNA
6.895962238311768
8.572368621826172
5.422662258148193
9.195516586303711
6.372885704040527
5.3559112548828125
5.674349784851074
5.678841590881348
5.9589056968688965
7.024438858032227
7.989041805267334
8.0840425491333
5.740108013153076
8.651853561401367
6.1120285987854
7.6987810134887695
6.6715497970581055
6.643689155578613
2.7619376182556152
7.677392482757568
6.21026611328125
5.876904010772705
7.511127471923828
6.1896867752075195
6.1968865394592285
10.189420700073242
6.341879367828369
6.524184226989746
8.132792472839355
6.051356315612793
7.145317554473877
5.652706623077393
7.879781723022461
7.3707451820373535
6.673774719238281
8.539081573486328
5.936837673187256
5.967353820800781
7.188767910003662
5.8420186042785645
5.02390193939209
5.746303081512451
6.8055806159973145
5.852043151855469
6.481483459472656
6.362520694732666
6.305962085723877
7.593367099761963
6.160714626312256
7.296576023101807
6.311652183532715
8.38684368133545
7.227366924285889
5.9189629554748535
8.494194984436035
7.336534023284912
7.174442768096924
5.3317718505859375
7.416049003601074
6.498058795928955
7.15715217590332
7.149868011474609
5.013704299926758
4.592380523681641
6.394877910614014
5.753020286560059
8.482552528381348
7.033744812011719
7.787353038787842
9.013224601745605
7.418237209320068
9.540677070617676
8.325528144836426
5.535010814666748
6.082553863525391
7.089638710021973
7.149403095245361
7.096164703369141
5.132750034332275
6.875110626220703
5.253546237945557
6.900291442871094
8.419075965881348
6.7523579597473145
10.343426704406738
6.8184332847595215
7.308835983276367
8.374931335449219
8.076119422912598
5.980969429016113
8.339033126831055
6.6788105964660645
3.9984190464019775
8.249540328979492
6.004062652587891
6.275311470031738
5.977139949798584
7.280600547790527
7.565411567687988
6.74901819229126
7.551303863525391
9.442270278930664
7.01838493347168
7.82771635055542
5.313542366027832
6.353548049926758
8.88261604309082
5.459262847900391
6.579067707061768
7.178504467010498
7.2455267906188965
5.395589351654053
7.973570346832275
6.071115016937256
6.058548927307129
3.626779317855835
6.193552017211914
7.243017673492432
6.384117126464844
6.551578044891357
6.455272674560547
5.258674621582031
5.8662919998168945
7.4757914543151855
6.853199005126953
4.901944160461426
8.050146102905273
7.485579967498779
10.217405319213867
7.339168071746826
7.327013969421387
6.811779499053955
7.61279296875
5.909924507141113
9.002222061157227
6.3193559646606445
6.676274299621582
6.102205753326416
7.86281156539917
4.59895658493042
5.969011306762695
7.509475231170654
6.92554235458374
5.631649971008301
6.857338905334473
5.4749345779418945
1000
7.888818740844727
7.1115498542785645
5.469560623168945
5.512355804443359
0.0
6.524023056030273
6.1786017417907715
5.072259902954102
6.647785186767578
7.3669304847717285
7.672734260559082
5.583804607391357
5.1861395835876465
6.703357696533203
7.578829765319824
8.179628372192383
7.385256290435791
6.655308246612549
8.199515342712402
7.275382041931152
6.0134100914001465
6.236838340759277
6.184485912322998
5.698120594024658
6.4732561111450195
8.245574951171875
7.865129470825195
6.91965389251709
4.44570255279541
6.213627338409424
8.508437156677246
5.992618560791016
9.513680458068848
5.9802446365356445
10.529997825622559
6.4159088134765625
8.118157386779785
6.109063625335693
6.463919162750244
9.052192687988281
6.46855354309082
9.61162281036377
5.186379909515381
6.260660648345947
5.8783464431762695
8.702020645141602
5.5060906410217285
7.49042272567749
5.360409259796143
5.920996189117432
6.675401210784912
6.066388130187988
6.053156852722168
7.911576747894287
7.897381782531738
5.718618392944336
5.6700849533081055
5.603425025939941
6.859429836273193
5.890122890472412
7.31961727142334
8.420557022094727
5.889765739440918
6.839580535888672
5.097470283508301
6.981888294219971
7.539600372314453
4.76941442489624
7.790846347808838
8.262899398803711
4.93860387802124
7.311037540435791
6.512211322784424
6.650044918060303
7.753176689147949
7.323250770568848
6.507187366485596
5.138998508453369
6.969879150390625
7.083198547363281
6.4434051513671875
5.7638020515441895
5.470239639282227
6.604752540588379
7.531430244445801
9.386605262756348
7.779684066772461
6.150547981262207
5.671489715576172
6.993379592895508
7.840558052062988
8.113131523132324
5.835184574127197
7.0714826583862305
3.082852840423584
9.349345207214355
7.239633560180664
6.8665771484375
8.488601684570312
8.788566589355469
0.0
8.314618110656738
6.646681785583496
4.372272968292236
5.3168745040893555
6.79805326461792
7.322748184204102
6.562553882598877
5.257124423980713
8.233770370483398
7.4183502197265625
7.156400680541992
5.7417893409729
9.367532730102539
6.591908931732178
7.227545261383057
6.726977825164795
4.879441738128662
6.206378936767578
7.022482395172119
5.995683670043945
9.915287971496582
7.886912822723389
8.458320617675781
7.735411643981934
5.822541236877441
5.601757049560547
6.540900230407715
4.544655799865723
6.1593523025512695
8.197579383850098
7.132485866546631
5.287353992462158
7.789590358734131
6.935949802398682
5.727136135101318
6.591087341308594
6.310664653778076
8.56575870513916
5.351070880889893
7.255716800689697
5.373311996459961
5.163328170776367
8.305598258972168
7.9414825439453125
6.363049030303955
7.099820613861084
7.773139476776123
7.2549662590026855
8.938800811767578
8.802309036254883
7.996145725250244
8.497374534606934
5.7867560386657715
7.34644079208374
5.677380084991455
6.270172595977783
7.211335182189941
8.472716331481934
7.124667644500732
6.194705009460449
6.419820785522461
9.07899284362793
6.098850250244141
9.259390830993652
7.923311710357666
7.963622093200684
5.430937767028809
6.835258960723877
5.675447940826416
6.352392673492432
8.294450759887695
6.790977478027344
3.987715244293213
2.7881622314453125
6.173457622528076
7.802072525024414
5.421997547149658
5.841957092285156
5.658818244934082
8.681915283203125
6.482539176940918
5.92377233505249
6.165653228759766
7.569370269775391
6.090019226074219
6.27877140045166
8.732854843139648
3.6420717239379883
6.146146297454834
4.974205493927002
9.243650436401367
6.706185340881348
2.8732595443725586
6.045360565185547
5.3026509284973145
9.466612815856934
10.188865661621094
5.9041242599487305
7.579273223876953
6.151489734649658
5.619195938110352
6.0008039474487305
6.009633541107178
6.525776386260986
6.310710430145264
7.294330596923828
5.631350517272949
8.569509506225586
8.1771879196167
4.628528118133545
6.162385940551758
3.8818962574005127
6.672476291656494
6.998532772064209
7.0327019691467285
7.7384843826293945
8.05069637298584
8.021212577819824
7.014865875244141
7.005058288574219
5.920492172241211
6.966656684875488
6.542608261108398
7.615039825439453
7.033506393432617
7.5293288230896
9.879935264587402
6.784755706787109
0.0
5.59833288192749
5.525195121765137
6.343743324279785
7.95182991027832
4.037758827209473
7.877939224243164
5.885189056396484
8.323232650756836
5.375411033630371
5.907094478607178
6.64638614654541
5.245117664337158
5.867537498474121
7.932979106903076
9.402329444885254
6.386122703552246
5.278257846832275
6.430181503295898
6.81939172744751
7.9200639724731445
6.464247226715088
6.800015449523926
8.092720031738281
8.425029754638672
8.424205780029297
9.075934410095215
9.856858253479004
7.740625858306885
7.477089881896973
4.907134056091309
8.398883819580078
6.844951152801514
4.9387431144714355
6.396382808685303
6.065801620483398
4.786048412322998
7.581772804260254
5.396137237548828
6.301698684692383
5.692904949188232
5.139076232910156
8.622613906860352
5.719115734100342
5.347410678863525
7.117903232574463
6.349171161651611
7.97540283203125
8.680002212524414
7.48702335357666
6.126900672912598
5.901819705963135
6.399137020111084
10.147275924682617
5.507108688354492
9.16416072845459
5.992088794708252
6.705796718597412
6.2480244636535645
5.896176338195801
9.320499420166016
8.62496280670166
5.523703098297119
5.618112564086914
10.337345123291016
6.990898609161377
8.176015853881836
6.369914531707764
5.09600305557251
0.0
6.107919692993164
0.0
0.0
5.240932941436768
5.779052257537842
7.404844284057617
8.33510684967041
7.2469353675842285
6.523085117340088
5.7112812995910645
5.716289520263672
5.193004608154297
8.643178939819336
7.820606231689453
6.043358325958252
7.932734966278076
6.3308820724487305
8.177599906921387
7.244207382202148
1000
8.974748611450195
8.104519844055176
6.215626239776611
6.135916709899902
7.726184368133545
6.380499362945557
8.126252174377441
4.955332279205322
1000
6.896533966064453
5.489869117736816
9.080211639404297
5.1908111572265625
3.8794000148773193
5.9893479347229
6.651169300079346
7.022846698760986
6.009405136108398
7.099549293518066
7.143231391906738
1000
7.171811103820801
4.913524150848389
4.430698394775391
6.916515350341797
6.612506866455078
6.828762054443359
7.06933069229126
7.317007064819336
3.2408111095428467
6.396994590759277
5.397645473480225
6.319371700286865
5.7309956550598145
10.079665184020996
7.117319107055664
5.329623699188232
8.86057186126709
5.365192413330078
7.477349281311035
5.326825141906738
6.768190383911133
4.636683940887451
6.2937331199646
5.731616497039795
5.101016998291016
8.232344627380371
8.180187225341797
8.148274421691895
6.224920272827148
7.48372745513916
7.27498722076416
7.494470596313477
6.208519458770752
7.118989944458008
4.8509697914123535
5.962303161621094
5.495355606079102
8.192590713500977
9.21299934387207
7.365379810333252
9.501317024230957
8.197951316833496
6.160155773162842
5.656412601470947
6.895981311798096
6.1374430656433105
7.513827323913574
6.114037990570068
6.850907325744629
7.033574104309082
5.511441707611084
7.148162364959717
7.925274848937988
5.840409755706787
7.282763481140137
6.602038860321045
7.136748313903809
7.899388790130615
6.319447040557861
8.651363372802734
7.880867004394531
8.459977149963379
8.844890594482422
5.650454044342041
3.6532063484191895
7.155612468719482
1000
7.325395584106445
6.90221643447876
7.377409934997559
6.673223495483398
6.373424530029297
6.843359470367432
6.478378772735596
6.9489264488220215
5.988711357116699
9.469745635986328
8.145074844360352
6.0456390380859375
5.073112964630127
6.356359481811523
7.102753162384033
6.8278350830078125
6.754871845245361
6.05458927154541
9.24526596069336
9.0308256149292
7.114528179168701
6.7036452293396
8.22694206237793
6.5129714012146
4.187356472015381
5.530306816101074
7.786319255828857
7.782140254974365
0.0
5.228640556335449
5.591429710388184
7.03750467300415
7.958860874176025
6.544869899749756
8.49689769744873
5.868408203125
7.9493865966796875
4.678658485412598
9.212929725646973
5.190809726715088
5.840965747833252
8.97576904296875
1000
7.92024564743042
6.118566989898682
5.834008693695068
6.7538533210754395
7.3041582107543945
8.322376251220703
10.54152774810791
6.745266914367676
5.628343105316162
9.790855407714844
7.674752712249756
8.766289710998535
7.515741348266602
6.380038738250732
7.841812610626221
7.711871147155762
3.8509273529052734
6.514812469482422
5.535886764526367
5.991729736328125
6.069205284118652
6.887994766235352
3.59309983253479
7.237329959869385
9.620314598083496
7.61330509185791
6.778502464294434
7.545888423919678
4.619205474853516
6.484132766723633
6.391666889190674
6.467006206512451
8.167245864868164
6.1932692527771
1000
7.824094295501709
7.776447296142578
7.0844011306762695
7.484984874725342
7.735774040222168
7.146730899810791
7.159399032592773
5.672195911407471
6.33864688873291
8.864919662475586
7.950701713562012
8.610857963562012
7.761226177215576
4.35958194732666
4.879403114318848
5.635096549987793
8.860129356384277
6.0265302658081055
5.718331336975098
7.946142673492432
5.713255882263184
8.063671112060547
7.78397798538208
8.489411354064941
8.71912956237793
8.054903030395508
6.889071941375732
4.519723892211914
7.804312705993652
7.112786293029785
6.1098856925964355
6.459568500518799
8.960286140441895
8.763184547424316
5.505899429321289
4.746491432189941
7.065108299255371
6.868289470672607
6.407089710235596
7.408836841583252
4.992278099060059
7.277282238006592
3.7100887298583984
6.117369174957275
6.171304225921631
8.583841323852539
7.030262470245361
6.344720363616943
7.064352512359619
6.763115882873535
5.475719451904297
7.303045272827148
4.950123310089111
7.176665306091309
7.666965484619141
7.442992687225342
5.189227104187012
4.193610191345215
6.699087142944336
9.769798278808594
6.9147138595581055
7.750556945800781
5.482142448425293
5.497913837432861
5.558633804321289
7.670435905456543
4.744298458099365
7.481800079345703
6.178218364715576
9.144113540649414
5.896215438842773
7.015072345733643
6.51865816116333
6.733543395996094
6.527246952056885
5.6767659187316895
6.478765487670898
8.774742126464844
7.871036052703857
7.749526500701904
7.185634613037109
8.125893592834473
9.771565437316895
8.1461820602417
3.0131759643554688
6.368936538696289
8.67880916595459
7.534151077270508
4.006559371948242
8.473949432373047
7.547961235046387
6.297243595123291
6.458743572235107
5.807920932769775
3.7660317420959473
6.882315635681152
6.7067551612854
6.966008186340332
6.965270042419434
8.823051452636719
7.5816240310668945
6.382874011993408
7.661051273345947
6.05390739440918
6.965237617492676
7.473082065582275
6.400603294372559
6.7169599533081055
0.0
6.275731086730957
9.081138610839844
5.667992115020752
10.041999816894531
5.7285237312316895
6.169624328613281
6.2545390129089355
6.244396686553955
5.580020904541016
7.809369087219238
8.549686431884766
7.020703315734863
8.266469955444336
4.840118408203125
6.110179901123047
6.192142963409424
6.658578872680664
6.828112602233887
5.786383152008057
2.96766996383667
6.097833156585693
6.716506004333496
7.590235233306885
7.962882041931152
6.7382097244262695
6.649408340454102
5.062079906463623
5.845724105834961
6.0348286628723145
6.808148384094238
4.626712799072266
5.537940502166748
6.461379528045654
3.481055974960327
8.219382286071777
6.9910173416137695
6.414250373840332
6.397243022918701
7.285699367523193
7.294144630432129
7.932690620422363
8.423030853271484
5.82142972946167
7.1907267570495605
8.102158546447754
5.285243511199951
1000
6.252975940704346
6.163053035736084
6.377836227416992
6.113490104675293
9.490768432617188
1000
8.608222961425781
6.417558670043945
8.70607852935791
5.963148593902588
6.196889400482178
8.626161575317383
8.215493202209473
7.957963943481445
7.066884994506836
7.269382953643799
7.819066047668457
1000
1000
7.9750261306762695
8.039451599121094
5.731811046600342
7.395895004272461
8.114768981933594
7.263950824737549
3.4293696880340576
6.0022358894348145
8.737122535705566
8.132688522338867
6.539583206176758
5.317901134490967
8.939791679382324
6.77048397064209
8.363612174987793
7.551819324493408
7.418859004974365
5.966464519500732
6.782465934753418
5.999571323394775
5.426567554473877
7.102871894836426
4.10695219039917
8.101577758789062
5.712092399597168
7.313994407653809
6.353543758392334
5.305850505828857
5.063459396362305
5.486431121826172
7.691205978393555
7.077230930328369
4.27228307723999
6.036608695983887
7.539398193359375
5.692047119140625
6.708882808685303
8.440646171569824
8.679861068725586
0.0
8.345765113830566
5.311614990234375
7.27733850479126
5.821888446807861
7.869044780731201
5.912620544433594
6.411490440368652
7.966135501861572
7.392674446105957
6.831334590911865
6.5384602546691895
7.617353916168213
6.236284255981445
8.088427543640137
6.906980514526367
6.324413299560547
7.858107566833496
1000
7.566812515258789
5.828793048858643
7.598887920379639
7.102740287780762
6.7589311599731445
4.963135719299316
8.497139930725098
1000
8.02678394317627
5.7054057121276855
8.732441902160645
1000
9.925145149230957
9.852181434631348
9.536201477050781
6.179580211639404
2.913004159927368
4.818923473358154
5.714527130126953
7.937829494476318
6.027812480926514
7.868072986602783
6.414754867553711
6.230876922607422
6.137408256530762
6.419529438018799
8.082919120788574
7.4671854972839355
6.735905170440674
6.089940071105957
7.453948020935059
6.6242570877075195
7.078614711761475
6.213290214538574
1000
3.594404935836792
7.278538703918457
5.0655717849731445
6.489593505859375
6.634006500244141
7.996313095092773
6.921234130859375
4.744142055511475
7.322193622589111
6.92832088470459
7.0216851234436035
6.5893683433532715
8.88145637512207
6.3519511222839355
9.339642524719238
7.562978744506836
6.457684516906738
6.8698344230651855
5.5088419914245605
6.720694065093994
5.018179416656494
9.261980056762695
7.785384654998779
9.494340896606445
3.108297348022461
9.044578552246094
5.879761219024658
8.374761581420898
4.872771263122559
5.232936382293701
6.46700382232666
6.04828405380249
7.94480562210083
7.634031295776367
7.628352642059326
5.421863079071045
4.832479953765869
7.648791313171387
5.107085704803467
7.058882236480713
5.430234432220459
6.418260097503662
6.799209117889404
5.847950458526611
6.052560329437256
8.514429092407227
4.950197219848633
3.1860389709472656
5.510051250457764
6.222185134887695
5.132140636444092
4.423186302185059
7.841292381286621
6.573497772216797
6.439325332641602
5.990771770477295
4.161923408508301
7.057936191558838
6.844498157501221
4.972958087921143
6.123623847961426
8.963469505310059
5.666205406188965
4.753009796142578
5.183831214904785
2.826801300048828
5.7011308670043945
5.301455020904541
6.265929222106934
5.98740291595459
6.619016170501709
6.987231254577637
9.481169700622559
8.744196891784668
8.273414611816406
8.905501365661621
6.058263778686523
5.009466171264648
6.6687541007995605
5.690402984619141
8.729368209838867
7.701911926269531
7.07051944732666
7.777925491333008
5.842682361602783
8.74952507019043
6.478569030761719
6.276702404022217
5.765530586242676
6.879586696624756
7.934499263763428
8.850838661193848
5.152973175048828
7.600569725036621
5.504729747772217
7.9486403465271
8.660727500915527
9.756380081176758
1000
5.96825647354126

BA
1000
1000
1000
1000
1000
1000
1000
1000
1000
1000
1000
1000
1000
1000
1000
1000
1000
1000
1000
1000
1000
1000
1000
1000
1000
1000
1000
1000
1000
1000
1000
1000
1000
1000
1000
1000
1000
1000
1000
1000
1000
1000
1000
1000
1000
1000
1000
1000
1000
1000
1000
1000
1000
1000
1000
1000
1000
1000
1000
1000
1000
1000
1000
1000
1000
1000
1000
1000
1000
1000
1000
1000
1000
1000
1000
1000
1000
1000
1000
1000
1000
1000
1000
1000
1000
1000
1000
1000
1000
1000
1000
1000
1000
1000
1000
1000
1000
1000
1000
1000
1000
1000
1000
1000
1000
1000
1000
1000
1000
1000
1000
1000
1000
1000
1000
1000
1000
1000
1000
1000
1000
1000
1000
1000
1000
1000
1000
1000
1000
1000
1000
1000
1000
1000
1000
1000
1000
1000
1000
1000
1000
1000
1000
1000
1000
1000
1000
1000
1000
1000
1000
1000
1000
1000
1000
1000
1000
1000
1000
1000
1000
1000
1000
1000
1000
1000
1000
1000
1000
1000
1000
1000
1000
1000
1000
1000
1000
1000
1000
1000
1000
1000
1000
1000
1000
1000
1000
1000
1000
1000
1000
1000
1000
1000
1000
1000
1000
1000
1000
1000
1000
1000
1000
1000
1000
1000
1000
1000
1000
1000
1000
1000
1000
1000
1000
1000
1000
1000
1000
1000
1000
1000
1000
1000
1000
1000
1000
1000
1000
1000
1000
1000
1000
1000
1000
1000
1000
1000
1000
1000
1000
1000
1000
1000
1000
1000
1000
1000
1000
1000
1000
1000
1000
1000
1000
1000
1000
1000
1000
1000
1000
1000
1000
1000
1000
1000
1000
1000
1000
1000
1000
1000
1000
1000
1000
1000
1000
1000
1000
1000
1000
1000
1000
1000
1000
1000
1000
1000
1000
1000
1000
1000
1000
1000
1000
1000
1000
1000
1000
1000
1000
1000
1000
1000
1000
1000
1000
1000
1000
1000
1000
1000
1000
1000
1000
1000
1000
1000
1000
1000
1000
1000
1000
1000
1000
1000
1000
1000
1000
1000
1000
1000
1000
1000
1000
1000
1000
1000
1000
1000
1000
1000
1000
1000
1000
1000
1000
1000
1000
1000
1000
1000
1000
1000
1000
1000
1000
1000
1000
1000
1000
1000
1000
1000
1000
1000
1000
1000
1000
1000
1000
1000
1000
1000
1000
1000
1000
1000
1000
1000
1000
1000
1000
1000
1000
1000
1000
1000
1000
1000
1000
1000
1000
1000
1000
1000
1000
1000
1000
1000
1000
1000
1000
1000
1000
1000
1000
1000
1000
1000
1000
1000
1000
1000
1000
1000
1000
1000
1000
1000
1000
1000
1000
1000
1000
1000
1000
1000
1000
1000
1000
1000
1000
1000
1000
1000
1000
1000
1000
1000
1000
1000
1000
1000
1000
1000
1000
1000
1000
1000
1000
1000
1000
1000
1000
1000
1000
1000
1000
1000
1000
1000
1000
1000
1000
1000
1000
1000
1000
1000
1000
1000
1000
1000
1000
1000
1000
1000
1000
1000
1000
1000
1000
1000
1000
1000
1000
1000
1000
1000
1000
1000
1000
1000
1000
1000
1000
1000
1000
1000
1000
1000
1000
1000
1000
1000
1000
1000
1000
1000
1000
1000
1000
1000
1000
1000
1000
1000
1000
1000
1000
1000
1000
1000
1000
1000
1000
1000
1000
1000
1000
1000
1000
1000
1000
1000
1000
1000
1000
1000
1000
1000
1000
1000
1000
1000
1000
1000
1000
1000
1000
1000
1000
1000
1000
1000
1000
1000
1000
1000
1000
1000
1000
1000
1000
1000
1000
1000
1000
1000
1000
1000
1000
1000
1000
1000
1000
1000
1000
1000
1000
1000
1000
1000
1000
1000
1000
1000
1000
1000
1000
1000
1000
1000
1000
1000
1000
1000
1000
1000
1000
1000
1000
1000
1000
1000
1000
1000
1000
1000
1000
1000
1000
1000
1000
1000
1000
1000
1000
1000
1000
1000
1000
1000
1000
1000
1000
1000
1000
1000
1000
1000
1000
1000
1000
1000
1000
1000
1000
1000
1000
1000
1000
1000
1000
1000
1000
1000
1000
1000
1000
1000
1000
1000
1000
1000
1000
1000
1000
1000
1000
1000
1000
1000
1000
1000
1000
1000
1000
1000
1000
1000
1000
1000
1000
1000
1000
1000
1000
1000
1000
1000
1000
1000
1000
1000
1000
1000
1000
1000
1000
1000
1000
1000
1000
1000
1000
1000
1000
1000
1000
1000
1000
1000
1000
1000
1000
1000
1000
1000
1000
1000
1000
1000
1000
1000
1000
1000
1000
1000
1000
1000
1000
1000
1000
1000
1000
1000
1000
1000
1000
1000
1000
1000
1000
1000
1000
1000
1000
1000
1000
1000
1000
1000
1000
1000
1000
1000
1000
1000
1000
1000
1000
1000
1000
1000
1000
1000
1000
1000
1000
1000
1000
1000
1000
1000
1000
1000
1000
1000
1000
1000
1000
1000
1000
1000
1000
1000
1000
1000
1000
1000
1000
1000
1000
1000
1000
1000
1000
1000
1000
1000
1000
1000
1000
1000
1000
1000
1000
1000
1000
1000
1000
1000
1000
1000
1000
1000
1000
1000
1000
1000
1000
1000
1000
1000
1000
1000
1000
1000
1000
1000
1000
1000
1000
1000
1000
1000
1000
1000
1000
1000
1000
1000
1000
1000
1000
1000
1000
1000
1000
1000
1000
1000
1000
1000
1000
1000
1000
1000
1000
1000
1000
1000
1000
1000
1000
1000
1000
1000
1000
1000
1000
1000
1000
1000
1000
1000
1000
1000
1000
1000
1000
1000
1000
1000
1000
1000
1000
1000
1000
1000
1000
1000
1000
1000
1000
1000
1000
1000
1000
1000
1000
1000
1000
1000
1000
1000
1000
1000
1000
1000
1000
1000
1000
1000
1000
1000
1000
1000
1000
1000
1000
1000
1000
1000
1000
1000
1000
1000
1000
1000
1000
1000
1000
1000
1000
1000
1000
1000
1000
1000
1000
1000
1000
1000
1000
1000
1000
1000
1000
1000
1000
1000
1000
1000
1000
1000
1000
1000
1000
1000
1000
1000
1000
1000
1000
1000
1000
1000
1000
1000
1000
1000
1000
1000
1000
1000
1000
1000
1000
1000
1000
1000
1000
1000
1000
1000
1000
1000
1000
1000
1000
1000
1000
1000
1000
1000
1000
1000
1000
1000
1000
1000
1000
1000
1000
1000
1000
1000

DeepFool
5.365264892578125
5.040381908416748
4.84558629989624
4.9436469078063965
3.4778618812561035
5.389898300170898
3.033236503601074
4.41133451461792
2.995845079421997
3.4112956523895264
5.964450836181641
5.354390621185303
3.3849334716796875
6.537509441375732
4.6664252281188965
3.136141300201416
5.535747528076172
5.829692840576172
0.24793121218681335
3.5123064517974854
1.9613322019577026
3.2538716793060303
4.691751956939697
4.094954967498779
2.2051374912261963
6.525151252746582
4.234060764312744
3.688718318939209
4.711775302886963
4.050372123718262
3.702869415283203
3.835456371307373
4.56463623046875
3.1202564239501953
5.043049335479736
5.741580486297607
3.704434394836426
5.480306625366211
4.290628433227539
4.475927829742432
4.042583465576172
2.9761245250701904
5.037781238555908
3.2080652713775635
3.610546827316284
2.6935713291168213
4.9963154792785645
4.8091044425964355
2.6497998237609863
4.870052814483643
3.2646806240081787
4.130139350891113
6.015199184417725
4.251260757446289
6.672832489013672
4.104456424713135
5.660168170928955
4.8325700759887695
4.798595428466797
3.2322633266448975
5.0554938316345215
2.8953776359558105
1.6224192380905151
1.7710847854614258
4.417809963226318
1.795694351196289
4.09807825088501
3.9785945415496826
4.430287837982178
6.27518892288208
5.978336334228516
6.927560806274414
5.478126049041748
1.8312584161758423
5.210450172424316
5.247702598571777
4.730602264404297
4.442672252655029
2.2054970264434814
4.7884063720703125
2.0761141777038574
4.27493143081665
7.440723896026611
2.805516481399536
4.767049789428711
5.8263139724731445
4.796202659606934
3.7688984870910645
5.5096330642700195
3.7614376544952393
3.6589276790618896
5.806309700012207
0.716316819190979
3.537083148956299
4.405187606811523
1.676261305809021
3.729368209838867
3.5284924507141113
4.7609453201293945
4.8463311195373535
4.440543174743652
6.48447847366333
4.038690090179443
5.450427532196045
2.470242500305176
3.858092784881592
5.636913776397705
3.859494924545288
5.087050437927246
4.3640289306640625
3.433917760848999
2.526010513305664
4.029031276702881
4.133325099945068
3.908644437789917
0.842008650302887
2.735358715057373
5.178450107574463
3.362490653991699
2.3491125106811523
2.7074623107910156
2.9471616744995117
4.814080715179443
6.395925045013428
3.5666027069091797
2.1541898250579834
4.416887283325195
5.201741695404053
4.670645713806152
4.389803409576416
4.6728010177612305
5.614750862121582
4.494883060455322
2.760010242462158
6.013927459716797
4.808401584625244
5.797850608825684
4.038758754730225
5.520576477050781
2.7290284633636475
4.706139087677002
5.692133903503418
4.410871982574463
5.233872890472412
3.4190738201141357
4.918735980987549
5.659435272216797
5.769222736358643
5.053281307220459
2.462083578109741
3.921570301055908
0.0
3.199669361114502
3.0236763954162598
4.9629740715026855
4.97151517868042
5.821815013885498
5.528804779052734
2.0607454776763916
2.6252634525299072
2.94047212600708
5.890185356140137
6.349112033843994
4.9714531898498535
3.2985498905181885
4.086548805236816
4.03704833984375
2.6903789043426514
4.2574849128723145
3.182417392730713
2.5908985137939453
5.2559285163879395
4.984180927276611
3.310089349746704
4.9891886711120605
1.4572181701660156
4.441643714904785
3.564589738845825
5.31079626083374
3.05441951751709
5.519301414489746
4.972644329071045
3.427454948425293
6.628289699554443
2.1057705879211426
2.5526673793792725
4.653358459472656
2.96012806892395
5.348733901977539
3.5544357299804688
3.038992166519165
4.347900390625
5.625361442565918
2.505056858062744
4.816673755645752
3.1598682403564453
4.912903308868408
5.058991432189941
2.502868413925171
2.0271189212799072
3.63090443611145
5.225381851196289
4.966995716094971
4.6501007080078125
4.284345626831055
4.631926536560059
3.4697232246398926
2.435896873474121
6.156879901885986
3.764117479324341
4.279991149902344
2.0977237224578857
5.322757720947266
3.156076431274414
2.7721681594848633
4.442420482635498
5.698154926300049
1.6783109903335571
3.47978138923645
3.9644222259521484
3.037777900695801
4.3495683670043945
4.621468544006348
5.699517250061035
4.337439060211182
3.9385299682617188
4.319388389587402
3.776980400085449
4.548986434936523
3.998875141143799
2.5470547676086426
3.5060486793518066
2.9281885623931885
2.6909637451171875
3.6895060539245605
3.854241371154785
6.182526588439941
5.300045490264893
3.8845958709716797
4.921257019042969
3.8580422401428223
0.5572906732559204
3.4427850246429443
4.619095325469971
3.2415788173675537
3.49820613861084
6.85844612121582
0.0
4.87579870223999
4.039732456207275
0.6915155649185181
4.368888854980469
6.109829902648926
4.035421371459961
4.644018173217773
3.3435001373291016
5.015224933624268
2.502377510070801
5.555743217468262
1.9673433303833008
4.194043159484863
3.9105186462402344
5.602581024169922
5.666674613952637
2.2344303131103516
4.748901844024658
1.561150074005127
5.593415260314941
2.8651366233825684
4.540031433105469
4.002082824707031
4.611797332763672
4.651011943817139
3.205536127090454
2.635558843612671
2.07961106300354
5.891843318939209
3.5355403423309326
4.237118244171143
5.300600528717041
5.224438667297363
3.6952531337738037
3.225273847579956
4.411420822143555
5.052409648895264
6.024945259094238
4.469663143157959
5.007111072540283
4.177463531494141
2.4138431549072266
2.694276809692383
4.8261399269104
4.346278667449951
5.148183822631836
5.053688049316406
3.715806484222412
6.959021091461182
4.707738399505615
4.616227626800537
3.9835751056671143
3.436040163040161
5.315933704376221
5.216887474060059
3.723350763320923
3.151003360748291
6.340391635894775
5.421619415283203
4.1576247215271
3.7380340099334717
4.489792346954346
2.758695363998413
6.817941188812256
5.109640121459961
4.457964897155762
4.134368419647217
3.8727025985717773
3.6331822872161865
3.5427446365356445
4.047610282897949
3.5168073177337646
0.688492476940155
0.04791165515780449
5.12768030166626
4.7295708656311035
2.82973575592041
3.0531439781188965
2.69433331489563
5.689422130584717
4.4293107986450195
4.405845642089844
4.179493427276611
4.619906902313232
5.409415245056152
3.3715896606445312
4.871840000152588
0.8397043943405151
4.658629894256592
3.610156536102295
3.242093801498413
4.553089618682861
0.061796482652425766
3.2075092792510986
4.0903825759887695
3.0895845890045166
3.8617923259735107
4.919037342071533
4.208305358886719
1.8741458654403687
3.6500182151794434
2.4308972358703613
4.287692546844482
3.824525833129883
2.4841220378875732
3.3552591800689697
4.343257904052734
4.512988567352295
5.123136043548584
4.152007102966309
2.229046106338501
0.8848670125007629
5.409628391265869
5.135858535766602
3.5657222270965576
3.6178507804870605
4.415862083435059
5.742338180541992
3.589526414871216
3.9469966888427734
4.249096393585205
2.977055311203003
3.9477057456970215
7.055991172790527
4.072881698608398
3.3824145793914795
4.618500232696533
5.263202667236328
0.0
4.850075721740723
4.6375555992126465
3.878140449523926
6.504673957824707
0.772712767124176
3.93845796585083
4.5391926765441895
7.297458171844482
4.672648906707764
2.8200693130493164
3.743124008178711
4.948920726776123
2.315243721008301
4.310553550720215
2.940075159072876
4.115602970123291
4.1526288986206055
2.6264681816101074
3.7902801036834717
5.995599269866943
3.2552318572998047
4.006427764892578
3.1667425632476807
3.4429824352264404
3.6855673789978027
4.267229080200195
3.404989004135132
3.2904052734375
3.565138816833496
0.8323739171028137
5.255249977111816
4.101129055023193
3.2211620807647705
5.731613636016846
2.478574514389038
1.2393051385879517
5.221283435821533
4.197632312774658
3.6100504398345947
4.7111334800720215
1.6736332178115845
5.416901111602783
5.4151835441589355
1.9228527545928955
3.7052252292633057
2.800854206085205
5.6654229164123535
5.5761847496032715
4.91789436340332
3.4177067279815674
5.164797782897949
3.2015583515167236
4.627368927001953
5.091845512390137
2.793647289276123
3.2052927017211914
4.728967189788818
3.5352447032928467
2.1586077213287354
3.9483141899108887
4.306219100952148
4.1086320877075195
3.730374813079834
5.520151138305664
4.924592971801758
4.8477582931518555
3.6001780033111572
0.9521416425704956
0.0
4.66611385345459
0.0
0.0
3.377187728881836
2.0863749980926514
3.7854061126708984
3.8103787899017334
4.743570327758789
4.654112339019775
5.27872896194458
2.972269058227539
2.39740252494812
6.250740051269531
5.683596611022949
1.9543468952178955
5.671111106872559
3.5630502700805664
6.044347763061523
1.9766470193862915
4.337180137634277
3.8280932903289795
4.049707412719727
3.316249132156372
2.6120543479919434
4.285738468170166
1.0200923681259155
5.005537033081055
4.046077728271484
4.577296257019043
4.902774333953857
5.256464958190918
5.5987548828125
2.6260197162628174
1.4526162147521973
4.53669548034668
3.524181842803955
6.553689479827881
4.657301902770996
3.0374956130981445
4.582208633422852
5.069948196411133
4.258137226104736
2.926685333251953
3.99729061126709
3.73039174079895
3.3106000423431396
3.371211051940918
4.6007513999938965
5.907597541809082
0.2927701771259308
4.319110870361328
1.1929829120635986
3.4955921173095703
3.7344956398010254
5.899441242218018
5.286155700683594
2.7343857288360596
7.39022970199585
4.764890193939209
2.666623830795288
5.013366222381592
2.5867645740509033
2.691991090774536
3.66141414642334
3.1425623893737793
1.5149145126342773
4.488983154296875
5.248573303222656
5.3461432456970215
1.8340617418289185
4.733755111694336
4.013623237609863
4.896008491516113
2.3077306747436523
3.987074613571167
3.568678855895996
3.4062957763671875
3.335721015930176
5.197869777679443
6.500365734100342
2.5105154514312744
3.493473529815674
4.137333393096924
5.582340240478516
2.324396848678589
2.793121814727783
2.0714073181152344
5.742738246917725
5.333986759185791
5.7724151611328125
4.948393821716309
3.7929916381835938
3.9782350063323975
4.487982273101807
3.662283182144165
4.1307268142700195
1.567016363143921
2.9728615283966064
5.350544452667236
4.180384635925293
6.284176349639893
3.432037830352783
3.684429883956909
3.9451091289520264
1.3190381526947021
0.7515532374382019
2.7542710304260254
5.051610469818115
4.528304576873779
3.8425166606903076
4.829955101013184
3.3180625438690186
4.1376543045043945
3.88702130317688
2.7651004791259766
4.977716445922852
4.13649320602417
4.39634895324707
5.707921028137207
1.6011945009231567
3.5288751125335693
4.255016803741455
4.996310710906982
4.181459426879883
3.8027892112731934
1.2236791849136353
4.0656208992004395
5.065209865570068
5.0561604499816895
4.682919025421143
4.53228759765625
3.9703216552734375
0.6067129373550415
2.9911484718322754
2.900984287261963
4.880133152008057
0.0
0.8750233054161072
4.1187052726745605
5.322938919067383
5.203573226928711
3.521634340286255
3.474412679672241
3.5987133979797363
3.7161519527435303
0.730760931968689
5.349708080291748
2.7331326007843018
5.3212995529174805
4.5825371742248535
3.3286805152893066
5.891617774963379
3.554678440093994
5.2444305419921875
5.269626617431641
3.747779130935669
5.24521017074585
2.810821294784546
3.663512706756592
2.145305871963501
2.3252954483032227
4.824808597564697
6.308870315551758
4.8015899658203125
2.627882480621338
4.569796562194824
4.82061243057251
0.8557458519935608
3.2823851108551025
4.363013744354248
3.3916358947753906
3.164632797241211
3.1859748363494873
1.6259804964065552
4.674445629119873
4.088592529296875
3.9443323612213135
5.326532363891602
3.5925042629241943
1.1853920221328735
5.567913055419922
4.120413780212402
1.0358705520629883
4.29804801940918
4.169932842254639
5.039664268493652
4.983216285705566
5.513248920440674
6.062982082366943
3.7578861713409424
6.388356685638428
4.043331623077393
4.240568161010742
3.4658002853393555
3.5814626216888428
3.889608860015869
5.174079895019531
5.122359752655029
4.9221296310424805
1.9838037490844727
1.9248710870742798
4.843312740325928
3.9200353622436523
3.676245927810669
4.081032752990723
4.893535137176514
3.7351040840148926
4.885822772979736
3.43447208404541
3.0840277671813965
6.439001083374023
3.502653121948242
4.524667263031006
0.42928653955459595
4.0898919105529785
4.04073429107666
4.268006801605225
5.037606716156006
4.143078804016113
6.344890117645264
2.5034878253936768
2.2987358570098877
3.8742477893829346
3.680535316467285
4.100622177124023
3.452195644378662
5.170907020568848
4.597418308258057
0.6667600274085999
4.985897541046143
4.6837897300720215
4.854413032531738
5.142035961151123
4.443187236785889
6.139292240142822
5.715353488922119
4.858858108520508
3.6968226432800293
2.352431535720825
3.3137564659118652
4.066459655761719
4.188361644744873
2.517188787460327
0.8707028031349182
4.970258712768555
1.6273705959320068
3.4743573665618896
4.420145034790039
1.9785960912704468
5.31400203704834
3.334779739379883
3.5276458263397217
2.017035961151123
2.7793123722076416
5.194836616516113
4.802621364593506
3.9554266929626465
3.840106248855591
5.6925740242004395
4.448757171630859
4.77089786529541
1.48763906955719
3.917175054550171
5.3633341789245605
3.5029513835906982
4.482246398925781
3.9601309299468994
5.217265605926514
3.6390066146850586
5.220931529998779
0.5496494770050049
3.795300006866455
4.544283866882324
5.8241801261901855
0.8951573371887207
5.982354640960693
4.833793640136719
3.1461119651794434
5.607008457183838
4.9419732093811035
0.7440025806427002
2.498087167739868
3.276528835296631
4.026423454284668
3.314706802368164
6.9430623054504395
5.938088893890381
3.8186914920806885
4.131622791290283
4.48692512512207
4.159461975097656
4.12968111038208
3.651726484298706
2.7625622749328613
0.0
4.689126014709473
6.6917338371276855
4.904119491577148
5.391990661621094
4.513908386230469
3.1116628646850586
5.180454730987549
3.3997814655303955
4.98866081237793
6.464987277984619
3.3834524154663086
3.1575067043304443
4.119448661804199
5.044876575469971
4.893558502197266
4.425617694854736
2.9016926288604736
3.454244613647461
2.403653144836426
2.3755502700805664
4.847609996795654
3.164719581604004
5.7651143074035645
5.429412364959717
5.390117645263672
2.6495168209075928
4.35722541809082
5.51491117477417
3.6003711223602295
4.027440071105957
1.672155499458313
4.769134998321533
4.609533786773682
0.42066752910614014
3.653456926345825
3.3317246437072754
3.765951633453369
5.200420379638672
4.4080963134765625
3.32110333442688
2.846142530441284
4.576022624969482
4.766123294830322
4.923541069030762
2.1048154830932617
3.1075711250305176
4.022611618041992
4.863402366638184
2.4469618797302246
3.4305267333984375
2.0813491344451904
7.135962009429932
4.23884391784668
6.924243927001953
2.163304090499878
6.998171329498291
2.8062052726745605
4.942895889282227
6.523524761199951
3.2123711109161377
4.1300506591796875
5.2445549964904785
5.437726020812988
5.124979496002197
5.796055793762207
4.285471439361572
4.245022296905518
3.9000818729400635
4.998039722442627
4.040277004241943
4.208305358886719
4.845244407653809
0.8528913855552673
5.503333568572998
3.9414398670196533
3.7175769805908203
3.5687642097473145
4.569399356842041
6.707294464111328
4.549107551574707
5.290627956390381
6.459251403808594
2.3386335372924805
5.198269844055176
4.186497688293457
5.582259178161621
3.009053945541382
3.9900765419006348
1.2558412551879883
2.215761423110962
2.8714756965637207
4.070194721221924
2.3590824604034424
3.447269916534424
4.816908359527588
5.0683913230896
4.676262855529785
3.107239246368408
0.9576571583747864
3.935164451599121
4.1802873611450195
3.514620780944824
5.03394079208374
2.966804027557373
5.610002517700195
0.0
3.651707649230957
4.392479419708252
4.046835422515869
4.310634613037109
6.107837200164795
4.611757278442383
4.339346885681152
5.342191219329834
3.9367165565490723
3.1152071952819824
2.6888856887817383
3.9845244884490967
2.4646379947662354
7.050935745239258
3.9298951625823975
3.521071434020996
4.15031099319458
3.77445387840271
4.727535247802734
1.286730408668518
5.116458892822266
4.574629783630371
4.302294731140137
2.627204656600952
7.013007640838623
3.1655282974243164
6.1076436042785645
3.0344011783599854
4.9585700035095215
4.39848518371582
2.0370097160339355
3.8426589965820312
4.663911819458008
5.35866117477417
0.137652188539505
0.9536876678466797
2.6448814868927
5.355277061462402
4.847378730773926
4.625924110412598
3.3141376972198486
5.4273362159729
5.083221435546875
2.1104183197021484
5.910750865936279
5.920380115509033
5.035810947418213
3.1866958141326904
4.562249183654785
3.1009092330932617
3.9214887619018555
4.133981704711914
3.9425318241119385
0.5395985841751099
5.4594502449035645
2.095496416091919
4.351589679718018
5.870555877685547
6.025170803070068
3.8942954540252686
4.781643867492676
4.775015830993652
4.292508602142334
4.318419456481934
5.282687187194824
5.216757774353027
4.644321441650391
4.515429973602295
3.597135066986084
3.5569841861724854
5.161350727081299
3.8874711990356445
4.180006504058838
4.399081230163574
6.912440776824951
4.165472507476807
6.452267169952393
0.21401752531528473
4.365896701812744
2.1280453205108643
4.239016532897949
4.4256134033203125
5.002383708953857
3.3994176387786865
2.121490955352783
5.650428771972656
3.467942237854004
4.102227210998535
2.950371026992798
0.9990813136100769
6.45527982711792
1.2018567323684692
2.718914747238159
1.9441742897033691
4.808921813964844
5.295684337615967
4.27775764465332
2.494554281234741
5.449335098266602
3.7595701217651367
0.2266378104686737
4.660917282104492
5.1769537925720215
2.5951552391052246
0.9875437021255493
4.141079902648926
3.661825180053711
5.211522102355957
2.563870429992676
1.5997182130813599
2.1730270385742188
2.016165018081665
1.5884743928909302
2.483112335205078
6.1375226974487305
1.708150863647461
4.011950492858887
4.509821891784668
0.3748951554298401
3.0611860752105713
5.146379470825195
4.801820755004883
2.9091293811798096
4.581883907318115
4.894317626953125
7.5309157371521
6.1241655349731445
6.043451309204102
3.553792953491211
2.0414836406707764
2.911595582962036
3.9919538497924805
4.320550918579102
6.279605865478516
5.646951675415039
2.4411258697509766
5.256972789764404
4.691686153411865
4.970208644866943
4.643417835235596
3.111314058303833
4.5949225425720215
3.659362316131592
4.344102382659912
4.744182586669922
3.1187474727630615
5.21784782409668
3.4108848571777344
2.805262327194214
5.968146800994873
5.388467788696289
3.7974693775177
2.1756210327148438

PAL2
2.9722325801849365
3.3910675048828125
1.5263346433639526
3.3845770359039307
1.1822800636291504
1.5043431520462036
1.8660392761230469
2.0703604221343994
1.6472896337509155
2.9209282398223877
3.5274620056152344
4.122446060180664
1.8337904214859009
3.2152676582336426
2.327864646911621
2.349043607711792
3.079223394393921
3.051241636276245
0.5560970306396484
1.8105740547180176
1.8525514602661133
2.1084439754486084
3.7136833667755127
2.110093355178833
1.5334566831588745
4.71718168258667
1.8102658987045288
2.681077003479004
3.654282808303833
2.132591485977173
2.952178716659546
1.8949079513549805
2.8151872158050537
2.4022295475006104
2.902777671813965
3.2947328090667725
2.7332589626312256
2.3162178993225098
2.727703332901001
2.3252625465393066
2.0767176151275635
2.484894037246704
1.5059505701065063
2.432807207107544
2.4338037967681885
1.3274829387664795
2.543088674545288
4.032290458679199
1.1385248899459839
2.2351880073547363
2.8716039657592773
3.2049148082733154
3.376244306564331
2.143784761428833
3.683063268661499
2.2200024127960205
2.899705410003662
1.5528759956359863
2.2654266357421875
1.6956555843353271
2.9212486743927
2.010467052459717
1.282334804534912
1.205837607383728
2.638068437576294
1.4470758438110352
3.225513219833374
2.128218173980713
2.616535186767578
3.5663034915924072
3.321061849594116
3.9187333583831787
3.3276021480560303
1.5615441799163818
2.5188567638397217
3.2686142921447754
2.3844196796417236
2.9537408351898193
1.206930160522461
3.487751007080078
0.8037109375
3.3481874465942383
4.040728569030762
1.368683934211731
4.270503520965576
2.7808594703674316
3.313727855682373
2.58042049407959
4.397476673126221
1.8275388479232788
2.485978364944458
3.056342363357544
1.1692389249801636
2.215501546859741
2.12721848487854
1.633327841758728
1.9755823612213135
3.106567621231079
3.080901861190796
2.8979578018188477
4.346598148345947
3.663325071334839
2.093229055404663
3.7242681980133057
1.8025082349777222
2.4257798194885254
3.2340996265411377
1.823223352432251
2.3837411403656006
3.1830573081970215
2.8864641189575195
1.5627795457839966
2.5603809356689453
2.426135540008545
2.5308985710144043
0.5082921981811523
1.491937279701233
2.3226280212402344
2.0678577423095703
1.5800509452819824
1.8135406970977783
1.5360846519470215
2.5021705627441406
3.451453685760498
2.098738431930542
1.205936074256897
2.579167127609253
2.11126708984375
3.5050668716430664
1.8297117948532104
3.386537551879883
3.526904344558716
1.8544615507125854
2.098315477371216
3.697727918624878
2.0945098400115967
2.9332287311553955
2.330103635787964
4.042567253112793
1.1318966150283813
2.7224349975585938
3.437075138092041
2.354794979095459
1.8115571737289429
2.6730234622955322
2.0850605964660645
3.9224681854248047
3.5096025466918945
2.989096164703369
1.859045147895813
2.2921433448791504
0.0
1.8166818618774414
1.5367200374603271
1.8177540302276611
2.0916645526885986
2.719186782836914
3.1016433238983154
1.5500816106796265
2.4786691665649414
2.393308162689209
4.114116668701172
2.5614519119262695
1.8487677574157715
2.3270604610443115
2.2184510231018066
3.115400552749634
2.291722297668457
2.3233137130737305
1.5377386808395386
1.519818663597107
2.658224105834961
2.7647247314453125
2.0503861904144287
3.10528826713562
1.2080568075180054
2.1045901775360107
2.5289645195007324
1.8574957847595215
2.8948781490325928
1.8025052547454834
3.3635270595550537
1.4954590797424316
3.5179028511047363
1.8186564445495605
1.5051172971725464
3.0657222270965576
1.5445072650909424
3.839160919189453
1.962525486946106
1.5214154720306396
2.315826654434204
2.962998151779175
1.7314871549606323
2.7328805923461914
1.5647203922271729
2.4190194606781006
2.8860349655151367
1.1031720638275146
1.862819790840149
2.538679361343384
4.379433631896973
1.625555396080017
1.8085942268371582
1.4935264587402344
2.2438066005706787
2.418647050857544
2.227393627166748
3.5263500213623047
2.1089961528778076
1.8152101039886475
1.1292563676834106
3.1392123699188232
2.5925989151000977
1.9387636184692383
1.969029188156128
3.1897034645080566
1.5330270528793335
2.3244709968566895
2.624998092651367
1.1555029153823853
2.762589454650879
3.459700107574463
2.2266998291015625
1.2453281879425049
2.275022506713867
2.7982428073883057
2.677805185317993
1.8866833448410034
1.5330283641815186
1.5678013563156128
2.033355236053467
2.787440061569214
2.765699625015259
2.0589544773101807
2.3538780212402344
3.2206130027770996
3.3299167156219482
3.2688512802124023
2.086170196533203
1.5653127431869507
0.46875
4.095658302307129
2.9449808597564697
2.303936719894409
2.714947462081909
2.7259724140167236
0.0
2.0917162895202637
2.796360731124878
0.9375
2.327080488204956
2.064871311187744
2.291313886642456
2.1830310821533203
1.3217191696166992
3.303483724594116
1.8521835803985596
3.498382806777954
1.6074120998382568
3.791999578475952
1.6712907552719116
3.2249221801757812
1.8343745470046997
1.29900324344635
2.3334364891052246
2.0659239292144775
2.2450053691864014
2.783158302307129
2.614480972290039
2.3226256370544434
2.4380650520324707
1.6508054733276367
1.8609952926635742
2.962998151779175
0.9873046875
2.1346309185028076
2.74503493309021
2.817164182662964
1.825061559677124
2.7251999378204346
2.9276010990142822
1.8519294261932373
2.094813108444214
2.7818405628204346
3.6408681869506836
2.0627481937408447
2.2163424491882324
1.557228922843933
1.1669950485229492
2.3298158645629883
3.2562503814697266
2.0795400142669678
3.2882308959960938
2.1005263328552246
1.5561935901641846
3.820300340652466
2.5216259956359863
3.5789525508880615
3.0326404571533203
1.571189522743225
2.5663557052612305
2.3106460571289062
2.43882417678833
2.661957025527954
2.943232297897339
3.302985429763794
2.539705753326416
2.3296682834625244
3.0488970279693604
1.641806960105896
3.936964988708496
2.8226447105407715
2.513127088546753
2.1353158950805664
2.8854329586029053
1.89175283908844
1.8502527475357056
3.790801525115967
1.5607069730758667
0.6171875
0.1661500334739685
2.3349716663360596
2.533980131149292
1.8332221508026123
1.8160333633422852
1.9476172924041748
3.096256971359253
3.0480852127075195
1.8474054336547852
2.0876688957214355
2.521045207977295
1.8310953378677368
1.5006521940231323
2.9817323684692383
0.681950569152832
1.851665735244751
1.6635308265686035
3.8289313316345215
2.4937546253204346
0.07393965125083923
2.2540488243103027
1.8528847694396973
2.425177812576294
2.994507074356079
1.8936012983322144
2.7883481979370117
1.8901853561401367
2.0920231342315674
1.731437087059021
2.215350389480591
1.8075151443481445
1.9620214700698853
2.5353569984436035
1.5592477321624756
3.1740529537200928
2.8939273357391357
1.5503681898117065
1.544982671737671
1.1119650602340698
2.066890001296997
3.618978500366211
2.3838119506835938
2.9076781272888184
2.096257448196411
2.8970298767089844
3.596221446990967
2.047811508178711
2.1055240631103516
