
SAPA
31.0
53.0
7.0
59.0
14.0
6.0
12.0
12.0
24.0
19.0
60.0
62.0
9.0
71.0
16.0
21.0
26.0
33.0
1.0
46.0
13.0
13.0
30.0
26.0
7.0
114.0
22.0
43.0
52.0
13.0
37.0
7.0
27.0
18.0
27.0
52.0
19.0
13.0
17.0
15.0
12.0
18.0
41.0
11.0
9.0
6.0
14.0
64.0
6.0
30.0
19.0
44.0
41.0
33.0
54.0
39.0
65.0
5.0
25.0
11.0
29.0
16.0
3.0
3.0
24.0
14.0
47.0
28.0
20.0
88.0
37.0
102.0
56.0
3.0
13.0
43.0
32.0
33.0
4.0
29.0
1.0
32.0
79.0
4.0
102.0
52.0
37.0
28.0
49.0
11.0
42.0
26.0
2.0
34.0
16.0
25.0
8.0
36.0
39.0
24.0
55.0
56.0
24.0
61.0
4.0
10.0
88.0
10.0
14.0
51.0
49.0
9.0
27.0
16.0
26.0
2.0
14.0
44.0
8.0
9.0
24.0
8.0
18.0
42.0
16.0
1.0
35.0
18.0
81.0
25.0
42.0
43.0
29.0
25.0
66.0
20.0
37.0
12.0
43.0
8.0
21.0
43.0
25.0
13.0
24.0
14.0
99.0
73.0
50.0
14.0
15.0
0.0
18.0
10.0
12.0
26.0
33.0
43.0
6.0
16.0
9.0
60.0
79.0
44.0
17.0
37.0
54.0
11.0
16.0
44.0
20.0
17.0
41.0
19.0
68.0
3.0
13.0
46.0
7.0
16.0
12.0
67.0
10.0
43.0
10.0
3.0
49.0
18.0
90.0
8.0
9.0
12.0
37.0
9.0
29.0
5.0
20.0
26.0
1.0
21.0
45.0
78.0
10.0
8.0
8.0
25.0
11.0
42.0
56.0
16.0
41.0
4.0
26.0
26.0
7.0
22.0
67.0
3.0
36.0
21.0
5.0
43.0
66.0
23.0
7.0
23.0
57.0
28.0
10.0
10.0
15.0
18.0
31.0
23.0
14.0
13.0
42.0
49.0
58.0
12.0
12.0
1.0
67.0
38.0
18.0
27.0
106.0
1.0
31.0
26.0
10.0
9.0
19.0
19.0
23.0
9.0
49.0
9.0
55.0
5.0
66.0
13.0
40.0
26.0
1.0
21.0
14.0
14.0
25.0
42.0
39.0
38.0
12.0
11.0
19.0
1.0
16.0
32.0
26.0
11.0
28.0
10.0
4.0
15.0
20.0
50.0
13.0
40.0
7.0
3.0
29.0
26.0
12.0
39.0
27.0
35.0
86.0
50.0
40.0
69.0
6.0
47.0
19.0
18.0
26.0
73.0
58.0
28.0
21.0
34.0
9.0
132.0
36.0
19.0
12.0
29.0
10.0
12.0
56.0
10.0
1.0
0.0
17.0
41.0
11.0
12.0
12.0
30.0
28.0
12.0
13.0
30.0
14.0
4.0
43.0
1.0
7.0
9.0
56.0
20.0
0.0
10.0
11.0
50.0
58.0
10.0
24.0
27.0
14.0
7.0
11.0
20.0
31.0
54.0
7.0
41.0
45.0
6.0
3.0
1.0
41.0
30.0
23.0
29.0
42.0
27.0
19.0
23.0
14.0
29.0
32.0
46.0
38.0
61.0
91.0
30.0
0.0
12.0
11.0
38.0
44.0
2.0
26.0
17.0
77.0
11.0
11.0
20.0
10.0
6.0
53.0
60.0
29.0
10.0
11.0
38.0
77.0
8.0
33.0
41.0
58.0
40.0
39.0
27.0
31.0
13.0
2.0
68.0
36.0
10.0
40.0
13.0
5.0
42.0
5.0
8.0
17.0
5.0
71.0
11.0
9.0
54.0
12.0
59.0
54.0
54.0
9.0
13.0
24.0
110.0
14.0
76.0
13.0
24.0
8.0
13.0
30.0
74.0
5.0
17.0
129.0
39.0
28.0
13.0
1.0
0.0
25.0
1.0
0.0
3.0
2.0
29.0
41.0
24.0
22.0
10.0
25.0
4.0
58.0
52.0
4.0
34.0
16.0
62.0
38.0
85.0
61.0
49.0
16.0
10.0
43.0
12.0
44.0
8.0
47.0
56.0
14.0
55.0
13.0
1.0
8.0
15.0
29.0
27.0
47.0
28.0
161.0
13.0
7.0
8.0
14.0
11.0
32.0
35.0
38.0
1.0
12.0
2.0
18.0
9.0
64.0
50.0
6.0
67.0
6.0
11.0
11.0
4.0
8.0
20.0
15.0
2.0
50.0
64.0
67.0
3.0
42.0
26.0
28.0
1.0
21.0
3.0
32.0
6.0
37.0
55.0
14.0
44.0
39.0
14.0
1.0
17.0
26.0
81.0
23.0
44.0
36.0
12.0
15.0
83.0
10.0
60.0
14.0
15.0
37.0
25.0
49.0
27.0
23.0
69.0
6.0
1.0
20.0
140.0
21.0
33.0
55.0
26.0
8.0
17.0
8.0
30.0
19.0
74.0
37.0
39.0
8.0
21.0
22.0
32.0
31.0
6.0
54.0
53.0
41.0
6.0
85.0
33.0
1.0
22.0
17.0
47.0
1.0
2.0
9.0
19.0
54.0
34.0
92.0
25.0
58.0
2.0
70.0
6.0
16.0
31.0
28.0
35.0
13.0
18.0
28.0
29.0
60.0
60.0
24.0
4.0
43.0
24.0
44.0
25.0
12.0
59.0
38.0
1.0
18.0
6.0
12.0
18.0
11.0
3.0
30.0
36.0
64.0
35.0
24.0
2.0
27.0
7.0
5.0
46.0
9.0
99.0
58.0
58.0
30.0
28.0
43.0
22.0
43.0
6.0
17.0
42.0
47.0
52.0
23.0
2.0
7.0
13.0
72.0
12.0
19.0
49.0
9.0
36.0
35.0
49.0
95.0
35.0
13.0
1.0
61.0
28.0
11.0
16.0
59.0
67.0
5.0
5.0
34.0
14.0
23.0
45.0
10.0
37.0
4.0
8.0
15.0
48.0
17.0
14.0
39.0
38.0
12.0
15.0
1.0
26.0
27.0
7.0
7.0
0.0
55.0
24.0
18.0
32.0
4.0
6.0
13.0
47.0
3.0
12.0
13.0
98.0
11.0
27.0
24.0
34.0
22.0
21.0
22.0
60.0
24.0
40.0
33.0
55.0
54.0
37.0
1.0
3.0
30.0
51.0
1.0
77.0
49.0
11.0
28.0
11.0
2.0
8.0
10.0
18.0
6.0
77.0
45.0
11.0
27.0
18.0
41.0
23.0
8.0
20.0
0.0
18.0
81.0
20.0
97.0
8.0
4.0
39.0
49.0
9.0
48.0
42.0
46.0
21.0
12.0
16.0
15.0
34.0
18.0
14.0
0.0
17.0
29.0
42.0
54.0
29.0
29.0
8.0
13.0
16.0
31.0
1.0
9.0
17.0
1.0
43.0
9.0
15.0
32.0
14.0
23.0
33.0
42.0
10.0
32.0
10.0
13.0
45.0
14.0
7.0
15.0
8.0
94.0
95.0
49.0
7.0
79.0
2.0
15.0
80.0
35.0
31.0
68.0
50.0
51.0
71.0
127.0
62.0
37.0
11.0
33.0
72.0
42.0
1.0
25.0
42.0
58.0
25.0
9.0
103.0
42.0
49.0
40.0
38.0
12.0
48.0
16.0
15.0
22.0
3.0
41.0
7.0
32.0
11.0
9.0
10.0
9.0
38.0
39.0
4.0
13.0
50.0
9.0
50.0
34.0
75.0
0.0
32.0
10.0
38.0
9.0
40.0
32.0
20.0
53.0
30.0
23.0
6.0
60.0
3.0
58.0
32.0
20.0
54.0
156.0
28.0
3.0
40.0
47.0
30.0
8.0
75.0
42.0
50.0
7.0
70.0
201.0
40.0
54.0
52.0
18.0
0.0
2.0
3.0
38.0
15.0
47.0
23.0
43.0
12.0
3.0
48.0
46.0
25.0
15.0
15.0
16.0
33.0
24.0
118.0
2.0
40.0
3.0
20.0
58.0
72.0
12.0
7.0
41.0
23.0
24.0
25.0
124.0
21.0
54.0
19.0
27.0
39.0
9.0
22.0
7.0
80.0
37.0
116.0
1.0
82.0
13.0
25.0
9.0
7.0
16.0
7.0
48.0
45.0
47.0
20.0
5.0
50.0
1.0
10.0
5.0
37.0
21.0
21.0
6.0
66.0
11.0
0.0
11.0
15.0
5.0
2.0
28.0
33.0
8.0
9.0
2.0
4.0
9.0
14.0
15.0
45.0
8.0
6.0
5.0
1.0
13.0
14.0
29.0
5.0
14.0
37.0
93.0
76.0
57.0
64.0
2.0
7.0
5.0
14.0
39.0
49.0
14.0
37.0
9.0
36.0
23.0
23.0
7.0
40.0
56.0
66.0
7.0
37.0
11.0
22.0
70.0
127.0
78.0
8.0

PA
9.0
11.0
4.0
11.0
3.0
4.0
4.0
5.0
4.0
7.0
12.0
23.0
5.0
10.0
7.0
5.0
8.0
11.0
1.0
5.0
5.0
6.0
12.0
4.0
2.0
24.0
4.0
8.0
15.0
7.0
9.0
5.0
6.0
7.0
9.0
11.0
8.0
7.0
11.0
7.0
5.0
7.0
4.0
5.0
4.0
2.0
6.0
15.0
2.0
6.0
9.0
9.0
11.0
6.0
17.0
9.0
14.0
4.0
8.0
5.0
9.0
4.0
2.0
2.0
8.0
3.0
13.0
4.0
7.0
11.0
11.0
16.0
9.0
2.0
6.0
12.0
5.0
11.0
3.0
9.0
1.0
13.0
18.0
2.0
27.0
10.0
11.0
7.0
17.0
4.0
8.0
12.0
2.0
5.0
6.0
4.0
4.0
12.0
12.0
8.0
20.0
12.0
5.0
19.0
3.0
8.0
11.0
5.0
7.0
13.0
12.0
3.0
7.0
6.0
7.0
2.0
2.0
9.0
4.0
3.0
4.0
3.0
7.0
16.0
6.0
1.0
8.0
5.0
15.0
4.0
11.0
13.0
4.0
7.0
21.0
9.0
10.0
5.0
14.0
2.0
9.0
10.0
6.0
7.0
8.0
6.0
18.0
14.0
11.0
4.0
7.0
0.0
5.0
3.0
5.0
6.0
9.0
15.0
3.0
5.0
5.0
19.0
7.0
5.0
8.0
6.0
9.0
4.0
7.0
4.0
3.0
7.0
9.0
4.0
10.0
2.0
7.0
10.0
6.0
7.0
5.0
14.0
3.0
11.0
4.0
2.0
11.0
3.0
18.0
5.0
4.0
5.0
15.0
4.0
9.0
4.0
8.0
10.0
1.0
4.0
11.0
23.0
5.0
5.0
5.0
7.0
5.0
4.0
18.0
6.0
6.0
2.0
13.0
8.0
4.0
8.0
11.0
3.0
8.0
5.0
2.0
8.0
15.0
6.0
3.0
6.0
9.0
7.0
5.0
3.0
4.0
4.0
10.0
9.0
5.0
7.0
13.0
16.0
9.0
7.0
3.0
1.0
18.0
10.0
6.0
8.0
10.0
1.0
6.0
8.0
3.0
5.0
5.0
5.0
6.0
4.0
12.0
4.0
12.0
3.0
18.0
3.0
10.0
6.0
1.0
9.0
6.0
7.0
9.0
7.0
9.0
8.0
5.0
5.0
8.0
1.0
8.0
9.0
7.0
6.0
11.0
7.0
3.0
5.0
8.0
12.0
6.0
10.0
4.0
2.0
6.0
10.0
4.0
12.0
10.0
4.0
18.0
7.0
13.0
15.0
4.0
10.0
8.0
6.0
7.0
10.0
15.0
9.0
6.0
10.0
4.0
25.0
12.0
5.0
7.0
11.0
5.0
5.0
9.0
3.0
1.0
0.0
6.0
8.0
5.0
3.0
5.0
13.0
8.0
7.0
5.0
9.0
5.0
2.0
12.0
1.0
3.0
6.0
14.0
8.0
0.0
4.0
7.0
6.0
12.0
5.0
12.0
4.0
6.0
4.0
6.0
4.0
6.0
16.0
4.0
13.0
11.0
4.0
2.0
1.0
11.0
13.0
7.0
11.0
6.0
12.0
7.0
5.0
7.0
5.0
7.0
18.0
7.0
9.0
13.0
6.0
0.0
4.0
8.0
4.0
9.0
2.0
5.0
8.0
26.0
6.0
6.0
6.0
4.0
3.0
13.0
14.0
11.0
6.0
5.0
5.0
20.0
3.0
11.0
9.0
5.0
11.0
7.0
5.0
7.0
5.0
2.0
15.0
6.0
4.0
12.0
4.0
3.0
10.0
3.0
3.0
6.0
4.0
21.0
6.0
4.0
8.0
5.0
15.0
13.0
14.0
5.0
6.0
7.0
12.0
5.0
15.0
5.0
8.0
4.0
5.0
8.0
12.0
2.0
6.0
24.0
14.0
6.0
3.0
1.0
0.0
9.0
1.0
0.0
2.0
2.0
8.0
13.0
6.0
8.0
5.0
6.0
3.0
15.0
8.0
2.0
12.0
8.0
14.0
6.0
15.0
13.0
11.0
5.0
3.0
13.0
6.0
12.0
6.0
13.0
5.0
8.0
16.0
3.0
1.0
4.0
6.0
8.0
8.0
9.0
7.0
28.0
4.0
4.0
4.0
6.0
3.0
4.0
8.0
10.0
1.0
6.0
2.0
8.0
6.0
15.0
15.0
2.0
20.0
4.0
3.0
5.0
2.0
4.0
4.0
6.0
2.0
17.0
20.0
13.0
2.0
12.0
7.0
5.0
1.0
7.0
2.0
9.0
3.0
9.0
15.0
4.0
13.0
10.0
8.0
1.0
6.0
3.0
14.0
10.0
6.0
10.0
7.0
8.0
19.0
3.0
8.0
6.0
5.0
11.0
8.0
11.0
9.0
4.0
18.0
4.0
1.0
6.0
26.0
6.0
5.0
7.0
5.0
4.0
6.0
5.0
6.0
7.0
16.0
13.0
8.0
5.0
9.0
10.0
6.0
5.0
3.0
10.0
6.0
9.0
4.0
11.0
5.0
1.0
4.0
8.0
8.0
1.0
2.0
6.0
8.0
11.0
11.0
11.0
7.0
9.0
2.0
13.0
4.0
7.0
7.0
11.0
8.0
6.0
7.0
14.0
9.0
17.0
16.0
4.0
2.0
10.0
12.0
10.0
8.0
4.0
12.0
12.0
1.0
5.0
4.0
5.0
6.0
3.0
2.0
9.0
11.0
10.0
13.0
4.0
2.0
10.0
3.0
2.0
11.0
6.0
15.0
9.0
15.0
12.0
11.0
13.0
6.0
7.0
2.0
7.0
10.0
13.0
16.0
8.0
2.0
4.0
6.0
12.0
4.0
7.0
12.0
5.0
15.0
6.0
7.0
12.0
5.0
3.0
1.0
11.0
11.0
7.0
6.0
11.0
18.0
2.0
3.0
10.0
4.0
5.0
13.0
5.0
11.0
2.0
5.0
8.0
8.0
6.0
4.0
12.0
10.0
6.0
3.0
1.0
8.0
7.0
4.0
4.0
0.0
12.0
7.0
5.0
7.0
2.0
3.0
7.0
10.0
2.0
4.0
5.0
22.0
5.0
5.0
7.0
5.0
8.0
7.0
4.0
12.0
8.0
11.0
8.0
9.0
12.0
9.0
1.0
2.0
10.0
8.0
1.0
9.0
9.0
8.0
14.0
5.0
2.0
3.0
3.0
8.0
2.0
23.0
10.0
6.0
6.0
7.0
6.0
7.0
3.0
6.0
0.0
5.0
14.0
8.0
15.0
4.0
2.0
5.0
10.0
4.0
12.0
5.0
10.0
6.0
6.0
6.0
5.0
4.0
9.0
5.0
0.0
8.0
3.0
7.0
15.0
9.0
4.0
4.0
8.0
8.0
5.0
1.0
6.0
7.0
1.0
11.0
4.0
7.0
4.0
4.0
5.0
9.0
6.0
5.0
8.0
3.0
6.0
11.0
5.0
2.0
6.0
2.0
16.0
14.0
11.0
4.0
18.0
2.0
7.0
19.0
10.0
6.0
14.0
13.0
7.0
17.0
16.0
9.0
6.0
5.0
6.0
9.0
5.0
1.0
11.0
6.0
11.0
6.0
6.0
18.0
14.0
12.0
12.0
7.0
6.0
6.0
6.0
4.0
5.0
3.0
10.0
3.0
11.0
5.0
6.0
4.0
4.0
9.0
6.0
3.0
4.0
16.0
3.0
8.0
9.0
23.0
0.0
6.0
5.0
7.0
6.0
15.0
4.0
6.0
10.0
6.0
5.0
3.0
9.0
2.0
21.0
14.0
7.0
9.0
27.0
7.0
2.0
9.0
10.0
4.0
4.0
17.0
8.0
15.0
3.0
9.0
35.0
8.0
8.0
14.0
9.0
0.0
2.0
3.0
13.0
6.0
17.0
5.0
14.0
6.0
2.0
12.0
10.0
9.0
6.0
3.0
5.0
5.0
7.0
15.0
2.0
11.0
2.0
9.0
11.0
15.0
5.0
4.0
12.0
5.0
3.0
7.0
17.0
8.0
15.0
8.0
7.0
6.0
4.0
7.0
3.0
25.0
8.0
19.0
1.0
14.0
3.0
7.0
4.0
5.0
5.0
2.0
13.0
6.0
6.0
4.0
3.0
15.0
1.0
3.0
3.0
9.0
11.0
9.0
3.0
12.0
3.0
0.0
5.0
6.0
3.0
2.0
10.0
6.0
5.0
3.0
2.0
2.0
4.0
4.0
4.0
14.0
3.0
4.0
4.0
1.0
5.0
6.0
9.0
2.0
3.0
7.0
14.0
25.0
14.0
18.0
1.0
5.0
3.0
8.0
20.0
14.0
4.0
12.0
5.0
7.0
9.0
7.0
6.0
16.0
17.0
9.0
4.0
12.0
4.0
4.0
17.0
24.0
9.0
4.0

IGD
4.641479969024658
6.246866703033447
5.035263538360596
4.305261135101318
2.710576057434082
3.9342517852783203
2.7103753089904785
3.0020508766174316
2.240018367767334
2.1031253337860107
5.628370761871338
4.447262287139893
2.9706130027770996
4.919356822967529
3.6438918113708496
2.719456911087036
2.6474695205688477
6.288404941558838
0.4986059367656708
2.6610958576202393
1.7976608276367188
2.7325615882873535
3.8492019176483154
3.877962112426758
1.2098259925842285
5.221441268920898
3.9202804565429688
2.5657613277435303
4.8708367347717285
4.18889856338501
4.230067729949951
4.366672992706299
3.927983522415161
2.185842990875244
5.693286895751953
5.849157810211182
2.284818172454834
5.20479154586792
2.9344608783721924
4.032100200653076
4.701436519622803
3.06355881690979
2.979660749435425
3.6117875576019287
3.2597129344940186
1.7560642957687378
4.362939357757568
5.153191089630127
1.942663311958313
3.32546329498291
3.2994446754455566
3.7323496341705322
5.050605297088623
3.2292332649230957
5.760333061218262
3.51784610748291
6.248203277587891
3.172316551208496
3.9287760257720947
2.742598295211792
5.1608076095581055
1.9860360622406006
1.0663114786148071
1.8816471099853516
3.8831305503845215
1.0824757814407349
4.2976579666137695
3.3696017265319824
3.1523821353912354
4.628064155578613
6.329789638519287
7.48933219909668
3.905203342437744
0.9814199805259705
4.2797322273254395
4.009554386138916
2.7011003494262695
3.592730760574341
2.843295097351074
4.825381278991699
0.73760986328125
3.840076208114624
7.141235828399658
2.071434259414673
3.8853518962860107
6.089507579803467
4.850841522216797
3.4853501319885254
4.947366237640381
3.1274476051330566
3.403733968734741
5.762137413024902
0.6017981767654419
2.8492376804351807
3.4036014080047607
2.2925655841827393
3.695723533630371
3.236624002456665
4.142045497894287
4.389628887176514
5.220987319946289
4.176342964172363
2.8625199794769287
5.870726108551025
1.8333520889282227
4.490545749664307
4.621315002441406
3.352475166320801
3.678694486618042
3.112774133682251
2.7015693187713623
1.8205947875976562
3.624478340148926
4.265600204467773
2.9589061737060547
1.1872687339782715
2.1597185134887695
6.280498027801514
3.045304775238037
1.7737066745758057
1.7860233783721924
1.7378835678100586
4.9487996101379395
4.571036338806152
2.8328099250793457
1.4219988584518433
4.398410320281982
3.6984806060791016
4.102380752563477
3.7479965686798096
5.729926586151123
4.810745716094971
3.34509539604187
2.8024182319641113
4.4313530921936035
4.9000091552734375
4.065833568572998
3.8394243717193604
4.57690954208374
1.5720531940460205
5.349330902099609
5.573933124542236
3.077200412750244
3.986377716064453
2.355909824371338
4.9712443351745605
4.883949279785156
6.2067179679870605
4.642714500427246
2.102961301803589
2.60638689994812
0.0
2.9941658973693848
2.666264533996582
4.533999919891357
4.74928617477417
5.165046691894531
4.8588151931762695
2.0570249557495117
1.9624005556106567
2.6795403957366943
5.8878655433654785
4.986827373504639
3.577460289001465
2.8891403675079346
3.4698233604431152
2.985509157180786
2.012542963027954
4.697257041931152
2.3687281608581543
1.6964470148086548
3.397259473800659
4.345365524291992
2.4027323722839355
5.297187328338623
0.8819943070411682
4.630281925201416
2.6745288372039795
4.9373393058776855
1.8112680912017822
3.7922465801239014
4.912775993347168
2.7989025115966797
6.0037665367126465
1.619070053100586
2.1441433429718018
4.384134292602539
2.7524938583374023
6.534300327301025
3.4618799686431885
2.804532766342163
3.55808687210083
4.965223789215088
1.807073712348938
4.487431526184082
2.2000010013580322
4.637725353240967
4.6352009773254395
1.5180954933166504
2.1444718837738037
3.2208526134490967
5.367905139923096
4.071805477142334
4.761358261108398
5.403088569641113
3.395982503890991
3.0026698112487793
1.6514036655426025
5.245701789855957
3.9576663970947266
4.335394859313965
1.4014918804168701
4.323855400085449
2.8719568252563477
2.5672059059143066
4.675426483154297
4.966892719268799
1.191684365272522
4.120358467102051
2.8185997009277344
2.0757968425750732
4.1433210372924805
5.106027603149414
4.2793121337890625
4.545278549194336
2.8479738235473633
4.129641532897949
2.9642903804779053
4.967474937438965
2.5597612857818604
2.6109466552734375
3.4318933486938477
2.570141315460205
2.2827558517456055
3.0218145847320557
3.3810818195343018
7.0055694580078125
5.240072727203369
3.2200348377227783
4.5922980308532715
3.1661438941955566
0.20061852037906647
3.4103844165802
4.275058269500732
2.738762378692627
1.6687566041946411
5.13344144821167
0.10955898463726044
3.654165506362915
3.4166505336761475
0.8760525584220886
4.450808048248291
5.0281195640563965
3.5459985733032227
3.664293050765991
3.028949022293091
4.851085186004639
1.9421225786209106
6.3790693283081055
1.9613854885101318
3.296550750732422
3.7159104347229004
5.761667251586914
3.6354916095733643
1.3488974571228027
4.97382926940918
1.2298349142074585
5.931493759155273
2.237975835800171
4.532349109649658
3.5450599193573
4.794851303100586
4.120880126953125
2.6054062843322754
2.283867835998535
1.3861721754074097
5.611369609832764
3.159510612487793
3.51910138130188
5.245762825012207
4.0941290855407715
2.396172046661377
2.319439172744751
3.718797445297241
4.253576278686523
4.870307922363281
4.27958869934082
4.920405864715576
4.492248058319092
1.8866238594055176
1.7274889945983887
4.3681321144104
3.8323311805725098
5.6025071144104
4.282660961151123
2.8509809970855713
7.911802768707275
4.216732978820801
4.936577796936035
3.1014418601989746
3.778564929962158
4.909804344177246
5.673358917236328
3.51556134223938
2.669597864151001
5.510991096496582
4.918159008026123
3.732457160949707
3.4243996143341064
3.4314188957214355
2.310537338256836
6.820666313171387
5.419966220855713
3.3643760681152344
4.823315620422363
3.8210608959198
3.930684804916382
3.209197521209717
3.554460287094116
2.7905116081237793
0.9402670860290527
0.0
4.490865230560303
4.4464640617370605
2.9936840534210205
2.3207521438598633
2.2870523929595947
5.696704387664795
3.9201841354370117
5.526975154876709
5.031590461730957
4.722587585449219
5.278326034545898
1.89228355884552
4.095682621002197
0.3438253104686737
1.8531075716018677
3.7210941314697266
2.253490924835205
3.941845417022705
0.0
2.0966081619262695
4.5674028396606445
2.6652567386627197
2.193944215774536
4.87829065322876
3.4898881912231445
1.5068260431289673
3.5985794067382812
1.5671848058700562
4.50614070892334
2.5507054328918457
1.7406423091888428
3.634512186050415
3.773549795150757
5.642993450164795
4.144432067871094
4.051734924316406
1.1993639469146729
0.5972360968589783
6.0750041007995605
5.285171031951904
3.3781447410583496
3.593595504760742
4.773288726806641
3.5133039951324463
2.8070878982543945
2.892488718032837
4.069201946258545
2.8644182682037354
4.938689231872559
6.169770240783691
4.319533824920654
3.8460776805877686
4.450397968292236
3.7194721698760986
0.0
3.131559371948242
5.168244361877441
2.5078470706939697
5.683095932006836
0.6173350811004639
3.4555256366729736
3.5793631076812744
7.2930474281311035
4.9079766273498535
2.5769202709198
2.99114727973938
4.6846699714660645
2.361654043197632
4.429715633392334
2.4391560554504395
4.127003192901611
3.614915132522583
1.9721107482910156
3.357375144958496
6.0190510749816895
2.5912389755249023
3.710139513015747
3.4202933311462402
3.3711273670196533
2.6972711086273193
3.180649518966675
2.746365785598755
2.700914144515991
2.665992259979248
0.7486670613288879
5.2008209228515625
3.188436985015869
3.922151565551758
5.503347873687744
1.661307454109192
1.216461181640625
4.4307475090026855
1.9742072820663452
2.912562847137451
4.466542720794678
2.7852721214294434
4.707849502563477
4.672423839569092
2.3992199897766113
3.3361809253692627
1.8452098369598389
5.597017765045166
4.431464672088623
5.3479437828063965
3.5472538471221924
5.549936771392822
3.1670451164245605
5.2760443687438965
4.682153224945068
2.123222589492798
3.5671029090881348
3.490294933319092
3.8295841217041016
2.54556941986084
4.069533348083496
4.248069763183594
2.488192558288574
3.8313820362091064
6.718363285064697
3.6800734996795654
3.2167553901672363
2.4295172691345215
0.8650614023208618
0.0
3.3336195945739746
0.12460709363222122
0.0
0.8645187616348267
1.5902330875396729
4.488505840301514
3.316211223602295
3.4418728351593018
4.079755783081055
4.9626922607421875
2.497563600540161
2.411932945251465
5.100344181060791
4.809882640838623
1.9774141311645508
4.5589680671691895
3.1029815673828125
6.082398891448975
1.3846021890640259
4.060899257659912
4.97609281539917
4.3269195556640625
2.598238468170166
1.685381293296814
3.9878368377685547
1.3830134868621826
4.269502639770508
4.187892436981201
5.065786361694336
4.3753132820129395
4.104428768157959
6.024791240692139
1.700564980506897
0.9513675570487976
4.328546047210693
3.4824953079223633
6.165865421295166
4.240145683288574
2.2436914443969727
4.706315040588379
3.4734790325164795
3.5077593326568604
2.1540675163269043
3.833364486694336
2.279978036880493
2.6369199752807617
2.165787696838379
3.833087205886841
4.651597023010254
0.46105635166168213
3.3063132762908936
1.0944347381591797
2.946312665939331
3.6824862957000732
5.640118598937988
5.834311008453369
1.9548802375793457
7.149110794067383
3.3586747646331787
1.785362958908081
5.269497871398926
1.653902292251587
1.8192572593688965
2.3081469535827637
3.4999330043792725
1.5418583154678345
4.226476192474365
5.409385681152344
4.7091546058654785
1.613749384880066
4.024606227874756
3.1661248207092285
3.5506720542907715
1.3597849607467651
3.3475565910339355
2.4183216094970703
3.1206767559051514
2.857882499694824
3.9578189849853516
4.916844844818115
2.323235511779785
3.5617716312408447
3.092228651046753
5.402651309967041
0.9868293404579163
2.1317858695983887
1.391525387763977
4.3524885177612305
5.242539882659912
4.661786079406738
4.689356327056885
3.729538917541504
4.366130828857422
4.2945122718811035
2.5420472621917725
3.4792561531066895
1.4033344984054565
2.9303267002105713
4.389120578765869
3.9491612911224365
4.664450168609619
2.957465171813965
2.8515589237213135
3.567464590072632
1.1436270475387573
1.061485767364502
2.8287315368652344
3.107898712158203
3.748178720474243
2.585902214050293
4.597743034362793
3.417024612426758
3.60444712638855
3.244865655899048
3.2087979316711426
3.4367122650146484
2.8945236206054688
4.040187835693359
4.482489585876465
1.1868722438812256
2.876955032348633
3.8123528957366943
4.232641696929932
3.9310050010681152
4.422942638397217
0.7903520464897156
3.6105754375457764
5.263197422027588
3.747079849243164
3.220468521118164
4.298857688903809
2.7569029331207275
0.35158830881118774
1.6848642826080322
2.5305964946746826
3.4490368366241455
0.0245245099067688
0.7057250738143921
4.381994247436523
4.720549583435059
4.4638848304748535
3.8041419982910156
2.709125280380249
2.5474679470062256
3.9534964561462402
0.4080665111541748
5.845908164978027
1.3734334707260132
3.9865875244140625
3.027585506439209
3.426726818084717
5.622746467590332
3.8532016277313232
5.46981143951416
5.8637590408325195
4.575362205505371
5.40467643737793
2.764160394668579
2.9769275188446045
1.7954515218734741
1.936994194984436
4.245652198791504
4.915847301483154
4.349691867828369
1.7554855346679688
4.790435791015625
6.6507568359375
0.3443799614906311
2.8053245544433594
4.018341541290283
3.611257791519165
2.4750776290893555
2.8081870079040527
1.699033260345459
4.333686351776123
3.7783427238464355
3.434189558029175
5.855166912078857
3.0603888034820557
1.252509593963623
5.202052116394043
1.7470097541809082
1.0103251934051514
3.78873872756958
3.1513562202453613
5.197215557098389
4.603818893432617
5.687957763671875
6.131248950958252
2.8724489212036133
6.08029842376709
3.202630043029785
5.185740947723389
3.8426380157470703
4.099961757659912
3.294679641723633
5.364648818969727
4.913053035736084
3.8037264347076416
2.0308783054351807
1.7087174654006958
4.164140701293945
3.4853873252868652
3.1276321411132812
3.084043025970459
4.98643159866333
3.851933479309082
4.3394904136657715
2.7582638263702393
1.673642873764038
5.436392784118652
2.863302707672119
3.539320230484009
0.5997317433357239
3.4102845191955566
2.418694257736206
4.672277927398682
5.341724872589111
3.333585500717163
6.590239524841309
1.6013365983963013
1.6382216215133667
3.151355504989624
3.0087175369262695
3.4346001148223877
3.7076189517974854
5.4739603996276855
4.8685688972473145
0.5591949820518494
4.694958686828613
3.9633896350860596
3.8124992847442627
3.718873977661133
3.0780820846557617
4.702142715454102
4.305246829986572
4.60113525390625
3.1064376831054688
0.8432419896125793
4.170013904571533
3.754470109939575
3.3022348880767822
2.686049461364746
0.0
4.230200290679932
1.6290606260299683
2.501530170440674
4.314486980438232
1.6082619428634644
3.4058802127838135
3.2619476318359375
3.1438512802124023
1.8774653673171997
1.9759924411773682
4.925018787384033
5.6642746925354
4.252220153808594
3.2637202739715576
3.9138894081115723
4.496181964874268
3.5934767723083496
1.1051563024520874
2.955281972885132
3.7091972827911377
2.6907546520233154
2.977686643600464
2.1300606727600098
5.179907321929932
2.666667938232422
4.76148796081543
0.7035863995552063
2.197399377822876
4.239678859710693
5.167241096496582
0.8933306932449341
5.265652656555176
4.602375030517578
2.9269752502441406
5.882688522338867
5.673250675201416
1.6415003538131714
2.0112459659576416
2.151176929473877
3.7878191471099854
2.5677294731140137
5.620738983154297
4.718562602996826
2.46683406829834
3.7359912395477295
4.853706359863281
3.3354032039642334
3.693361282348633
2.77252197265625
2.9217777252197266
0.0
3.4558639526367188
6.8726091384887695
4.13538122177124
5.427113056182861
4.404036045074463
2.1881093978881836
2.871933698654175
2.8380725383758545
3.4565603733062744
4.309145927429199
2.795997381210327
2.492283582687378
4.39946174621582
4.7036356925964355
5.15887975692749
4.0731940269470215
2.434429407119751
2.951812744140625
2.837181806564331
0.0
5.71644926071167
3.4763665199279785
4.445683002471924
4.666455268859863
3.3255841732025146
2.1407129764556885
2.9392452239990234
3.588423252105713
3.3945441246032715
2.9603092670440674
0.9263545274734497
4.014299392700195
4.627513885498047
0.6086951494216919
4.093169212341309
3.4958040714263916
5.09220552444458
3.5384445190429688
2.5832650661468506
3.5477676391601562
3.0754470825195312
3.387594699859619
4.273956775665283
4.770359992980957
1.4613895416259766
2.591749906539917
2.9580790996551514
2.979036808013916
1.8359450101852417
3.2468531131744385
1.8108865022659302
5.840427875518799
4.392573356628418
5.094900131225586
1.4980489015579224
6.097367763519287
2.670339584350586
4.235848426818848
6.667511940002441
3.1720170974731445
3.724402666091919
3.9109208583831787
4.88928747177124
4.078439712524414
4.44734525680542
4.025160312652588
4.0029449462890625
4.2432756423950195
4.30601692199707
2.886512279510498
4.542276382446289
4.258270740509033
0.5740801095962524
4.733178615570068
4.028385639190674
3.903817653656006
2.5913825035095215
4.197516918182373
5.534078598022461
4.757809638977051
4.378252029418945
6.607025623321533
2.984962224960327
5.059124946594238
2.9392905235290527
4.759918689727783
2.3802413940429688
3.2204270362854004
1.61069917678833
2.790374994277954
2.4333183765411377
2.9831671714782715
2.011242389678955
3.348194122314453
4.17413330078125
4.0849127769470215
4.461076736450195
2.285949468612671
1.1011461019515991
3.5569851398468018
2.8211233615875244
2.953875780105591
5.067084789276123
1.886423110961914
6.79258394241333
0.0
3.192422389984131
4.059300899505615
4.52565336227417
4.079288482666016
4.665975570678711
4.309998512268066
3.5752756595611572
4.9153900146484375
3.2033450603485107
3.139282703399658
1.711859107017517
2.918663740158081
1.730050802230835
6.287468433380127
4.3396830558776855
2.165545701980591
3.954815149307251
2.9288330078125
3.3704164028167725
0.9567755460739136
4.776650905609131
4.473153591156006
4.3658342361450195
2.183983325958252
7.118619918823242
2.819308042526245
5.179687976837158
1.8667821884155273
3.5895400047302246
3.7534639835357666
1.285512089729309
3.319784164428711
3.9916110038757324
5.637217998504639
0.0
0.6465874910354614
2.6344354152679443
4.928336143493652
3.757525682449341
4.6043243408203125
2.8782715797424316
5.227676868438721
5.0072126388549805
1.318759799003601
6.161037921905518
5.431282043457031
2.8017849922180176
2.2831790447235107
2.3764302730560303
3.818026304244995
3.462108612060547
3.2909159660339355
3.778366804122925
1.2166833877563477
4.293802738189697
2.0637736320495605
4.321759223937988
6.709667682647705
7.611263275146484
3.1398983001708984
4.3177900314331055
3.9129996299743652
4.522822856903076
3.22306489944458
4.228708744049072
3.8248507976531982
3.5115087032318115
3.013624429702759
2.6299498081207275
3.0225746631622314
3.346876621246338
3.9821712970733643
5.077863693237305
3.7613534927368164
6.819704055786133
2.8801329135894775
4.422056198120117
0.20145201683044434
4.053346157073975
1.6248188018798828
3.2693638801574707
4.062801361083984
3.0968520641326904
3.5630276203155518
1.395982027053833
4.988293170928955
3.6509032249450684
4.621976852416992
2.823692798614502
0.7838085293769836
4.520825386047363
0.8052322268486023
1.8032841682434082
1.612160325050354
4.618689060211182
4.862644672393799
2.885610342025757
1.8673783540725708
4.15004301071167
2.658097505569458
0.0
5.446310997009277
4.291656970977783
2.4848554134368896
0.9567727446556091
2.9422366619110107
2.5720009803771973
4.295797824859619
2.2528634071350098
1.060951590538025
1.6693066358566284
1.3159362077713013
1.206230878829956
1.7177705764770508
3.713517904281616
1.4330072402954102
4.296587944030762
3.598839282989502
0.04931213706731796
2.2514801025390625
4.598827838897705
3.9017879962921143
2.5536744594573975
3.3437552452087402
4.359048843383789
7.655218124389648
4.782069206237793
5.693124294281006
3.451831579208374
0.9994000196456909
2.311574697494507
2.8218648433685303
4.201568603515625
5.783337593078613
5.809532642364502
2.441265344619751
3.889787197113037
4.663902282714844
3.3922371864318848
4.606191158294678
2.444347381591797
4.474231243133545
4.066874027252197
2.3840079307556152
4.175684928894043
2.2031402587890625
5.021934509277344
3.497387409210205
2.179823875427246
6.609985828399658
6.642804145812988
4.28098201751709
2.095796823501587

AGNA
7.096282958984375
8.771025657653809
5.5368852615356445
9.843733787536621
6.834105968475342
5.756961345672607
5.5611252784729
5.257293701171875
6.961440086364746
6.352930545806885
8.707876205444336
9.126594543457031
5.784332752227783
8.932134628295898
6.189728736877441
6.309034824371338
6.992426872253418
7.01936674118042
3.4905388355255127
7.6101579666137695
5.5072526931762695
5.51118803024292
8.064830780029297
7.273155212402344
5.229155540466309
1000
7.39411735534668
7.755790710449219
8.195343017578125
5.924263954162598
7.671338081359863
5.748310565948486
7.835938930511475
7.799498081207275
6.782398700714111
9.558615684509277
6.418238639831543
5.680214881896973
7.353041172027588
5.747040271759033
5.314823150634766
6.699155330657959
8.50085163116455
5.616607666015625
5.909420490264893
6.423984050750732
6.02942419052124
8.765215873718262
5.460363388061523
8.11706256866455
5.74191427230835
8.391264915466309
8.039519309997559
8.28042984008789
9.458395004272461
7.372698783874512
8.257401466369629
5.290421962738037
5.57354736328125
5.730753421783447
7.104443073272705
5.996963024139404
3.9674134254455566
4.389079570770264
6.569418430328369
6.068833351135254
8.767481803894043
6.644275665283203
8.87256908416748
10.849632263183594
6.769522666931152
1000
8.894867897033691
4.658505916595459
6.007139205932617
7.339459419250488
7.775956630706787
7.2413787841796875
4.792985439300537
7.202248573303223
3.7500081062316895
6.541432857513428
8.526205062866211
6.4787702560424805
1000
8.09367847442627
6.487537860870361
7.035423755645752
7.990366458892822
6.139591693878174
8.709585189819336
7.151699066162109
3.5522680282592773
7.184884071350098
6.192791938781738
7.570057392120361
5.885716438293457
8.316752433776855
7.935680389404297
7.064747333526611
8.026778221130371
8.745318412780762
8.063684463500977
8.454565048217773
4.988159656524658
5.970877647399902
8.693510055541992
5.33934211730957
6.442793846130371
7.256777763366699
8.392308235168457
5.294626712799072
7.867524147033691
6.138276100158691
6.200302600860596
5.618978500366211
6.665651321411133
5.995323181152344
5.386300086975098
5.801814079284668
7.299691677093506
5.368309020996094
6.26964807510376
7.527822494506836
5.941910743713379
3.832599639892578
8.924965858459473
8.17031192779541
1000
7.911923885345459
7.8295183181762695
8.049281120300293
7.692646026611328
6.083835601806641
9.422919273376465
5.760059833526611
7.590935230255127
6.107086658477783
8.70937442779541
6.17793607711792
6.0789079666137695
7.431132793426514
6.8302412033081055
5.653304100036621
7.012237071990967
5.863474369049072
9.018182754516602
8.886582374572754
7.308450698852539
5.831233978271484
5.844861030578613
0.0
7.229461669921875
5.99676513671875
5.823121070861816
7.679912567138672
7.159067153930664
7.529358863830566
5.302547931671143
6.205167770385742
6.317983150482178
8.207462310791016
8.53236198425293
8.33962345123291
6.3740410804748535
7.315419673919678
8.130758285522461
5.209967613220215
5.623356342315674
7.27579402923584
6.9825663566589355
6.194281578063965
7.936339378356934
7.176268577575684
7.996580600738525
4.89354133605957
5.857821941375732
7.772294044494629
5.9145379066467285
7.423768997192383
5.151839256286621
9.711487770080566
6.6660637855529785
9.531927108764648
6.063399791717529
5.244690895080566
9.379886627197266
6.162614345550537
9.925792694091797
5.610340118408203
5.517491340637207
5.832226276397705
7.73970365524292
5.29077672958374
7.334362983703613
5.3541154861450195
6.328222751617432
6.5379638671875
6.514739990234375
7.7085795402526855
7.457127571105957
8.990545272827148
5.618061542510986
5.478039741516113
5.112491130828857
7.792664527893066
5.723724842071533
7.9563775062561035
7.86336612701416
6.044815540313721
7.43528413772583
5.112515449523926
7.060321807861328
6.3737030029296875
5.471445083618164
7.128556728363037
7.837783336639404
5.5706868171691895
7.218388557434082
6.616952896118164
6.602909088134766
7.195710182189941
8.692708015441895
6.372798919677734
5.0013837814331055
6.976452827453613
8.555671691894531
5.949786186218262
5.858163356781006
6.03528356552124
6.720133304595947
7.011129379272461
8.77184772491455
7.276158332824707
5.730348110198975
6.335145950317383
8.869972229003906
8.164183616638184
7.960901260375977
5.971041202545166
7.45682430267334
3.1755380630493164
9.533443450927734
7.356944561004639
7.291395664215088
7.597927093505859
10.82286548614502
2.819455862045288
8.779608726501465
7.4563703536987305
5.60378360748291
5.28359317779541
6.87899923324585
5.886229991912842
6.417630195617676
6.4665422439575195
8.419548034667969
6.150124549865723
9.110118865966797
5.936750411987305
8.022814750671387
6.477621078491211
6.139454364776611
7.124540328979492
3.5645294189453125
6.482640743255615
6.586989879608154
6.307399749755859
10.01414680480957
8.73138427734375
8.205989837646484
8.741002082824707
5.695021629333496
5.659562110900879
6.63661003112793
4.7946696281433105
6.110147953033447
9.225791931152344
6.944788932800293
5.292055130004883
7.412389755249023
6.268823623657227
5.0651044845581055
7.237257957458496
6.461802959442139
8.435482025146484
5.951171398162842
8.152307510375977
5.640012741088867
4.895218372344971
8.324942588806152
8.160951614379883
6.26600980758667
8.178934097290039
7.8808159828186035
8.156583786010742
1000
1000
8.19609546661377
9.415568351745605
6.003310680389404
7.832303524017334
6.214923858642578
5.480689525604248
7.482173442840576
9.456048011779785
8.322060585021973
6.594934463500977
6.592060565948486
7.155574321746826
5.711137771606445
1000
7.267856121063232
5.692902565002441
6.196630954742432
6.921100616455078
5.952078342437744
5.445720672607422
8.571428298950195
6.135951519012451
3.58858060836792
0.0
5.8139824867248535
9.25018310546875
5.112224578857422
6.807389736175537
5.43610954284668
8.448315620422363
7.065034866333008
5.82711935043335
6.4890546798706055
7.576054096221924
5.648129463195801
5.408802509307861
7.688493251800537
3.889207363128662
5.72213888168335
5.764373779296875
8.80652141571045
6.318696022033691
0.0
5.9433913230896
6.141711235046387
8.020700454711914
8.917601585388184
5.430093288421631
7.400942802429199
7.7655487060546875
5.954574108123779
7.116880416870117
5.823119640350342
7.806981086730957
6.302065372467041
7.583008289337158
5.162694454193115
7.866567134857178
9.031752586364746
4.900134563446045
4.564616680145264
3.170654296875
6.63783597946167
6.437281131744385
7.8532257080078125
8.064888000488281
7.7770891189575195
7.612751483917236
7.279465675354004
6.581724166870117
5.420468807220459
7.917233467102051
6.684393882751465
8.235822677612305
7.073991775512695
1000
1000
7.787684440612793
0.0
5.232943534851074
6.030905723571777
8.33518123626709
7.191903591156006
4.284616947174072
8.253801345825195
7.0107011795043945
9.11914348602295
5.409580707550049
5.3186798095703125
6.470574378967285
5.102307319641113
5.312654495239258
9.052640914916992
8.843310356140137
6.331786632537842
5.9419379234313965
5.610071659088135
6.528902053833008
8.696731567382812
6.3225321769714355
7.35689115524292
6.289597511291504
9.65687370300293
9.314327239990234
7.986100196838379
6.4920806884765625
7.458757400512695
7.11907958984375
5.105984687805176
8.371453285217285
7.429594993591309
5.641026020050049
7.996474266052246
6.043517112731934
5.968576908111572
7.352698802947998
5.2057576179504395
6.225121974945068
6.159045696258545
5.390684604644775
8.93341064453125
5.757259368896484
5.444549560546875
8.561232566833496
5.394683837890625
9.124250411987305
9.786747932434082
8.261748313903809
5.808582782745361
5.903885841369629
6.9247870445251465
9.7999906539917
6.079171657562256
1000
6.51685094833374
7.074948787689209
5.206315040588379
6.46943473815918
7.380312442779541
8.27440071105957
5.799653053283691
6.161460876464844
1000
8.083775520324707
7.247268199920654
5.995333194732666
4.518496513366699
0.0
6.148705005645752
2.9482009410858154
0.0
4.907065391540527
5.186886787414551
7.737181663513184
7.45491886138916
7.197317123413086
6.219672203063965
6.055767059326172
6.807816505432129
5.297675132751465
8.828385353088379
7.9649200439453125
6.278656005859375
8.084982872009277
6.372409820556641
7.99520206451416
7.794156551361084
10.205779075622559
8.242254257202148
7.463633060455322
5.17133092880249
6.107897758483887
9.020421028137207
5.68614387512207
7.863536357879639
5.5045390129089355
10.592255592346191
7.927900314331055
6.3828959465026855
9.451311111450195
5.909701347351074
4.442419052124023
5.242641925811768
5.890514850616455
6.453524112701416
6.212934970855713
7.775035381317139
7.225959777832031
1000
6.105642318725586
5.62083625793457
5.367077827453613
6.138901710510254
7.167148113250732
8.936091423034668
9.134153366088867
7.184832572937012
2.7964375019073486
6.199630260467529
3.8190956115722656
6.221800804138184
5.834025859832764
10.101964950561523
8.439142227172852
5.06672477722168
9.98482894897461
5.519534111022949
7.083475589752197
5.420017719268799
5.44809627532959
4.936117649078369
6.150728225708008
5.753556728363037
3.488978147506714
8.75070571899414
9.56910228729248
8.688753128051758
4.999450206756592
6.940430164337158
7.116012096405029
7.686862468719482
7.410934925079346
6.855598449707031
4.80009126663208
6.250146865844727
5.326344966888428
7.133500099182129
8.2027006149292
7.579614639282227
8.87515926361084
7.675192356109619
6.146717071533203
3.29988169670105
6.353901386260986
7.502876281738281
9.220617294311523
6.516162872314453
8.351421356201172
7.357275009155273
5.961933612823486
7.436615943908691
8.854301452636719
6.914534091949463
8.704368591308594
7.317241191864014
5.438620090484619
7.724192142486572
7.587352275848389
9.579933166503906
9.00006103515625
7.722073078155518
10.108330726623535
5.088074684143066
3.824079751968384
7.784005641937256
1000
7.4138102531433105
7.884507179260254
8.065247535705566
6.470195293426514
5.494574069976807
6.617895603179932
6.0323262214660645
8.464367866516113
5.914883613586426
9.80542278289795
7.928933143615723
7.5962090492248535
5.301101207733154
5.905362606048584
6.230996608734131
7.423221111297607
7.936882019042969
4.933680534362793
8.56157398223877
9.141186714172363
8.056897163391113
5.66934061050415
9.768110275268555
7.922466278076172
3.0105226039886475
5.518068313598633
6.07899284362793
9.696925163269043
2.832554578781128
5.1712141036987305
6.07106351852417
7.03066349029541
8.135231971740723
7.548058986663818
9.450358390808105
6.886478424072266
9.373373985290527
3.1325130462646484
8.74121379852295
5.452128887176514
6.134732246398926
7.942862033843994
8.201942443847656
8.696593284606934
5.383971691131592
6.353396892547607
7.273501873016357
8.265310287475586
9.238950729370117
9.101482391357422
7.2935261726379395
5.159377098083496
7.412380218505859
8.080538749694824
7.560250759124756
6.827390193939209
6.441256999969482
9.456743240356445
7.887811660766602
3.8627593517303467
6.954987049102783
5.610843181610107
5.671025276184082
7.29074764251709
7.807027339935303
4.334168910980225
6.723164081573486
9.211413383483887
8.67581558227539
7.382102966308594
5.649576663970947
4.728970050811768
6.782861709594727
5.435826301574707
6.125385761260986
9.496621131896973
5.978368759155273
1000
8.47592830657959
7.149982929229736
7.800296783447266
7.140804767608643
7.093711853027344
7.529212474822998
7.544571399688721
5.419564723968506
6.233246326446533
7.469295024871826
7.825709342956543
8.489760398864746
6.950811386108398
5.652495384216309
5.442236423492432
6.100735187530518
8.934267044067383
6.4440717697143555
6.425471782684326
8.188196182250977
5.574038982391357
8.599435806274414
7.064830780029297
7.630640029907227
1000
9.378317832946777
6.27808952331543
4.0407633781433105
7.9169416427612305
7.7483673095703125
6.077378273010254
6.236168384552002
8.525328636169434
10.150983810424805
6.751600742340088
5.093713283538818
7.4261064529418945
6.290648460388184
6.745821952819824
8.035761833190918
5.87087345123291
6.646559715270996
5.276703834533691
6.2439751625061035
6.237064838409424
8.713371276855469
6.371509075164795
6.168590068817139
8.16407299041748
7.324125289916992
5.933724880218506
7.545877933502197
3.237797260284424
7.159875869750977
8.494322776794434
7.9764323234558105
5.6037774085998535
0.0
8.250956535339355
8.223233222961426
5.54795503616333
7.161610126495361
6.164839267730713
5.303551197052002
5.945077419281006
7.4607720375061035
7.330799579620361
7.429387092590332
5.458663463592529
1000
5.605223178863525
7.199184894561768
7.6220855712890625
7.708935260772705
6.874374866485596
5.377227306365967
7.142115592956543
8.627097129821777
6.751546382904053
7.892706394195557
7.473777770996094
8.413606643676758
10.858990669250488
8.974309921264648
2.908586025238037
4.230287075042725
7.800380706787109
8.21534252166748
3.8377957344055176
9.048049926757812
8.468284606933594
5.840755462646484
7.720941066741943
6.005820274353027
4.019914150238037
6.415656089782715
6.194758415222168
5.86019229888916
5.226294040679932
9.720437049865723
8.767027854919434
6.537332057952881
6.887271404266357
6.1291608810424805
7.959595203399658
5.918545722961426
6.772123336791992
6.695057392120361
0.0
7.157790184020996
10.102276802062988
6.752565383911133
10.669398307800293
5.95538854598999
6.882919788360596
9.167410850524902
7.686051845550537
5.35518217086792
8.619540214538574
8.465368270874023
7.148201942443848
7.713708400726318
5.718525409698486
6.073885917663574
6.270198345184326
7.165862083435059
6.094605445861816
5.670052528381348
0.0
7.374958038330078
8.00131893157959
7.375534534454346
8.506662368774414
6.843339920043945
6.214483261108398
5.292165279388428
6.667811870574951
5.986372470855713
8.379408836364746
4.041347026824951
5.896430969238281
6.027322292327881
4.146002769470215
8.731802940368652
6.753978729248047
6.764062404632568
8.911087036132812
6.282288551330566
6.597287654876709
8.297419548034668
7.877199172973633
6.006847858428955
7.458872318267822
7.673311710357666
6.00793981552124
1000
5.640160083770752
7.65614652633667
6.079028606414795
6.149796485900879
9.545267105102539
1000
7.5206685066223145
6.502889633178711
9.001297950744629
5.544594764709473
6.018827438354492
8.789196014404297
8.093173027038574
8.966876983642578
8.828276634216309
8.079312324523926
1000
10.08969783782959
1000
8.875619888305664
6.927731037139893
5.535305976867676
6.457507610321045
7.232830047607422
7.693912506103516
3.77315354347229
6.050450801849365
8.319448471069336
9.581869125366211
6.752898216247559
6.167687892913818
10.716202735900879
7.270054817199707
9.083039283752441
7.373416423797607
7.962841033935547
5.7094879150390625
7.462948322296143
6.169013977050781
5.6035261154174805
7.110749244689941
4.26298189163208
8.252190589904785
5.401775360107422
6.471310615539551
5.311729431152344
5.632198333740234
5.593719482421875
5.5582685470581055
7.873741149902344
7.887113094329834
5.612583637237549
6.162454128265381
7.89419412612915
5.424954414367676
8.240485191345215
7.6677069664001465
9.346921920776367
0.0
8.6278715133667
6.383760452270508
7.5262346267700195
5.523059844970703
7.863734722137451
6.193778038024902
6.384654998779297
8.402565956115723
8.000999450683594
6.794675827026367
5.724565029144287
9.075567245483398
6.921314716339111
8.480035781860352
7.449164867401123
6.345008373260498
8.992314338684082
1000
7.819468975067139
4.741964817047119
7.068612575531006
8.396531105041504
8.234781265258789
5.683138847351074
9.58266830444336
9.869414329528809
9.221823692321777
5.19220495223999
9.674104690551758
1000
8.246270179748535
1000
9.682266235351562
6.036388874053955
0.0
3.704686403274536
5.644660949707031
7.53415584564209
5.385191917419434
8.545727729797363
7.351154327392578
8.127477645874023
5.549811840057373
5.191620826721191
8.13657283782959
8.40206527709961
6.222579479217529
6.9301371574401855
7.570267677307129
6.2234272956848145
8.063456535339355
6.449018478393555
1000
4.287657260894775
7.627270698547363
7.159182548522949
7.05500602722168
9.45492172241211
9.219351768493652
6.803964614868164
5.614473342895508
7.698575973510742
5.857183933258057
7.980587959289551
6.509593486785889
10.566512107849121
6.3399200439453125
8.205458641052246
8.262662887573242
6.938690185546875
7.669150352478027
5.681497097015381
7.235745429992676
5.202864646911621
9.589441299438477
7.368045330047607
10.637211799621582
2.9508330821990967
8.495488166809082
6.755233287811279
8.348428726196289
5.694930553436279
5.652764320373535
6.0919599533081055
6.17592191696167
8.635635375976562
8.054437637329102
8.016995429992676
6.963081359863281
5.324197769165039
7.669601917266846
4.2079362869262695
5.695402145385742
4.666027545928955
7.333789348602295
7.337328910827637
6.05045747756958
5.504654884338379
8.893163681030273
6.723101615905762
0.0
6.241697311401367
6.312797546386719
5.058978080749512
5.327603816986084
7.627196311950684
7.056672096252441
5.757969379425049
6.577210426330566
4.497311115264893
6.212574005126953
6.838260650634766
5.883908271789551
5.571954250335693
8.031323432922363
5.566242218017578
5.315189838409424
4.986981391906738
2.920789957046509
5.839071750640869
5.276919841766357
6.368189811706543
5.424689292907715
7.728158473968506
7.279314041137695
10.31731128692627
9.439319610595703
8.212607383728027
9.307575225830078
6.17758321762085
5.609931468963623
6.597565174102783
6.173747539520264
9.091212272644043
8.676216125488281
6.754921913146973
7.2179083824157715
5.394252777099609
8.40311336517334
6.456991195678711
5.766180992126465
4.873928546905518
7.8522491455078125
9.45162296295166
8.040753364562988
4.950454235076904
7.236405372619629
6.039652347564697
7.717054843902588
9.366397857666016
1000
8.799482345581055
5.381908893585205

BA
1000
1000
1000
1000
1000
1000
1000
1000
1000
1000
1000
1000
1000
1000
1000
1000
1000
1000
1000
1000
1000
1000
1000
1000
1000
1000
1000
1000
1000
1000
1000
1000
1000
1000
1000
1000
1000
1000
1000
1000
1000
1000
1000
1000
1000
1000
1000
1000
1000
1000
1000
1000
1000
1000
1000
1000
1000
1000
1000
1000
1000
1000
1000
1000
1000
1000
1000
1000
1000
1000
1000
1000
1000
1000
1000
1000
1000
1000
1000
1000
1000
1000
1000
1000
1000
1000
1000
1000
1000
1000
1000
1000
1000
1000
1000
1000
1000
1000
1000
1000
1000
1000
1000
1000
1000
1000
1000
1000
1000
1000
1000
1000
1000
1000
1000
1000
1000
1000
1000
1000
1000
1000
1000
1000
1000
1000
1000
1000
1000
1000
1000
1000
1000
1000
1000
1000
1000
1000
1000
1000
1000
1000
1000
1000
1000
1000
1000
1000
1000
1000
1000
1000
1000
1000
1000
1000
1000
1000
1000
1000
1000
1000
1000
1000
1000
1000
1000
1000
1000
1000
1000
1000
1000
1000
1000
1000
1000
1000
1000
1000
1000
1000
1000
1000
1000
1000
1000
1000
1000
1000
1000
1000
1000
1000
1000
1000
1000
1000
1000
1000
1000
1000
1000
1000
1000
1000
1000
1000
1000
1000
1000
1000
1000
1000
1000
1000
1000
1000
1000
1000
1000
1000
1000
1000
1000
1000
1000
1000
1000
1000
1000
1000
1000
1000
1000
1000
1000
1000
1000
1000
1000
1000
1000
1000
1000
1000
1000
1000
1000
1000
1000
1000
1000
1000
1000
1000
1000
1000
1000
1000
1000
1000
1000
1000
1000
1000
1000
1000
1000
1000
1000
1000
1000
1000
1000
1000
1000
1000
1000
1000
1000
1000
1000
1000
1000
1000
1000
1000
1000
1000
1000
1000
1000
1000
1000
1000
1000
1000
1000
1000
1000
1000
1000
1000
1000
1000
1000
1000
1000
1000
1000
1000
1000
1000
1000
1000
1000
1000
1000
1000
1000
1000
1000
1000
1000
1000
1000
1000
1000
1000
1000
1000
1000
1000
1000
1000
1000
1000
1000
1000
1000
1000
1000
1000
1000
1000
1000
1000
1000
1000
1000
1000
1000
1000
1000
1000
1000
1000
1000
1000
1000
1000
1000
1000
1000
1000
1000
1000
1000
1000
1000
1000
1000
1000
1000
1000
1000
1000
1000
1000
1000
1000
1000
1000
1000
1000
1000
1000
1000
1000
1000
1000
1000
1000
1000
1000
1000
1000
1000
1000
1000
1000
1000
1000
1000
1000
1000
1000
1000
1000
1000
1000
1000
1000
1000
1000
1000
1000
1000
1000
1000
1000
1000
1000
1000
1000
1000
1000
1000
1000
1000
1000
1000
1000
1000
1000
1000
1000
1000
1000
1000
1000
1000
1000
1000
1000
1000
1000
1000
1000
1000
1000
1000
1000
1000
1000
1000
1000
1000
1000
1000
1000
1000
1000
1000
1000
1000
1000
1000
1000
1000
1000
1000
1000
1000
1000
1000
1000
1000
1000
1000
1000
1000
1000
1000
1000
1000
1000
1000
1000
1000
1000
1000
1000
1000
1000
1000
1000
1000
1000
1000
1000
1000
1000
1000
1000
1000
1000
1000
1000
1000
1000
1000
1000
1000
1000
1000
1000
1000
1000
1000
1000
1000
1000
1000
1000
1000
1000
1000
1000
1000
1000
1000
1000
1000
1000
1000
1000
1000
1000
1000
1000
1000
1000
1000
1000
1000
1000
1000
1000
1000
1000
1000
1000
1000
1000
1000
1000
1000
1000
1000
1000
1000
1000
1000
1000
1000
1000
1000
1000
1000
1000
1000
1000
1000
1000
1000
1000
1000
1000
1000
1000
1000
1000
1000
1000
1000
1000
1000
1000
1000
1000
1000
1000
1000
1000
1000
1000
1000
1000
1000
1000
1000
1000
1000
1000
1000
1000
1000
1000
1000
1000
1000
1000
1000
1000
1000
1000
1000
1000
1000
1000
1000
1000
1000
1000
1000
1000
1000
1000
1000
1000
1000
1000
1000
1000
1000
1000
1000
1000
1000
1000
1000
1000
1000
1000
1000
1000
1000
1000
1000
1000
1000
1000
1000
1000
1000
1000
1000
1000
1000
1000
1000
1000
1000
1000
1000
1000
1000
1000
1000
1000
1000
1000
1000
1000
1000
1000
1000
1000
1000
1000
1000
1000
1000
1000
1000
1000
1000
1000
1000
1000
1000
1000
1000
1000
1000
1000
1000
1000
1000
1000
1000
1000
1000
1000
1000
1000
1000
1000
1000
1000
1000
1000
1000
1000
1000
1000
1000
1000
1000
1000
1000
1000
1000
1000
1000
1000
1000
1000
1000
1000
1000
1000
1000
1000
1000
1000
1000
1000
1000
1000
1000
1000
1000
1000
1000
1000
1000
1000
1000
1000
1000
1000
1000
1000
1000
1000
1000
1000
1000
1000
1000
1000
1000
1000
1000
1000
1000
1000
1000
1000
1000
1000
1000
1000
1000
1000
1000
1000
1000
1000
1000
1000
1000
1000
1000
1000
1000
1000
1000
1000
1000
1000
1000
1000
1000
1000
1000
1000
1000
1000
1000
1000
1000
1000
1000
1000
1000
1000
1000
1000
1000
1000
1000
1000
1000
1000
1000
1000
1000
1000
1000
1000
1000
1000
1000
1000
1000
1000
1000
1000
1000
1000
1000
1000
1000
1000
1000
1000
1000
1000
1000
1000
1000
1000
1000
1000
1000
1000
1000
1000
1000
1000
1000
1000
1000
1000
1000
1000
1000
1000
1000
1000
1000
1000
1000
1000
1000
1000
1000
1000
1000
1000
1000
1000
1000
1000
1000
1000
1000
1000
1000
1000
1000
1000
1000
1000
1000
1000
1000
1000
1000
1000
1000
1000
1000
1000
1000
1000
1000
1000
1000
1000
1000
1000
1000
1000
1000
1000
1000
1000
1000
1000
1000
1000
1000
1000
1000
1000
1000
1000
1000
1000
1000
1000
1000
1000
1000
1000
1000
1000
1000
1000
1000
1000
1000
1000
1000
1000
1000
1000
1000
1000
1000
1000
1000
1000
1000
1000
1000
1000
1000
1000
1000
1000
1000
1000
1000
1000
1000
1000
1000
1000
1000
1000
1000
1000
1000
1000
1000
1000
1000
1000
1000
1000
1000
1000
1000
1000
1000
1000
1000
1000
1000
1000
1000
1000
1000
1000
1000
1000
1000
1000
1000
1000
1000
1000
1000
1000

DeepFool
5.737488269805908
6.2723469734191895
3.6430225372314453
5.0516037940979
2.8505136966705322
4.3409528732299805
2.9153523445129395
3.4005701541900635
2.751631259918213
2.703350782394409
5.30779504776001
5.199710369110107
3.244671106338501
5.1338982582092285
3.89699125289917
2.8137686252593994
3.713437795639038
6.448747158050537
0.5295289158821106
2.9819915294647217
2.2121665477752686
3.530406951904297
4.437178134918213
4.029305934906006
1.4365404844284058
5.033207893371582
3.8580098152160645
3.050961971282959
4.788088798522949
4.322059631347656
4.354186058044434
3.4895105361938477
4.353670597076416
2.6533098220825195
4.772846698760986
5.187108993530273
3.1981394290924072
4.502719402313232
3.700368881225586
4.529769420623779
4.006349563598633
3.2597975730895996
3.082963228225708
3.1501898765563965
3.7642624378204346
2.207975387573242
5.083228588104248
4.695260047912598
2.1084177494049072
3.4870967864990234
3.261686086654663
4.152320861816406
4.599653244018555
3.4549834728240967
6.185184001922607
4.006922721862793
6.204891681671143
2.9181747436523438
4.168313503265381
2.865360736846924
5.711304187774658
2.5995290279388428
1.182311773300171
2.083646297454834
4.998757362365723
1.294095754623413
4.823909759521484
3.9285411834716797
3.3248255252838135
6.1010212898254395
6.2405781745910645
7.746575832366943
5.012657165527344
1.1755207777023315
4.153783321380615
4.839422225952148
3.3719043731689453
3.7567543983459473
2.949934959411621
5.06011438369751
0.7842519283294678
3.98559308052063
7.117491722106934
2.252558708190918
5.04385232925415
5.648584842681885
5.143205642700195
3.676138401031494
5.416487693786621
3.14461350440979
3.196929931640625
5.29279088973999
0.7258129715919495
3.0500311851501465
4.5872955322265625
2.4200503826141357
3.3717498779296875
3.9305264949798584
4.655805587768555
4.385066986083984
4.691640853881836
5.2628655433654785
3.911766290664673
5.181158542633057
2.031499147415161
4.549118518829346
4.581131458282471
3.366232395172119
3.7070045471191406
3.7065536975860596
3.353329658508301
2.064997673034668
3.894231081008911
4.245031833648682
3.522836685180664
1.4400523900985718
2.187433958053589
5.63569450378418
3.1570308208465576
2.0871481895446777
2.1251845359802246
2.2353103160858154
4.680605888366699
5.606152534484863
3.279325008392334
1.718511939048767
4.6975884437561035
4.025879859924316
4.582398891448975
3.7450649738311768
4.788909435272217
4.750646591186523
3.6411993503570557
3.1507153511047363
5.349594593048096
5.0643229484558105
5.370233058929443
4.480552673339844
5.215238571166992
1.9269015789031982
4.288496494293213
5.46510648727417
3.6764004230499268
4.511855602264404
2.6227803230285645
4.747114181518555
5.972382068634033
5.235316276550293
4.406758785247803
2.3759055137634277
3.8087096214294434
0.0
3.171919107437134
2.5943026542663574
4.457858085632324
5.084115505218506
6.339028835296631
5.100217819213867
2.2602105140686035
2.4246318340301514
3.248347282409668
6.383001804351807
6.324967384338379
4.13120174407959
3.6030519008636475
3.6302762031555176
3.0495645999908447
2.3000400066375732
4.821698188781738
2.501795530319214
1.9120548963546753
4.175616264343262
4.940054416656494
3.4842026233673096
5.4464030265808105
1.3114055395126343
3.7781765460968018
3.2191624641418457
4.3347086906433105
2.4013688564300537
3.513669729232788
5.308926582336426
2.9633822441101074
6.008183002471924
1.972573161125183
2.830035924911499
5.1513142585754395
2.9673054218292236
6.767099380493164
3.4030325412750244
3.224198579788208
3.82898211479187
5.265734672546387
2.0698583126068115
4.835374355316162
2.3123762607574463
4.852557182312012
5.29710054397583
1.6709673404693604
2.379014015197754
4.326878547668457
6.222550392150879
3.391906976699829
4.310571670532227
4.493531703948975
4.373814582824707
3.5016772747039795
1.9843295812606812
5.476768970489502
4.226034164428711
3.7456817626953125
1.4978244304656982
4.995750904083252
3.7033486366271973
2.6560497283935547
5.436466217041016
4.7614850997924805
1.4325082302093506
4.023705959320068
3.1536905765533447
2.2898993492126465
4.005187511444092
5.198965549468994
4.782469749450684
3.5817105770111084
3.598644256591797
4.104965686798096
3.0871970653533936
4.473574161529541
2.4216794967651367
3.2673416137695312
2.897099256515503
2.74717378616333
2.4286046028137207
3.754328489303589
3.5593347549438477
6.496634006500244
5.250192165374756
3.862976312637329
4.4336395263671875
3.3841638565063477
0.2141161561012268
3.7919187545776367
3.5958001613616943
3.0883119106292725
2.1386024951934814
7.663082122802734
0.10978583991527557
4.6569647789001465
3.142437219619751
1.1674541234970093
4.057226181030273
5.876663684844971
3.6724655628204346
4.1109395027160645
2.9887397289276123
4.809749126434326
2.352949380874634
4.736691474914551
2.18436598777771
4.095335483551025
3.5577645301818848
5.73427677154541
3.4129817485809326
1.5043890476226807
4.984477519989014
1.4328124523162842
5.453214168548584
2.873202323913574
4.434760570526123
4.0274338722229
5.231954574584961
3.640882968902588
2.8233354091644287
2.9850234985351562
2.689286231994629
5.453804016113281
3.601487398147583
3.8733177185058594
4.099893569946289
4.764895439147949
3.1706433296203613
2.5308423042297363
3.483201026916504
4.66114616394043
5.095902442932129
3.879302501678467
5.227421283721924
4.294942855834961
2.051003932952881
2.4099695682525635
4.608700275421143
3.615560293197632
4.9608378410339355
5.1061201095581055
3.194688558578491
8.01009750366211
4.160401344299316
5.674229145050049
3.2989747524261475
4.125229358673096
5.074702262878418
5.173214435577393
3.5240628719329834
3.221423864364624
6.258129119873047
5.6262006759643555
3.5221681594848633
3.74430513381958
4.0397467613220215
2.4900946617126465
7.7630133628845215
6.061210632324219
3.751955032348633
5.336683750152588
4.328690052032471
4.149144172668457
3.5285251140594482
3.8923351764678955
3.095440149307251
0.8551567792892456
0.0
4.271446228027344
4.100488662719727
3.160822629928589
2.549368143081665
2.6154191493988037
5.6776604652404785
3.569011926651001
4.764998435974121
4.68118143081665
5.310550689697266
5.2163004875183105
2.0233771800994873
4.3580169677734375
1.581335425376892
2.4391541481018066
4.04794979095459
3.142437696456909
4.418161392211914
0.0
2.5069944858551025
3.9488542079925537
2.7963781356811523
2.990736722946167
4.873171806335449
4.082415580749512
1.6587952375411987
3.66957688331604
2.080843687057495
4.293891906738281
3.8889353275299072
2.1371023654937744
4.167424201965332
4.404572010040283
5.001780986785889
4.266122341156006
4.002988338470459
1.3958046436309814
0.5647568106651306
6.529948711395264
4.534834861755371
3.841128349304199
3.752638578414917
5.0505475997924805
4.176147937774658
3.5670483112335205
3.0317113399505615
4.109695911407471
2.8813936710357666
4.810876369476318
6.954639434814453
4.822043418884277
4.878525257110596
4.413421630859375
4.191671848297119
0.0
3.582688808441162
4.855330944061279
3.734898328781128
6.399019241333008
0.9367835521697998
3.7873542308807373
3.6820003986358643
6.150109767913818
4.712535858154297
2.5737709999084473
3.3920984268188477
4.787075996398926
2.5109546184539795
4.627917766571045
2.7923059463500977
4.07325553894043
3.8223304748535156
2.45039701461792
3.672281503677368
5.8526411056518555
2.5911927223205566
3.3954989910125732
3.512523651123047
3.6919901371002197
4.062418460845947
3.933520555496216
3.067885160446167
3.459557056427002
3.0943667888641357
0.7667373418807983
5.55656099319458
3.531324625015259
3.8137683868408203
5.829080104827881
2.1296310424804688
1.406487226486206
4.659986972808838
2.553168535232544
2.9322025775909424
4.676436901092529
2.265145778656006
5.265719890594482
4.171270847320557
2.582073450088501
3.4333279132843018
2.314953088760376
5.422327041625977
5.5793681144714355
6.744874477386475
3.4781179428100586
4.219010353088379
3.4596850872039795
4.817979335784912
4.724435806274414
3.3069396018981934
3.4402308464050293
4.673158168792725
3.4830501079559326
3.102775812149048
4.198051929473877
4.267660617828369
2.402911901473999
3.5374910831451416
6.47471284866333
5.273859024047852
4.005876541137695
2.7882888317108154
0.9567956924438477
0.0
4.38221549987793
0.13685351610183716
0.0
1.0266549587249756
1.7543812990188599
3.6480517387390137
3.7768144607543945
4.042201042175293
4.1445465087890625
5.462130069732666
2.6242868900299072
2.6284823417663574
5.186185836791992
5.066053867340088
2.308772087097168
6.552453994750977
3.5722687244415283
6.296989440917969
1.728697657585144
4.3752055168151855
4.802680969238281
4.5834736824035645
3.175520658493042
2.08528995513916
4.262992858886719
1.5991414785385132
4.530696392059326
3.918240547180176
5.282115459442139
4.748238563537598
4.272494316101074
6.384212493896484
2.047983169555664
1.0158392190933228
4.325355052947998
3.6591572761535645
6.043850421905518
3.728038787841797
2.7714099884033203
5.287231922149658
4.299539089202881
3.807215690612793
2.443406820297241
3.1059463024139404
2.798063039779663
2.6038405895233154
2.6316566467285156
4.1465983390808105
6.755748271942139
0.4675649106502533
3.8806254863739014
1.3051222562789917
3.2086503505706787
3.5360472202301025
6.00445032119751
5.274834632873535
2.171448230743408
7.417391300201416
3.4500844478607178
2.0483126640319824
4.931188106536865
1.9009839296340942
2.5444509983062744
2.5699315071105957
3.8303661346435547
1.441819429397583
4.3025922775268555
5.593343257904053
5.387094020843506
1.6481072902679443
4.446779251098633
4.787787437438965
4.6603899002075195
1.558212161064148
4.168291091918945
3.087826728820801
3.2917776107788086
3.212339162826538
4.783951759338379
5.07567834854126
2.5391390323638916
3.450248956680298
4.021671772003174
5.183799743652344
1.0929505825042725
2.4818062782287598
1.5825446844100952
4.637831687927246
5.246134281158447
4.83430814743042
5.04024076461792
3.6738455295562744
3.7640185356140137
4.661524295806885
2.7759056091308594
3.821526050567627
1.7643293142318726
2.863372802734375
4.454195499420166
4.517237186431885
5.735671520233154
3.722470998764038
3.1649622917175293
4.2370686531066895
1.4800337553024292
1.155587911605835
2.9099009037017822
4.583959579467773
4.11981201171875
2.707871675491333
4.79204797744751
3.2133398056030273
3.790635347366333
3.396484851837158
3.167708396911621
3.456428050994873
4.273011207580566
4.981322288513184
5.273403644561768
1.5614069700241089
3.083099842071533
3.7005696296691895
4.547961711883545
5.282017707824707
3.448598861694336
1.0320059061050415
4.046387672424316
5.933477401733398
4.09279203414917
4.423813819885254
4.505777359008789
3.148801803588867
0.3647598922252655
2.1644399166107178
3.0076441764831543
3.749688148498535
0.02423430234193802
0.8425784707069397
4.038641929626465
4.92654275894165
4.4449663162231445
4.580392360687256
3.5832276344299316
2.7709434032440186
4.641366481781006
0.44836127758026123
6.934906482696533
1.6986026763916016
4.479193687438965
4.213912010192871
3.700812816619873
6.082986831665039
3.762861728668213
4.584697723388672
6.237232208251953
3.727285861968994
6.7052388191223145
3.076145887374878
3.423621892929077
1.8443204164505005
2.8057785034179688
5.381374359130859
5.4649434089660645
4.025419235229492
2.0915095806121826
4.695221900939941
4.946401119232178
0.35701704025268555
2.895103931427002
4.180113315582275
3.783186197280884
2.994018077850342
2.6056935787200928
1.9494811296463013
4.745757579803467
4.153609275817871
4.371840953826904
6.395461559295654
3.306917428970337
1.375457525253296
5.7581610679626465
2.368286609649658
1.2170825004577637
3.850813865661621
3.0254502296447754
5.852298259735107
5.001128673553467
5.679965972900391
5.954187393188477
3.141896963119507
5.692685127258301
3.4152750968933105
4.475498199462891
3.2097795009613037
3.841610908508301
3.700786828994751
5.151052474975586
5.148986339569092
4.85744571685791
1.8493002653121948
1.9025354385375977
3.979604959487915
3.7742536067962646
4.052426338195801
3.7340896129608154
5.193376541137695
3.8032889366149902
4.591998100280762
3.129774332046509
2.8388266563415527
6.402990818023682
3.0993988513946533
4.39294958114624
0.660965621471405
3.656378746032715
3.118239641189575
5.034412860870361
5.249322891235352
4.1570258140563965
7.805639743804932
1.6832914352416992
2.18900465965271
4.146341800689697
2.8480396270751953
3.9604485034942627
4.087329864501953
5.311865329742432
5.1885085105896
0.7553694248199463
4.931408405303955
4.141578197479248
4.408006191253662
4.402512073516846
3.2546541690826416
6.942674160003662
4.745514392852783
4.234589099884033
3.375462770462036
0.8996910452842712
4.237365245819092
4.214901924133301
3.545114278793335
3.0156290531158447
0.0
4.5198073387146
1.9422158002853394
2.8709259033203125
4.465390682220459
1.8454539775848389
3.3846864700317383
3.5535290241241455
3.7639245986938477
2.2918012142181396
2.543407917022705
4.706186294555664
5.414165496826172
4.210576057434082
3.881514072418213
5.1740312576293945
4.434475898742676
4.869096279144287
1.4764912128448486
3.20575213432312
4.57471227645874
3.196901321411133
3.4399566650390625
2.8040988445281982
4.400759696960449
2.960378408432007
5.769250869750977
0.859221875667572
2.561633825302124
4.558024883270264
6.332242488861084
1.0251340866088867
5.860609531402588
4.924956798553467
3.2410831451416016
5.097675323486328
4.383378982543945
1.530870795249939
2.1843268871307373
2.7180585861206055
3.948293447494507
2.928215980529785
6.606537818908691
5.382028102874756
2.8495779037475586
4.080391883850098
5.250025749206543
3.492143154144287
4.310237884521484
3.036375045776367
2.547433614730835
0.0
4.116800785064697
6.907378673553467
3.9720003604888916
5.677434921264648
4.434642314910889
2.5166165828704834
3.9736759662628174
3.2719573974609375
3.672466516494751
5.930721759796143
3.8031234741210938
2.7595129013061523
3.667478322982788
4.877738952636719
4.62394380569458
5.217850685119629
2.548267126083374
3.024923324584961
3.227611780166626
0.0
5.156345367431641
4.4824628829956055
5.139891624450684
5.061117649078369
3.401630401611328
2.5959668159484863
3.2352516651153564
4.150797367095947
3.5849125385284424
3.6232550144195557
1.0782984495162964
3.6645729541778564
4.7705278396606445
0.6589385271072388
3.573296308517456
4.057570457458496
4.908991813659668
3.877546548843384
2.6429245471954346
3.7462716102600098
3.398367166519165
4.3797807693481445
3.6899516582489014
5.0793280601501465
1.6612448692321777
3.3852109909057617
3.912628650665283
3.636693239212036
1.9952129125595093
3.3203444480895996
2.223759889602661
5.839695930480957
4.810451030731201
6.176412582397461
1.626844048500061
6.698392868041992
2.7777726650238037
4.096712112426758
6.26278829574585
3.650848865509033
5.245697021484375
4.916868209838867
5.375732898712158
4.606033802032471
4.5607781410217285
4.52045202255249
4.123929977416992
3.507964849472046
3.931851625442505
3.5838065147399902
4.599485397338867
4.089241981506348
0.6312065720558167
5.988043785095215
4.211931228637695
4.096108436584473
3.3106534481048584
4.141820430755615
5.678015232086182
5.564760208129883
4.86514949798584
6.367472171783447
2.3376591205596924
5.0504045486450195
3.296887159347534
4.692570686340332
2.6519346237182617
3.5778231620788574
1.8556939363479614
2.7467947006225586
2.442852258682251
2.9027559757232666
2.2854974269866943
3.7301647663116455
4.152512550354004
4.128640174865723
4.96453332901001
2.796704053878784
1.3277573585510254
4.223743438720703
3.722097635269165
2.6372292041778564
4.8030195236206055
2.446894645690918
6.057280540466309
0.0
3.3603057861328125
5.021524906158447
4.65647554397583
4.309511184692383
5.647111415863037
4.318314552307129
3.989079236984253
5.625935077667236
3.297260046005249
3.4278883934020996
1.990456461906433
3.7630362510681152
1.8929041624069214
7.380751609802246
4.111812591552734
2.505058765411377
4.4670796394348145
3.359592914581299
4.019984722137451
1.0495591163635254
3.949876546859741
3.71512770652771
4.450178146362305
2.532498836517334
7.011178970336914
3.78118896484375
5.677947521209717
2.52801251411438
4.521994113922119
5.288219451904297
1.7425611019134521
3.492029905319214
3.3798162937164307
6.203848361968994
0.0
0.8397026062011719
3.588510513305664
4.669528484344482
4.165264129638672
4.714953422546387
3.7119460105895996
5.859791278839111
5.08730411529541
1.7112752199172974
6.397914409637451
5.601233005523682
4.484475135803223
2.6260440349578857
2.8311917781829834
3.6682708263397217
4.887628078460693
4.511288166046143
3.9323482513427734
1.3185210227966309
4.0199995040893555
2.152775287628174
4.36964225769043
6.63217830657959
7.077066898345947
3.2288589477539062
4.578227996826172
4.115438938140869
4.311258792877197
3.7675023078918457
4.384146690368652
4.721964359283447
4.881126403808594
5.2432708740234375
3.2452447414398193
3.2096474170684814
3.0239250659942627
4.226834774017334
4.634155750274658
3.2445168495178223
5.9936604499816895
3.7820770740509033
5.9482502937316895
0.20879177749156952
4.420576095581055
2.1049559116363525
3.7941720485687256
3.397456645965576
3.5291435718536377
3.9728474617004395
1.5286587476730347
5.6072468757629395
3.8004884719848633
4.077445030212402
3.2064623832702637
0.9018723964691162
6.9181952476501465
0.9332724213600159
2.202996253967285
1.7398388385772705
4.7448344230651855
5.194579124450684
4.097031116485596
2.251246929168701
4.962122440338135
2.5613527297973633
0.0
5.228578567504883
4.828676223754883
2.501927375793457
1.220937728881836
3.6107380390167236
2.7772014141082764
4.705191612243652
2.4183948040008545
1.3161182403564453
1.8837711811065674
1.4440339803695679
1.3830541372299194
2.0408806800842285
4.450403690338135
1.6962090730667114
3.6871166229248047
2.84411883354187
0.05581389740109444
2.437671422958374
4.777080059051514
3.8723318576812744
2.770627737045288
3.572661876678467
5.233901023864746
6.839109897613525
5.973903656005859
6.364190101623535
4.194513320922852
1.1461416482925415
2.7781927585601807
3.3833775520324707
4.11750602722168
7.06649923324585
6.113766193389893
2.638420343399048
4.727490425109863
4.749645709991455
4.074965953826904
3.9921703338623047
2.710855007171631
4.135034084320068
3.8635666370391846
4.4984846115112305
4.311490535736084
2.2524590492248535
5.047496795654297
3.495577573776245
2.689347743988037
6.282470703125
5.32370138168335
3.9975903034210205
2.5147621631622314

PAL2
3.100125551223755
3.0528202056884766
1.8715391159057617
3.5592494010925293
1.2135305404663086
1.6066246032714844
1.6967339515686035
2.0922439098358154
1.797186017036438
2.726867437362671
3.392319679260254
4.362506866455078
2.084505796432495
3.0289764404296875
2.59554386138916
2.5588929653167725
3.0217113494873047
3.315154790878296
0.66796875
3.2971620559692383
2.1078250408172607
2.3132967948913574
3.279231548309326
2.060845375061035
1.1574820280075073
4.730126857757568
1.7764090299606323
2.1605820655822754
3.716310977935791
2.1078250408172607
2.7691361904144287
2.3091068267822266
2.55064058303833
2.2940917015075684
2.976057767868042
3.3458237648010254
2.313384532928467
2.3370869159698486
2.8666274547576904
2.529705286026001
2.181858539581299
2.5084311962127686
3.281421661376953
2.1576385498046875
1.8390499353408813
1.1719259023666382
2.1015899181365967
3.7457659244537354
1.0711181163787842
2.0671377182006836
2.7526793479919434
2.901132345199585
3.299818515777588
2.015927314758301
4.141176223754883
2.7390966415405273
3.640955924987793
1.8246489763259888
2.546414613723755
2.0860843658447266
2.9057905673980713
1.7086986303329468
1.180712103843689
1.268996238708496
2.7995171546936035
1.0563398599624634
3.5334482192993164
2.088226556777954
2.7082362174987793
3.651982069015503
3.3773508071899414
4.320668697357178
2.673344373703003
1.1710413694381714
2.106135368347168
3.3399264812469482
2.133950710296631
2.9443182945251465
1.4883325099945068
3.2171688079833984
0.5986328125
3.450861930847168
4.2232184410095215
1.2683953046798706
4.542099952697754
3.15871524810791
3.229602098464966
2.392035961151123
3.499138355255127
2.0807995796203613
2.360640287399292
3.4471592903137207
1.1271371841430664
2.096550226211548
2.4740822315216064
1.84243905544281
2.0242669582366943
2.890562057495117
2.684366226196289
2.3387975692749023
4.150537967681885
3.492809295654297
2.1141178607940674
3.7745230197906494
1.595324158668518
2.71307635307312
3.3060221672058105
2.0442397594451904
2.3362514972686768
3.5551559925079346
2.9575228691101074
1.5613218545913696
2.5301544666290283
2.097136974334717
2.637986898422241
1.09989595413208
1.3240851163864136
2.7755537033081055
1.725311517715454
1.6179934740066528
1.782289743423462
1.5243505239486694
2.369497537612915
3.3029158115386963
2.230419397354126
0.8525390625
2.8404829502105713
2.0479204654693604
3.5770297050476074
1.8333462476730347
3.2259578704833984
3.7637135982513428
1.8066152334213257
2.386016607284546
4.162109851837158
2.5320591926574707
3.5205533504486084
2.258258819580078
3.775700092315674
1.1098296642303467
2.9101107120513916
3.2162816524505615
2.1497435569763184
2.3193604946136475
2.951873302459717
2.3138012886047363
4.1429290771484375
3.614257335662842
3.560353994369507
1.9836068153381348
2.2631988525390625
0.0
1.7230769395828247
1.5517414808273315
2.503829002380371
2.3199682235717773
3.099024772644043
3.467707395553589
1.4873855113983154
2.4046549797058105
1.92170250415802
4.057182788848877
2.7840254306793213
2.961056709289551
2.470116138458252
2.0799930095672607
2.900012493133545
1.9343955516815186
2.5509607791900635
2.350046157836914
1.6164731979370117
2.338357448577881
2.8889472484588623
1.993682622909546
2.8909709453582764
1.2441651821136475
2.411118268966675
2.939866542816162
2.4352152347564697
2.3783645629882812
2.0926475524902344
3.574420213699341
1.5707643032073975
3.4282939434051514
1.6326237916946411
1.1756389141082764
3.553765058517456
1.4676769971847534
4.10343074798584
2.104637384414673
1.5596586465835571
2.279219150543213
3.541491746902466
1.7169626951217651
2.7740817070007324
1.5321481227874756
2.7366600036621094
3.0420403480529785
0.9189453125
1.8264436721801758
2.8972885608673096
4.340395450592041
1.8445097208023071
2.112821340560913
1.8514978885650635
2.470550537109375
2.312805414199829
1.8717145919799805
3.9757819175720215
2.490978717803955
2.681997776031494
1.0792540311813354
3.2903544902801514
2.7252206802368164
1.843116044998169
2.5446701049804688
3.2250311374664307
1.5185800790786743
3.019402503967285
2.2385692596435547
1.1292563676834106
2.6087231636047363
3.472229242324829
3.3893277645111084
1.5917237997055054
2.5335686206817627
3.2102866172790527
2.5419631004333496
2.416419744491577
1.5434139966964722
1.7690374851226807
1.929206132888794
2.946002721786499
2.881591320037842
2.0550448894500732
2.500784158706665
3.6331543922424316
3.692365884780884
2.9081692695617676
2.422010660171509
1.6533294916152954
0.46222054958343506
3.5656697750091553
2.7880613803863525
2.6580092906951904
2.371199607849121
3.281653881072998
0.1343088150024414
2.4306936264038086
2.7484078407287598
1.5207220315933228
2.31988263130188
2.6367199420928955
2.1027719974517822
2.2043747901916504
1.5832945108413696
3.2246177196502686
1.887215256690979
3.467066764831543
1.5159779787063599
4.320644855499268
1.6533294916152954
3.0837650299072266
2.09956955909729
0.751953125
2.5699222087860107
2.367572784423828
2.5971944332122803
2.5182077884674072
2.7552847862243652
2.447798252105713
3.2520394325256348
2.1076712608337402
2.1606266498565674
2.894672393798828
0.8583984375
2.7165110111236572
2.856341600418091
2.7085044384002686
2.600706100463867
2.9066431522369385
2.4295825958251953
1.524149775505066
